0.0830512 0
0.0829783 7.28652e-05
0.0831849 0.000210756
0.0832388 0.000158485
0.0834574 0.000250703
0.0834064 0.000210939
0.0834123 0.000178372
0.0833257 0.000177099
0.0832908 0.000160042
0.0833134 0.000144924
0.0833246 0.000131568
0.0833429 0.000121495
0.0833376 0.000111886
0.083315 0.000106019
0.0833897 0.000123785
0.0833285 0.00013101
0.0833413 0.000123734
0.0834126 0.000136724
0.0834045 0.000129584
0.0834623 0.000135849
0.0834438 0.000130535
0.0834197 0.000126785
0.0834188 0.00012115
0.0834071 0.000116579
0.0833686 0.000118287
0.0834554 0.000143023
0.083432 0.000139593
0.083446 0.000135242
0.0834668 0.000132145
0.0834354 0.000131476
0.0834354 0.000127165
0.0834386 0.000123168
0.0834402 0.000119387
0.083446 0.000115969
0.0834556 0.00011302
0.0834296 0.000112874
0.0834279 0.000109794
0.0834275 0.000106866
0.0834462 0.000105767
0.0834564 0.000103592
0.0834378 0.000102745
0.0834239 0.00010122
0.0834423 0.000100535
0.08346 9.98037e-05
0.0834446 9.87651e-05
0.0834385 9.67901e-05
0.0834086 9.92967e-05
0.08339 9.89679e-05
0.0833845 9.70841e-05
0.0833725 9.58757e-05
0.0833557 9.54782e-05
0.0833578 9.36481e-05
0.0833529 9.19942e-05
0.083341 9.10536e-05
0.0833552 9.05061e-05
0.0833563 8.88813e-05
0.0833544 8.73285e-05
0.0833487 8.59949e-05
0.0833375 8.52668e-05
0.0833557 8.57771e-05
0.0833581 8.43932e-05
0.0833626 8.31464e-05
0.0833689 8.20534e-05
0.0833795 8.1456e-05
0.0833583 8.29384e-05
0.0833558 8.1712e-05
0.0833626 8.07701e-05
0.0833699 7.99056e-05
0.083359 7.94835e-05
0.0833621 7.84002e-05
0.0833557 7.75471e-05
0.0833454 7.7163e-05
0.0833397 7.63079e-05
0.0833447 7.54372e-05
0.0833549 7.51089e-05
0.0833441 7.48872e-05
0.0833479 7.40066e-05
0.0833448 7.31204e-05
0.0833439 7.21944e-05
0.083348 7.14052e-05
0.0833564 7.10216e-05
0.083354 7.0192e-05
0.0833627 6.9882e-05
0.0833544 6.95366e-05
0.0833374 7.08079e-05
0.0833283 7.05583e-05
0.0833383 7.04463e-05
0.0833353 6.97043e-05
0.0833318 6.90033e-05
0.0833364 6.83862e-05
0.083341 6.77851e-05
0.0833283 6.82298e-05
0.0833305 6.75283e-05
0.0833301 6.68074e-05
0.0833363 6.63857e-05
0.0833385 6.57281e-05
0.0833236 6.67231e-05
0.0833184 6.62451e-05
0.0833044 6.70464e-05
0.0832994 6.65648e-05
