101.52
100.54
101.96
91
107.14
91.94
97.06
108.12
88.66
89.64
79.44
117.24
114.96
98.66
97.38
114.92
70.76
114.66
81.58
94.46
93.16
80.74
142.12
116.74
114.36
86.68
114.96
121.46
83.32
104
117.06
93.82
87.56
86.46
111.78
102.4
98.04
77.94
107.42
98.02
111
97.26
82.3
98.34
128.7
103.36
94.08
113.48
109.62
83.76
102.72
90.28
108.54
97.06
88.84
113.4
89.2
114.1
106.9
72.46
87.88
93.54
100.04
95.62
77.78
82.72
84.52
98.94
101.24
91.64
126.22
94.58
100.64
119.46
120.76
99.44
101.14
105.46
114.8
109.84
102.64
91.34
74.68
82.78
105.22
110.82
133.46
121.74
77.92
95.62
108.52
109.2
97.66
90.58
112.48
78.24
131.84
97.8
94.22
88.48
102.7
103.36
80.86
69.2
89.1
113.56
114.82
102.76
114.58
115.14
81.2
85.62
126.78
96.66
121.04
85.56
73.76
123.92
77.14
83.78
97.84
75.22
117.08
105.6
96.02
67.4
138.5
101.68
104.64
94.52
95.9
74.06
68.78
84.14
76.58
102.7
92.48
110.28
101.62
88.5
110.5
87.4
103.12
106.06
108.4
104.04
117.56
107.58
89.96
98.76
92.22
90.24
102.94
106.52
89.66
90.28
102.34
95.88
129.76
98
89.26
115.08
110.66
91.56
85.72
95.56
82.56
95.52
99.8
89.7
107.22
93.18
108.72
94.56
112.3
107.04
105.76
107.7
95.26
102.76
88
94
126.18
91.48
117.46
102.64
117.98
97.1
84.46
109.62
73.18
97.76
91.52
106.16
72.22
97.22
115.34
96.12
91.66
88.24
107.3
83.88
104.8
100.6
112.62
104.42
92.52
101.58
92.66
99.34
99.2
110.52
95.9
89.88
101.66
103.34
98.38
93.86
111.08
84.16
107.4
108.82
110.92
107.04
90.92
111.92
80.16
88.68
107.5
108.76
89.7
96.76
95.28
96.72
114.66
84.78
102.94
86.22
92.78
104.52
104.38
94.78
88.2
87.32
93.12
93.62
100.38
103.26
90.86
83.26
73.74
88.66
125.44
96.22
103.7
73.7
79.26
102.62
126.48
92.4
92.26
107.06
110.52
100.14
86
103.46
112.86
89.54
88.42
94.96
97.96
135.66
81.32
94.12
112.64
92.88
91.42
107.9
134.8
74.44
129.44
91.14
102.18
99.44
105.16
99.76
116.6
115.78
103.52
90.72
101.5
70.66
120.72
122.38
98.78
95.14
101.76
101.68
88.62
70.54
102.16
113.04
124.42
115.4
97.52
110.72
119.84
89.46
152.18
108.42
112
107.12
100.86
120.44
85.9
99.78
71.44
121.34
93.44
89.28
104.42
84.92
112.9
94.8
88.36
83.08
111.24
67.24
102.1
97.3
100.18
107.52
70.24
115.74
101.96
106.74
101.98
89.32
93.82
106.8
116.66
95.18
89.42
85.76
77.46
103.2
96.22
116.58
102.78
94.42
81.52
98.14
82.92
134.04
92.9
90.8
86.5
98.3
118.62
82.5
80.18
86.34
79.1
89.26
101.88
114.5
102.6
118.34
116.04
97.9
108.12
101.64
103.26
91.74
101.1
102.22
90.18
106.6
84.28
93.44
109.92
98.8
82.24
91.38
98.32
98.76
67.66
87.94
102.62
93.6
101.06
108.82
78.7
89.34
105.4
125.34
78.26
70.26
87.48
89.88
104.98
118.58
108.72
97.56
99.32
160.72
79.66
95.44
88.7
106.18
92.16
79.62
116.64
97.92
105.56
111.36
96.08
95.32
104.4
114.52
108.5
98.42
104.46
84.56
104.04
83.96
72.46
95.5
101.66
72.92
88.58
93.9
75.68
97.98
119.46
94.9
92.94
94.36
107.06
113.42
117.88
91.02
105.62
101.28
104.26
107.74
97.7
95.42
106.84
79.86
91.1
96.74
110.14
98.42
101.84
117.02
108.82
85.74
77.22
73.6
89.5
92.72
94.32
106.5
109.74
100.36
76.18
80.96
93.04
106.84
122.36
118.14
94.84
120.58
79.58
135.82
79.6
96.88
91.76
94.6
76.9
93.34
105.28
100.84
94.1
107.64
113.52
101.12
119.64
99.3
103.5
100.22
91.7
105.16
107.42
93.2
81.52
80.68
96.98
105.14
92
81.82
91.6
90.76
101.64
100
114.9
104.6
100.28
98.6
110.88
107.62
99
135.2
99.54
83.46
95.88
98.5
87.76
103.44
75.02
105.58
111.82
112.82
95.04
78.6
100.66
98.64
98.74
89.24
97.54
89.66
121.8
90.4
119.52
78.32
124.04
97.66
102.38
80.8
97.06
84.16
99.16
118
76.32
116.98
84.68
84.34
77.1
108.9
99.62
90.74
94.9
90.8
109.14
97.34
79.64
102.3
78.52
73.56
95.34
81.4
93.08
98.18
111.84
106.54
90.6
95.96
98.6
88.78
100.88
100.2
83.9
87.28
87.7
74.88
100.44
118.3
111.98
103.72
85.78
91.56
93.24
89.18
94.16
130.5
86.46
102.46
103.2
88.76
96.58
108.06
112.38
67.36
106.94
105.82
89.32
90.64
98.54
83.76
86.1
112.2
113.58
92.58
101.5
88.18
105.94
99.58
96.84
121.32
108.88
84.12
109.98
77.5
96.76
100.02
79.82
111.7
101.62
83.18
91.52
87.1
74.86
117.5
103.7
86.86
116.58
97.18
89.04
92.36
106.6
114.78
123.64
90.76
107.1
84.7
101.78
107.5
93.34
104.78
77.46
124.6
110.84
98.28
81.96
97.42
106.04
90.92
70.78
85.68
86.44
84.76
74.62
104.06
108.62
104.34
99.18
114.08
91.74
91.2
104.02
102.98
96.4
99.3
123.3
99.64
98.14
113.28
104.64
87.54
87.46
106.58
103.26
99.58
78.7
98.14
105.06
70.58
87.38
98.24
89.28
118.86
118.18
107.62
111.18
94.06
114.84
107.82
137.68
87.32
119.56
111.4
90.88
86.28
115.88
132.72
79.92
103.54
95.66
95.22
94.56
111.46
94.3
106.52
98.84
118.52
92.24
106.78
104.94
118.1
107.4
84.2
90.28
105.46
101.62
92.18
110.68
98.02
92.24
116.6
128.04
113.04
101.06
89.34
109.2
79.7
85.52
77.44
107.36
97.54
101.5
90.3
70.84
91.18
110.12
86.58
117.68
96.92
116.1
113.56
105.6
96.22
99.98
96.06
96.66
75
120.56
87.4
115.44
84.68
108.34
102.8
85.74
95.78
123.58
151.44
120.5
103.28
97.52
109.52
98.38
100.1
105.02
84.96
83.94
91.68
98.2
88.94
114.78
96.02
103.94
105.84
108.9
111.28
91.9
109.62
84.84
98.8
81.98
85.06
85.44
85.06
85.24
92.62
118.28
138.22
98.26
96.84
84.74
99.82
110.88
103.16
113.38
105.74
95.66
101.5
85.9
90.94
98.86
104.8
107.48
135.06
73.54
98.06
117.46
109.08
112.74
99.5
96.28
82.16
98.34
94.72
107.7
84.56
85.72
89.04
107.38
113.96
83.58
93.4
101.58
90.54
102.16
110.92
86.06
73.66
133.32
80.08
103.02
114.18
104.66
93.86
104.7
83.2
103
97.94
80.9
81.12
118.72
90
115.28
94.02
112.88
97.16
77.48
72.7
83.92
89.4
75.88
103.16
96.56
84.12
86.26
109.54
97.1
87.18
108.38
103.96
113.6
97
112.02
104.88
105.1
95.38
89.42
91.26
90.08
114.56
107.54
104.7
80.52
91.64
110.64
84.18
82.22
86.38
79.46
117.56
122.26
128.16
108.74
100.32
97.34
101.86
90.96
104.76
83.14
84.26
111.58
117.42
104.42
109.58
90.76
131.7
91.12
111.9
103.04
114.54
87.48
142.92
82.98
99.88
118.32
70.7
104.22
115.36
92.36
104.78
97.12
85.84
75.38
106.86
82.6
80.9
121.28
86.26
104.6
92.64
82.6
105.28
125.8
91.82
79.16
95.04
91.92
126.38
106.32
90.82
84.12
95.54
127.2
97.92
88.4
76.18
104.66
94.24
100.44
84.76
100.94
81.78
86.56
103.56
120.28
95.12
91.24
87.94
117.7
99.78
104.86
86.12
80.62
117.8
99.38
54.96
107.98
92.3
83.3
88.14
111.12
92.28
75.76
95.26
112.94
114.22
111.26
107.56
101.34
74.12
110.8
108.68
87.14
97.62
121.32
86.68
99.16
95.96
118.44
66.84
110.72
113.48
104.92
74.54
109.7
99.96
117.8
79.48
98.2
83.08
82.14
101.2
80.5
105.8
111.38
117.1
103.7
109.84
89.42
76.22
114.78
89.68
104.88
95
92.88
111.42
108.2
72.36
109.68
96.9
105.28
105.32
99.62
93.56
95.94
101.1
116.9
94.4
107.7
100.76
119.92
100.72
115.4
74.4
84.2
114.44
108.76
104.02
95.94
131.22
103.84
151.64
86.66
116.12
109.54
103.8
111.18
121.54
96.08
125.94
79.44
94.58
92.12
108.12
87.64
104.6
101.12
115.16
126.4
88.56
91.46
97.76
86.7
111.18
71.4
116.58
87.9
105.88
78.02
100.66
100.98
106.38
100.44
99.88
83.08
111.3
93.12
99.64
83.42
81.22
113.04
96.76
108.64
93.36
99.48
82.72
103.74
100.26
98.14
104.08
93.42
104.76
101.74
98.92
91.06
94.5
80.38
112.94
96.6
113.96
90.66
86.4
122.96
100.94
108.26
94
97.84
84.22
93.84
104.08
97.1
117.24
95.7
94.2
97.06
97.78
106.64
84.3
107.66
104.2
107.78
117.2
117.5
110.86
108.12
105.64
99.12
98.92
93.96
148.26
107.48
99.74
113.64
105.34
143.1
106.3
99.02
93.14
92.52
112.44
89.98
86.92
112
88.9
103.12
98.36
107.2
73.02
106.76
92.8
96.98
113.98
108.62
87.34
116.44
81.38
81.28
91.86
96.8
110.4
107.52
110.08
94.58
93.86
92.14
128.24
92.84
132.5
99.36
89.72
129.24
105.88
99.3
98.68
95.52
98.22
97.64
118.5
110.68
92.88
92.94
111.74
135.42
91.26
99.34
89.18
108.04
125.44
105.24
88.96
120.32
111.88
108.3
95
91.18
99.24
101.22
95.3
82.74
96.42
119.42
129.38
97.4
98.22
95.96
104.54
107.88
90.46
78.82
96.68
90.9
106.62
94.6
113.04
95.88
108.94
118.04
98.52
94.9
106.14
109.82
72.72
102.42
96.18
91.08
95.9
127.48
90.86
105.16
95.1
100.74
104.22
100.94
77.1
121.7
89.96
111.12
126.68
132.28
107.18
123.76
100.5
100.44
104.14
85.76
94.56
120.94
94.84
87.9
115.34
80.2
74.16
93.8
81.5
106.1
112.98
107.94
93.76
92.24
70.44
100.78
101.72
117.26
79.88
96.32
116.46
86.64
98.84
111.92
132.44
91.38
72.2
129.54
102.66
119.42
98.38
71.58
104.34
104.94
122.42
84.2
79
80.82
105.3
84.32
85.34
98.04
105.74
101.06
107.12
101.02
135.88
91.08
103.22
99.22
118.52
109.86
121.22
94.5
101.7
99.16
115.6
101.54
105.76
92.68
103
101.04
103.62
110.04
94.94
93.86
83.5
80.92
109.28
107.56
76.84
102.34
103.42
105.94
86.56
96.78
116.4
88.44
82.52
79.46
112.14
93.26
85.24
85.52
99.72
98.78
120.12
88.22
104.58
112.28
94.18
90.76
113.16
110.72
105.82
111.12
89.46
99.28
99.06
129.26
128.52
98.84
94.4
82.78
110.8
97.28
100.22
86.28
75.52
75.1
78.32
89.54
75.44
117.86
78.98
84.74
97.24
125.3
85.84
104.84
108.82
90.92
74.46
110.54
110.76
102.8
102.46
118.8
107.18
99.04
106.4
90.04
96.32
106.66
91.42
98.42
110.36
107.12
97.76
103.92
101.88
88.04
98.8
94.12
96.32
77.58
104.86
91.14
109.1
103.26
110.94
96.54
91
115.42
128.78
120.8
107.18
101.9
91.66
121.66
89.4
114.82
104.36
107.14
98.96
93.34
106.54
103.04
81.5
102.46
120.5
97.7
90.12
110.86
117.84
132.64
94.9
89.4
79.12
93.44
91.3
80.82
84.66
111.14
95.32
74.84
106.96
121.3
97.44
119.32
91.98
94.14
102.8
121.06
86.96
86.14
107.42
94.7
99.86
112.82
109.6
128.64
117.84
78.74
100.14
112.58
102.68
134.82
103.76
128.9
131.08
120.36
105.76
94.64
87.6
131.5
82.74
119.58
105.7
125.92
116.42
92.62
108
95.72
91.66
76.82
101.72
102.56
75.78
98.54
102.18
109.18
122.92
108
101.12
135.68
102.36
135.14
106.28
74.9
98.34
107.02
83.38
76.78
97.88
93.78
161.1
96.82
117
91.1
81.08
97
130.4
90.52
113.82
109.14
104.98
91.6
124.76
100
84.24
92.3
97.98
79.08
107.34
73.56
48.16
105.5
113.94
119.84
116.78
83.42
75.24
115.96
97.02
72.5
107.36
85.4
95.48
95.26
96.52
105.06
84.58
96.02
91.54
108.84
104.3
92.02
123.98
89.36
105.38
103.26
81.1
111.02
81.62
112.1
111.4
83.8
103.84
107.7
95.24
81.88
114.22
114.16
92.28
112.4
93.18
92.74
95.92
104.34
97.36
100.12
74.18
89.94
83.74
104.54
116.08
97.46
127.44
106.32
99.42
81.84
82.92
83.94
86.94
111.08
94.48
95.52
118.5
92.64
82.52
105.5
105.18
90.82
94.44
81.74
117.16
73.22
95.6
103.06
96
80.14
109.16
96.74
103.6
105.36
88.24
71.84
119.98
94.06
73.88
98.22
115.66
105.08
100.8
118.2
93.36
83.3
95.54
88.2
100.42
93.78
126.18
95.3
91.34
104.42
108.88
88.62
101.06
93.98
93.06
104.1
73.08
114.58
125.78
115.74
68.28
85.02
127.94
90.52
98.88
117.02
107.48
115.6
82
82.22
79.16
76.38
110.7
111.66
102.78
97.58
93.28
114.68
100.84
106.02
90
98.76
99.6
106.8
87.26
95.18
84.44
109.98
94.5
105.74
96.36
128.7
86.6
111.66
97.22
107.28
112.58
110.68
98.48
91.1
95.7
74.7
106.92
106.4
106.26
85.54
88.62
76.56
89.5
133.7
119.14
91.22
97.16
77.02
111.66
101.28
109.2
90.3
97.8
90.4
84.28
85.86
114.36
84.72
82.48
89.7
118.68
98.2
131.96
107.9
96.7
101.28
96
105.26
107.34
101.22
80.88
97.4
92.28
106.4
108.86
81.08
100.82
84.54
76.48
96.74
84.3
90.5
78.14
93.24
136.16
105.24
115.54
95.92
97.42
82.8
104.26
99.02
82.26
109.02
86.36
94.08
102.2
122.06
99.3
121.7
87.92
69.94
91.08
113.18
103.34
102.52
102.24
114.98
79.94
80.8
93.02
112.9
92.62
117.94
94.12
93.98
86.46
93.2
111.64
84.52
100.1
88.62
96.8
97.28
102.38
78.94
132.66
81.86
122.2
92.76
104.98
120.2
90.56
100.22
104.52
85.58
90.84
81.08
112.32
108.06
109.94
100.86
100.52
140.78
90.22
93.56
91.06
105.36
106
119.46
89.18
89.82
100.38
91.96
105.38
105.3
117.18
75.84
113.52
96.84
99.16
105.6
97.72
101.94
109.96
108.98
88.94
97.06
103.2
105.22
98.56
99.82
96.5
76.38
98.42
92.16
104.5
98.84
100.48
93.98
87.66
103.72
106.02
87.8
71.24
91.18
102.42
133.24
100.22
134.44
110.78
86.18
100.5
101.76
113.16
100.26
106.44
73.72
104.32
93.76
96.3
93.84
100.42
83.72
100.16
109.4
69.5
99.42
89.1
97.36
83.94
95.2
89.1
102.58
118.24
75.32
81.16
72.18
90
92
95.56
74.44
60.78
92.66
104.22
103.36
96.1
87.84
80.2
83.22
84.62
98.92
114.44
113.2
95.72
90.06
101.08
92.32
83.74
98.28
87.08
79.88
122.78
131.06
102.84
78.72
103.58
88.42
99.58
100.38
89.44
87.7
91.04
94.76
96.24
102.66
94.04
90.96
105.68
85.24
129.76
101.16
98.48
109.5
93.4
98.26
79.2
92.16
84.92
100.48
93.28
122.52
100.28
123.14
100.52
115.74
86.2
107.62
78.96
105.18
108.14
83.74
106.74
124.6
113.32
94.04
97.16
82.26
70.06
90.3
91.68
105.98
115.42
101.54
98.42
103.48
100.34
97.66
128.46
96.76
83.92
118.62
101.26
76.4
95.12
82.38
106.06
96.64
104.82
116.38
82.92
99.12
107.7
95.9
105.44
117.68
83.4
90.74
117.4
90.3
101.44
96.8
115.32
79.76
98.06
107.5
82.1
97.24
102.1
100.74
98.86
97.98
98.96
110.44
95.2
79.68
114.84
106.96
92.58
113.74
88.92
86.34
102.8
90.94
87.72
82.16
103.42
104.7
68.5
98.66
97.18
94.02
99.78
111.36
136.52
99.3
106.52
111.56
87.02
137.1
99.48
81.44
90.48
85.84
105.14
98.1
119.94
88.98
112.16
94.56
113.36
102.7
91.92
87.1
77.88
102.26
134
76.38
87.94
112.2
101.12
104.68
120.72
103.64
107.98
90.82
95.36
105.98
113.84
112.56
122.64
98.46
101.14
92.1
106.42
72.18
92.74
77.96
101.9
107.46
119.38
88.72
90.14
96.38
93.38
106.64
100.28
100.88
91.02
100.18
84.28
102.46
96.14
107.14
100.52
110.02
100.72
128.72
96.28
123.32
78.02
100.88
107.06
109.94
104.04
105.24
117.62
93.06
77.86
121.32
73.9
92
94.36
90.32
108.34
116.6
113.42
98.28
95.02
108.14
78.36
100.44
90.94
124.46
85.16
64.92
108.54
128.52
98.12
97.92
78.68
92.32
71.2
103.8
82.3
115.16
106.18
70.54
87.26
131.58
84.9
123.04
90.9
104.62
106.86
122.14
89.92
91.12
87.92
100.14
97.26
80.12
96.58
106.64
89.7
98.18
100.58
103.38
96.56
89.76
112.2
109.22
79.96
84.24
83.28
107.96
92.76
80.76
86.46
78.02
100.9
82.06
115.26
87.64
114.2
99.64
94.48
91.04
98.86
96.82
87.12
107
91.96
84.96
90.52
70.92
89.92
97.8
115.48
105.32
80.82
101.04
83.54
79.04
88.02
123.46
101.3
91.92
110.72
82.74
112.28
120.26
122.8
100.08
70.12
102.62
84
123.5
104.4
108.24
114.1
97.12
116.02
90.88
74.48
104.78
101.48
113.72
93.14
89.16
107.86
101.02
98.78
108.74
86.94
93.94
88.18
93.5
101.3
103.12
88.56
111.78
108.42
82.74
93.18
91.4
126.42
75.96
83.2
107.12
97.3
69.56
117.58
114.38
88.4
110.38
97.98
79.68
93.3
114.4
96.84
124.06
83.14
81.9
94.42
106.92
84.42
108.92
83.54
81.66
128.36
75.96
122.06
105.64
105.52
94.98
105.14
95.28
118.9
106.22
91.7
88.66
78.18
123.18
99.32
127.32
113.6
101.38
105.26
112.14
96.28
74.58
87.1
87.86
101.16
86.66
106.42
100.06
121.32
114.48
79.38
94.76
100.38
99.5
84.86
98.32
92.72
87.2
102.98
93.92
96.26
98.72
100.34
109.2
104.28
128.52
88.5
90.06
126.98
95.78
107.3
86.26
97.98
76.76
91.36
113.78
87.88
98.82
98.12
114.22
97.42
104.14
95.6
104.52
111.58
94.42
92.24
86.76
89.48
108.66
101.66
100.52
102.24
84.44
91.08
94.74
85.44
81.62
120.76
84.82
99.24
94.1
97.38
105.58
111.02
117.94
102.42
102.94
98.7
85.84
87.5
82.7
91.42
95.2
114.72
87.06
123.36
84.7
92.12
108.78
87.1
104.8
89.28
97.86
111.46
114.88
74.64
94.6
97.12
113.24
88.32
97
85.1
108
116.88
129.1
96.08
104.66
80.92
103.82
102.84
102.54
135.68
102.48
95.86
109.96
113.64
83.1
91.38
88.64
83.62
110.96
119.16
69.88
104.98
79.14
111.42
107.82
79.86
110.66
122.62
120.6
87.48
98.24
98.08
103.3
83.08
73.2
108.02
105.48
104.3
101.54
88.14
115.8
84.44
96.74
85.12
122.08
110.38
85.24
123.02
78.68
107.78
120.32
102.72
92.5
109.4
104.66
93.42
85.92
128.18
97.6
89.42
104.46
73.54
109.82
86.46
79.58
106.04
99.36
79.02
98.16
89.16
111.42
104.7
105.62
107.16
93.76
96.54
81.48
72.88
102.46
110.48
104.04
98.16
97.38
96.8
85.82
115.06
63.56
81.2
92.96
104.74
112.42
126.18
98.38
86.36
109.1
102.62
85.02
96.14
115.64
97
88.64
102.64
103
93.98
128.36
93.46
111.22
99.06
102.78
84.1
122.16
88.16
99.34
108.76
116.66
115.2
72
108.46
113.46
97.6
72.5
110.9
127.04
102.98
103.74
92.34
90.5
89.04
90.56
126.64
104.12
87.34
152.6
81.36
111.34
82.28
104.32
113.46
106.26
89.8
79.74
119.14
96.64
122.06
89.64
96.62
90.92
85.58
117.2
124.78
96.98
108.8
76.72
99.28
110.12
85.48
103.88
88.46
101.96
92.92
100.62
120.78
106.74
78.18
90.5
106.88
108.54
132.54
91.54
103.1
122.16
70.5
145.9
117.14
101.04
99.2
83.04
112.76
91.78
116.48
100.66
96.82
91.28
105.94
73.14
86.74
95.52
83.92
106.68
96.06
78.64
102.5
88.98
78.84
95.66
97.02
87.76
94.52
77.18
95.98
99.92
89.66
77.8
100.16
111.24
88.04
92.58
93.12
104.68
90.44
93.58
85.66
102.02
96.4
98.24
107.42
115.48
102.68
112.16
118.8
77.92
77.52
85.9
78.28
123.34
112.5
94.22
99.62
86.66
100.56
91.12
113.42
84.04
114.06
111.86
96.36
92.44
110.1
94.9
130.84
89.86
118.52
90.88
71.96
70.3
74.54
104.06
99.24
91.24
106.28
98.08
77.8
97.18
114.06
99.76
101.12
98.8
82.54
88.92
71.44
129.74
89.24
105.74
82.44
139.56
102.6
121
104.8
117.78
70.22
92.42
100.68
110.4
85.96
86.98
76.74
120.94
93.46
81.9
96.06
95.2
102.8
96.2
78.5
94.98
109.18
111.86
90.24
113.42
102.46
79.38
91.42
97.56
83.68
119.04
100.96
91.58
87.26
93.5
101.76
130.92
125.44
85.56
115.26
98.62
104.02
118.36
103.3
115.24
100.4
94.68
105.82
107.82
96.04
126.24
97.36
113.96
111.82
83.26
100.08
86.18
109.12
103.5
121.86
110.64
89.22
96.1
92
100.24
95.74
68.2
108.44
98.62
99.32
110.86
91.76
108.54
100.18
97.82
82.68
70.48
93.06
96.36
113.54
124.36
97.3
86.54
113.94
84.14
110.9
89.3
103.88
121.7
105.4
94.36
105.72
116.64
119.44
74.6
88.26
100.98
149.5
83.42
91.32
119.58
109.88
92.92
101.5
73.9
101.04
86.56
98.2
68.72
95.08
106.2
75.06
84.02
97.68
82.78
75.64
105.06
94.86
97.32
88.22
91.46
116.38
118.32
104.64
79.3
136.88
93.76
98.34
87.86
95.1
78.56
95.24
78.9
97.46
90.08
96.34
89.4
95.18
98.36
85.32
94.7
104.16
86.24
85.42
90.72
92.38
91.36
111.12
100.98
112.98
96.96
107.88
124.8
116.82
105.2
83.78
110.42
98.96
111.7
86.14
106.76
88.26
103.66
90.62
100.78
127.54
87.32
110.46
117.48
96.92
92.12
84.72
97.18
117.96
89.1
83.94
91.12
101.5
94.04
99.14
111.56
102.94
95.46
136.2
111.52
91.28
116.82
116.78
104.18
102.84
116.38
75.14
131.32
97.1
76.08
85.8
125.38
92.6
98.8
107.3
108.98
93.72
95.98
124.98
94.58
84.48
84.32
114.52
106.12
100.26
90.18
86.1
89.46
75.68
114.36
88.6
100.76
91.56
94.82
109.26
88.64
102.72
112.1
119.76
101.04
89.18
71.4
100.28
89.74
125.98
94.48
102.66
113.04
110.26
97.88
116.88
82.8
103.3
89.06
92.68
84.58
96.8
100.76
108.82
121.62
93.6
106.2
110.68
98.24
91.56
91.66
99.22
91
81.3
108.74
102.6
83.02
109.16
105.12
107.62
82.12
101.12
101.3
110.76
91.82
120.62
98.2
99.96
109.12
81.36
106.16
91.18
126
104.8
87.92
88.4
96.22
98.58
85.04
94.74
91.58
85.3
95.64
97.32
89.72
81
72.58
122.54
106.98
88.32
113.08
75.94
110.86
115.08
103
94.86
102.28
105.68
63.44
77.54
110.38
94.68
72.22
113.26
79.88
101.36
122.04
92.32
87.08
92.42
81.16
81.3
105.02
89.74
112.78
90.2
109.44
69.74
96.02
84.78
117.82
99.24
87.22
88.96
98.58
89.04
109.52
95.7
81.82
78.36
83.1
109.64
71.6
119.76
90.58
86.68
93.26
105.18
118.12
95.7
105.72
107.14
114.92
81.9
89.5
103.36
95.54
108.52
83.4
113.54
95.3
94.68
70.1
106.7
78.34
102.16
99.68
104.88
120.26
83.78
82.4
98
108.6
72.68
91.88
111.04
92.4
90.1
89.62
109.42
92.76
113.04
81.2
91.32
127.48
72.3
59.64
101.34
93.78
105.02
85.3
117.36
74.04
76.06
93.32
77.72
94.7
100.96
109.8
97.04
83.16
100.84
111.68
110.52
98.32
119.6
90.72
98.02
88.44
123.02
102.74
78.8
80.86
110.68
122.7
100.04
97.48
93.44
96.5
89.24
91.94
89.74
101.9
108.54
89.5
90.96
124.32
98.64
110.68
114.32
114.88
120.86
104.66
106.52
83.88
102.26
91.38
113.42
105.52
118.6
113.48
70.4
122.82
92.76
85.3
122.12
105.18
102.74
102.8
106.62
99.74
76.86
78.18
105.68
118.88
93.82
104.2
103.56
101.42
85.12
101.7
91
115.18
98.16
105.9
82.96
78.24
109.78
107.02
113.22
75.86
113.38
117.54
109.1
87.74
84.16
98.98
110.42
119.78
93.64
98.28
76.3
124.5
90.14
117.54
106.08
97.94
112.34
130.18
112.54
73.7
84.66
100.9
73.68
104.02
89.92
104.66
101.28
98.46
96
80.3
91.28
88.52
103.02
85.04
138.8
95.94
100.82
89.6
103.96
100.22
72.26
90.5
93.72
125.78
92.52
81.46
105.98
114.14
112.1
92.8
99.28
80.2
128.46
106.96
90.88
75.3
103.56
81.58
95.42
102.1
82.1
82.04
121.4
91.9
106.86
91.4
95.66
114.76
111
92.8
89.7
78.3
90.76
100.96
96.4
84.02
99.96
121.04
103.24
97.24
102.6
98.5
99.64
97.92
98.28
102.1
101.02
87.9
94.42
120.66
90.16
79.68
81.8
98.64
86.96
114.12
79.88
124.06
93.64
116.32
110.86
78.4
79.1
107.24
102.34
100.84
109.04
107.4
94.84
99.6
114.94
121.44
87.54
86.8
97.18
102.94
102.94
81.3
125.76
85.84
94.88
96.02
89.68
86.96
97.54
88.12
102.88
118.96
120.22
114.86
102.1
90.02
98.82
99.82
114.6
86.02
114.54
140.24
93.42
100.22
118.08
97.28
94.22
95.24
93.36
87.7
91.32
100.64
105.22
95.74
99.18
109.2
92.46
105.86
97.22
88.2
101.06
128.08
103.26
93.66
91.86
87.26
104.76
102.28
96.78
128.96
97.8
104.44
108.96
85.54
83.9
91.02
79.22
89.84
94.8
90.66
103.72
103.5
91.84
97.48
110.2
83.04
111
112.56
81.44
126.86
118.26
89.64
97.6
104.26
85.24
93.86
119.1
96.1
101.22
81.18
90.18
92.12
120.54
126.06
158.36
111.86
92.68
75.22
86.68
85.56
101
93.52
105.1
88.58
113.72
106.2
85.9
83.42
96.02
106.38
94.46
81.22
108.4
114.24
107.36
113.78
77.86
81.58
110.46
106.28
102.56
105.76
99.16
86.66
108.14
106.52
85.56
126.86
98.02
103.4
103.28
114.52
123.64
107.74
108.52
105.42
74.2
89.66
93.7
75.78
112.6
96.62
128.94
94.76
110.52
95.96
99.86
110.16
109.82
116.28
93.46
99.06
103.96
97.2
92.9
100.06
131.62
98.34
74.68
111.96
92.86
91.7
94.04
101
83.38
95.34
112.68
105.3
114.72
107.9
83.82
96.3
111.64
77.82
87.16
118.4
123.5
66.56
109.62
96.98
78.62
99.14
116.38
81.3
106.72
110.32
84.24
99.46
82.88
104.88
97.34
108.9
102.92
117.06
116.08
102.18
102.48
103.56
97.68
100.66
78.72
87.78
80.34
122.34
99.9
98.78
93.14
108.18
103.84
104.84
102.48
78.68
117.48
110.7
93.34
100.92
112.26
113.28
112.26
117.42
121.92
94.88
107.26
103.8
104.62
99.78
78.3
82.7
121.66
119.76
89.74
89.6
85.06
98.18
100.46
97.36
105.28
104.58
109.42
97.98
84.9
118.78
108.8
97.2
89.84
103.66
99
109.68
127.76
124.88
95.14
109.1
99.02
111.02
85.02
87.18
90.54
94.84
100.84
116.2
118.98
83.56
97.64
120.8
104.2
99.24
80.78
113.42
80.44
98.76
106.08
112.72
90.32
69.04
111.86
77.42
118.32
89.7
119.94
97.92
84.98
99.82
84
112.5
102.34
94.06
107.56
116.42
111.06
95.04
81.88
99.12
87.16
110.12
92.64
82.12
131.62
119.2
93.64
99.42
70.04
120.54
95.38
104.76
101.96
102.3
99.12
89.16
118.26
88.06
100.38
110.04
78.82
111.3
93.9
105.92
90.92
90.72
132.36
72.22
81.2
122.6
123
101.7
88.26
98.34
98.08
95.12
91.72
88.46
95.06
92.62
109.76
88.38
102.9
95
104.68
94.74
64.34
98.28
128.76
79.86
109.78
105.46
69.26
87.64
79.52
120.04
104.62
85.46
115.26
98.08
84.8
81.08
131.12
95.86
78
76.34
104.4
97.42
102.84
104.64
128.48
102.62
89.88
96.9
90.72
79.74
86.14
94.06
108.48
119
94.46
95.92
80.98
108.58
98.02
81.96
112.7
126.48
88.48
93.86
106.06
77.56
91.48
115.42
104.56
95.1
88.54
103.52
84.58
107.1
75.42
88.68
96.72
91.82
101.8
100.14
104.08
87.8
94.6
95.58
97.44
100.88
100.98
67.12
114.6
97.7
98.24
123.98
91.28
75.14
89.58
113.1
97.66
95.88
103.26
100.12
93.98
89.44
138.2
90.52
97.92
96.34
105.5
93.46
102.8
96.78
110.48
88.54
97.62
86.64
96.8
109.24
98.7
119.74
108.96
91
122.16
84.12
101.16
86.94
72.98
122.14
104.26
71.34
100.38
83.62
93.1
115.38
104.64
82.58
87.08
122
114.74
100.8
95.54
80
118.52
96.26
98.66
92.76
85.56
92.3
81.92
107.22
86.62
109.74
112.44
86.5
101.02
93.58
114.98
105.96
90
97.78
123.98
104.94
112.56
100.4
107.52
110.58
113.94
79.74
121.48
74.58
80.28
126.94
99.78
107.56
113.58
112.56
135.8
99.02
112.38
114
107.96
95.22
120.84
91.12
109.74
92.7
96.44
87.2
81.66
112.86
88.98
117.78
127.16
120.86
98.44
95
91.04
116.14
86.48
81.8
114.38
114.94
106.76
119.84
78.18
94.8
88.04
101.36
97.48
145.9
108.08
108.6
95.56
99.4
103.68
111.74
102.84
89.06
121.86
124.64
100.5
86.9
119.22
85.82
96.84
80.98
82.16
107.88
105.14
92.68
105.36
96.3
98.12
83.6
95.68
84.04
102.58
71.16
87.3
70.36
107.46
88.74
104.26
101.54
79.56
94.98
133.98
103.1
90.4
110.34
97.22
96.66
100.1
104.08
86.3
91.96
91.82
111.56
99.2
93.82
94.14
97.92
102.72
84.76
98.4
99.42
107.34
73.42
93.76
113.36
100.68
110.4
98.7
110.32
93.12
96.3
91.42
87.88
94.58
118.2
82.28
96.52
119.2
90.48
94.1
106.62
103.94
84.1
92.84
88.74
103.76
108.32
94.2
86.54
110.22
83.36
78.24
90.36
104.68
105.72
126.42
123.7
108.28
84.52
103.96
103.48
114.8
103.82
79.86
110.34
94.3
80.3
88.62
118.1
94.28
95.5
103.64
102.18
108.26
100.64
110.52
94.5
102.92
97.58
87.2
119.86
105
100.52
76.72
114.74
121.42
94.7
89.04
98.34
93.08
95.44
100.36
124.76
125.74
91.08
89.96
134.22
110.68
89.68
61.08
94.66
100.84
82.42
100.42
123.38
95.26
113.12
110.82
89.22
113.08
119.68
97.2
88.62
108.06
107.32
77.4
97.22
93.14
119.44
110.64
101.72
121.02
109.76
83.24
116.66
102.56
114.26
107.52
102.32
84.8
90.7
107.96
105.08
94.94
96.04
103.6
98.04
116.92
73.82
110.32
87.68
73.92
85
81.76
85.08
105
88.28
113.88
130.94
127.84
103.44
100.48
101.34
102.88
105.3
116.12
132.98
97.22
91.38
144.8
89.1
111
124.22
86.58
79.38
92.34
83.74
78.1
70.54
103.66
121.04
113.92
110.18
99.38
110.4
99.38
121.64
100.32
86.32
83.9
107.6
72.82
121.28
118.92
105.36
109.1
102.3
104.78
117.86
94.32
107
127.02
122.34
100.94
94.9
105.36
93.34
87.08
85.88
130.9
83.06
87.98
118.7
97.46
90.96
116.58
85.18
96.84
94.9
70.28
95.28
78.66
105.3
114.7
102.44
74.76
84.22
68.26
109.58
111.94
93.54
117.66
89.66
76.52
106.36
95.06
93.24
94.48
91.38
101.74
84.34
106.58
135.96
83.8
123.48
119.04
111
83.64
109.9
99.7
89.32
95.72
89.86
91.84
91.74
83.88
93.98
80.12
126.8
113.96
83.76
111.3
86.26
105.38
119.5
114.36
89.28
97.4
87.88
120.82
81.96
103.36
85.42
91
74.36
106.78
128.66
108.06
127.24
116.56
75.96
83.84
90.68
84.18
93.54
145.72
90.52
89.36
91.16
94.6
93.34
70.32
94.22
93.3
85.52
90.82
93.62
101.38
116.54
111.36
99.28
92.88
111.88
92.78
102.14
99.82
96.52
92.72
102.66
70.4
78.58
114.76
101.74
97.4
91
98.9
97.38
97
97.8
98.26
90.74
121.38
82.38
98.12
109.64
97.22
92.3
80.08
92.22
91.28
114.78
83.76
82.72
106.84
90.42
111.12
107.84
103.32
108
112.34
70.8
113.84
87.74
72.52
104.66
102.82
103.02
102.26
101.52
98.22
86.3
110.26
107.86
86.7
80.82
104.76
101.14
86.14
89.84
113.28
93.12
94.18
87.54
90.3
96.34
85.92
83.74
88.7
123.24
119.26
84.88
120.14
111.18
100.6
122.4
86.24
85.58
106.32
93.06
128.7
124.12
106.32
99.54
99.36
112
107.82
91.2
111.62
116.28
95.66
121.02
96.7
87.04
113.36
100.72
100.52
95.76
89.42
96.5
83.18
74.38
111.52
106.44
81.96
115.7
113.82
114.18
69.82
82.8
108.34
94.56
83.56
100.76
90.08
91.1
97.52
119.12
89.86
97.3
110.24
102.2
104.6
128.82
75.02
96.82
106.62
88.96
79.52
98.04
84.74
110.08
83.38
78.72
93.28
76.2
106.94
87.74
91.88
123.88
99.64
102.34
110.24
91.62
94.34
91.28
87.26
104.36
90.82
107.28
93.02
98.22
112.6
127.58
102.5
81.8
96.06
112.12
95.18
106.1
110.88
95.6
77.76
107.9
132.46
93.66
80.22
115.58
91.64
113.46
140.04
94.32
69.06
102.62
87.28
129.8
83.84
111.58
88.42
103.86
107.1
123.94
108.38
108.72
88.96
104.48
96.36
114.2
109.44
96.04
88
107.6
84.04
129.82
89.78
96.32
109.74
94.8
88.76
87.5
90.9
111.94
98.46
107.64
84.42
94.86
120.84
73.96
84.88
108.68
76.26
83.6
91.68
82.1
94.42
83.8
89.28
96.98
126.24
112.82
95.8
87.76
83.58
96.36
77.38
80
93.82
95.6
78.74
117.84
111.68
132.06
100.42
90.3
116.72
117.26
88.84
98.36
117.66
99.1
88.5
91.28
87.1
102.8
99
85.56
94.98
90.16
90.9
118.6
112.12
91.34
81.28
98.5
90.22
111.56
93.64
90.38
103.66
88.92
87.04
114.5
100.16
86.74
96.2
103.98
94.92
97.8
108.78
80.88
106.6
78.9
80.66
104.04
99.94
92.94
91.08
101.34
101.68
104.98
111.24
102.66
130.32
119.56
101.7
79.16
104.12
109.54
93.48
96.26
88.42
97.24
101.12
93.08
119.28
77.38
104.34
102.74
106.78
96.02
108.4
92.08
101.78
117.44
91.66
121.96
85.68
74.96
102.94
110.06
113.72
94.24
83.14
95
92.36
100.44
111.1
120.22
80.02
128.72
117.12
120.92
103.66
91.56
99.92
114.34
103.86
112.76
92.72
92.04
119.16
89.06
112.96
99.16
88.02
100.96
84.94
117.52
89.88
102.3
130.08
79.72
86.92
100.72
99.86
140.04
94.02
77.94
82.34
101.44
133.62
106.1
94.28
110.58
116.84
102.22
83.96
109.28
123.12
86.82
80.62
89.5
85.16
97.68
116.38
125
102.9
92.54
105.28
121.12
94.06
64.66
92.44
96.1
104.46
107.64
108.68
72.14
108.6
94.02
96.42
97.24
122.84
92.76
96.44
98.66
103.54
81.44
105.7
111.68
81.52
110.98
101.82
112.94
93.62
90.24
95.78
91.38
110
125.62
87.56
101.98
102.5
105.52
113
97.22
102.36
92.38
89.94
81.82
85.54
97.14
92.68
85.96
103.26
105.74
123.36
119.16
97.26
88.36
99.36
109.84
96.56
138.22
99.3
100.08
110.24
84.24
113.34
91.1
92.98
107.7
108.16
111.62
107.52
76.9
127.56
87.74
106.06
121.88
92.78
92.32
92.76
103.1
74.88
100.4
95.54
75.24
140.54
103.32
90.26
93.84
106.04
86.08
103.62
126.78
118.62
125.84
107.86
109.18
112.3
111.84
120.48
88.42
116.12
85.36
96.46
106.72
109.2
118.4
116.56
100.62
116.38
94.54
80.72
95.06
92.66
102.32
96.58
100.9
97.8
101.92
83.24
134.42
104.8
99.16
105.66
123.38
109.94
109.38
102.54
99.08
112.14
82.2
142.48
88.08
101.86
116.82
92.1
110.8
94.02
110.5
111.46
104.7
98.78
111.28
105.64
84.46
105.48
95.78
113.48
83.84
65.2
93.42
100.76
100.86
104.3
103.2
91.62
89.3
90.9
129.24
103.12
103.72
94.1
87.72
94.82
96.72
101.14
97.58
89.18
116.18
111.08
100.84
113.66
108.04
64.86
98.94
106.92
86.78
111.28
81.68
84
102.16
103.06
92.9
130.2
92.78
109.62
89.84
90.76
87.58
75.64
105.44
94.94
93.46
114.02
76.7
112.1
128.72
106.58
89.34
107.28
116.08
96.3
86.66
97.94
96.04
106.72
112.14
94.28
91.98
102.38
93.76
122.84
112.6
108.02
97.42
114.42
91.26
121.94
111.38
95.76
95.34
78.02
123.82
108.14
94.78
97.94
115.68
81.5
109.52
104.76
88.8
115.46
108.3
99.62
109.84
109.72
103.82
85.44
100.36
85.5
109.66
98.88
80.98
84.76
98.8
98.62
111.08
121.86
100.3
97.5
104.42
109.94
91.92
91.1
118.26
123.74
75.48
122.56
100.14
91.8
100.72
71.2
108.26
90.42
90.58
90.36
80.82
99.96
94.64
79.82
106.06
112
104.84
90.14
117.08
94.3
101.68
110.16
122.92
108.82
100.6
88.76
108.66
85.58
80.52
116.66
94.08
85.62
98.78
87.12
152.96
106.38
102.96
77.6
112.98
105.22
95.8
114.56
89.12
66.02
100.96
100.16
70.42
85.44
97.58
123.3
99.66
82.58
99.86
81.64
78.72
108.66
83.02
106.02
78.4
121.86
92.72
86.82
110.68
96.14
102.34
92.42
119.9
110.5
84.26
112.76
99.5
99.86
79.28
86.4
86.58
118.04
101.94
86.88
108.2
99.64
112.56
121.72
98.16
101.04
90.82
88.46
112.16
95.72
95.92
106.56
108.88
103.8
92.76
121.1
83.62
86.46
80.86
122.32
109.8
101.24
80.24
139.22
96.28
95.64
91.92
81.42
95.24
85.98
87.86
88.56
118.76
97.48
104.72
96.56
96.84
87.7
87.96
111.94
125.42
99.8
92.64
113.74
118.34
105.72
86.98
109.18
126.06
108.92
102.76
137.58
95.54
95.98
100.74
81.2
79.46
116.3
94.92
84.32
122.86
90.68
126.48
83.98
71.48
97.96
120.28
78.86
96.96
113.7
128.54
91.52
93.22
97.8
122.22
107.82
89.7
112.34
79.08
113.72
79.1
89.58
106.2
111.58
93.86
91.08
114.06
88.32
110.32
95.08
94.12
91
94.44
90.86
109.82
102.38
103.06
120.74
84.64
76.2
78.74
113.54
109.4
92.64
81.82
102.94
91.96
97.7
92.34
118.08
86.92
90.66
103.4
124.36
84.92
127.7
97.3
83.96
83.42
84.08
114.6
97.48
88.88
119.34
87
84.68
107.72
98.82
103.66
92.56
100.06
99.48
97.9
124.94
95.18
102.72
98.52
81.28
97.5
111.96
91.24
92.5
125.56
111.52
96.36
81.54
77.14
133.84
105.06
95.94
90.56
97.86
113.46
86.28
90.46
86.98
108.18
102.92
95.36
82.82
92.66
94.22
111.02
96.3
92.38
111.18
87.24
115.28
111.92
114.04
86.96
127.04
96.5
98.74
73.18
76.04
95.26
111.02
99.5
73.94
90.9
109.92
81.78
125.88
122.04
94.32
123.86
107.98
133.82
89.34
114.36
109.7
94.56
97.18
111.3
122.18
112.12
122.64
91.06
78.38
98.12
79.44
73.36
97.56
95.58
86.14
92.28
83.48
99.22
100.32
120.28
82.3
103.68
88.2
129.76
99.84
105.4
87.62
109.28
96.18
102.62
101.54
103.84
97.8
112.1
82.58
103.32
99.28
112.42
98.84
110.16
103.74
92.2
87.16
92.44
61.62
88.18
102.08
113.6
62.08
102.44
136.56
72.58
111.08
99.36
115.62
97.18
70.42
109.04
97.94
83.28
101.9
123.12
100.18
97.14
111.98
82.44
120.36
99
76.52
111.06
94.76
96.82
101.12
65.86
98.6
102.3
85.86
87.9
110.24
106.3
81.34
99.84
96.18
104.24
81.84
100.06
94.08
104.12
77.8
106.32
113.2
94.98
100.66
80.26
100.18
109.44
94.18
120.8
105.58
94.2
104.94
88.48
121.04
94.8
93.4
90.12
106.46
100.66
97.38
82.08
82.84
110.82
87.58
82.66
117.16
76.38
75.02
74.34
99.66
93.48
102.48
87.96
93.62
87.52
89.18
101.34
112.6
87.28
91.38
87.74
112.92
84.02
109.5
105.92
118.54
107.46
100.24
104.26
84.02
90.24
88.28
85.88
91.26
111.56
102.22
97.78
99.72
86.76
132.18
98.98
108.3
107.84
111.3
112.74
104.68
114.18
102.46
107.56
99.68
83.54
108.76
105.88
116.76
105.3
118.74
103.04
80.5
98.76
107.22
110.66
116.42
81.18
102.04
101.74
118.96
97.78
98.5
83.4
113.38
96.4
83.32
87.5
97.66
121.62
99.76
106.36
84.28
102.88
108.78
95.72
100.9
106.36
88.9
84.02
117.54
104.86
79.76
105.92
85.06
111.8
77.38
96.44
104.86
84.76
95.84
127.72
106.28
110.38
98.58
85.4
101.84
97.42
136.24
116.86
111.56
98.32
109.14
120.52
101.32
93.08
92.66
96.62
105.74
114.94
87.26
91.9
103.08
113.92
77.18
85.88
95.02
88.62
94.16
93.84
93.66
75
85.12
130.72
91.2
90.84
90.5
114.5
102.9
71.62
96.58
117.64
98.22
103.72
104.48
121.44
81.06
104.84
116.26
106.9
88.2
114.74
105.88
105.9
109.02
73.16
96.58
116.06
95.18
95.24
85.72
117.88
69.68
89.24
108.26
94.18
93.74
105.4
90.92
83.58
85.46
107.54
87.46
103.72
85.54
96.32
94.48
84.96
84.08
88.54
80.22
105.42
92.38
97.7
90.98
101.9
96.02
102.16
108.46
100.64
80.1
107.08
82.92
80.26
98.2
72.04
96.62
112.92
109.62
97.6
116.42
89.94
112.16
105.08
101.6
111.64
126.78
95.96
126.24
106.92
82.78
65
81.78
96.5
81.3
107.06
91.38
97.72
77.76
119.32
98.44
97.16
92.1
105.46
123.98
76.9
86.38
87.86
97.9
92.82
100.58
94.54
118.52
80.06
111.38
105.56
92.12
87.24
107.94
99.86
89.78
105.64
101.92
102.36
95.42
111.48
102.34
98.86
98.52
130.98
105.26
78.46
95.42
104.66
119.64
94.38
108.58
100.1
115.04
109.04
126.46
94.74
87.02
100.48
98.86
125.76
88.02
98.54
120.86
92.66
141.74
85.5
77.04
98.04
113.86
87.82
106.96
100.92
81.88
93.86
109.1
91.66
100.4
115.48
80.52
103.5
113.96
87.94
100.08
95.32
124.12
107.84
89.98
104.56
101.64
92.28
86.3
81.52
101.76
117.92
109.92
75.76
106.58
110.02
106.58
111.24
86.58
111.1
82.92
94.42
87.1
94.36
91.54
87.3
100.26
90.36
105.92
105.48
90.06
82.86
93.14
86.52
110.94
108.64
89.84
115.18
104.64
103.36
123.98
98.44
95.6
82.04
84.64
84.7
100.16
106.4
72.62
80.24
126.98
91.54
92.52
112.64
126.94
121.84
109.76
92.52
90.14
112.56
83.18
78.86
90.26
84.42
106.66
105.32
97.74
104.82
99.96
118.2
103.94
85.08
90.38
107.74
109.44
100.28
73
101.2
101
96.92
119.18
128.28
92.82
95
99.6
84.14
80.84
88.12
105.48
99.46
88.54
105.14
97.46
114.88
76.18
96.04
74.94
100.26
92.7
118.66
95.36
100.82
90.12
114.58
85.88
96.5
92
96.02
117.1
74.06
106.96
124.36
129.2
107.74
105.82
95.08
104.64
92.38
125.4
109.48
89.42
79.4
105.26
91.2
102.16
103.64
101.24
72.88
85.62
100.56
95.22
102.7
85.02
86.2
80.86
114.22
95.88
107.64
100.94
115.54
86.22
89.2
74.32
120.48
161.58
112.74
70.74
111.36
72.16
95.8
82.86
116.36
102.04
98.58
101.58
81.3
81.86
94.88
96.08
112.56
103.34
103.66
80.78
98.9
129.28
105.82
128.5
94.28
88.98
84.66
98.04
93.78
90.8
97.7
97.04
91.94
99.98
86.9
90.98
82.74
96.98
111.38
79.66
80.04
100.14
94.88
89
83.76
91.52
121.28
109.16
94.22
107.46
122.26
95.68
93.78
112.42
127.12
89.24
101.94
99.74
83.48
116.78
84.12
93.72
76.18
90.64
92.56
108.2
96.28
91.58
101.6
78.04
124.62
87.92
84.24
102.06
108.66
116.62
113.46
103.82
115.92
90
87.52
93.34
116.58
93.58
100.58
146.28
74.72
128.54
92
76.64
82.86
97.56
90.7
109.54
102.12
100.34
94.22
88
92.38
109.66
97.68
121.9
98.8
100.04
108.24
100.76
81.72
104.02
106.16
109.7
130.02
85.58
107.16
116.26
115.02
80.02
90.18
74.78
108.96
99.14
104.54
110.34
80.96
92.58
93.56
104.84
114.52
111.12
94.34
96.76
96.14
115.54
108.18
113.2
103.48
96.18
95.04
106.28
99.76
117.1
115.3
66.4
92.76
105.96
90.66
119.22
98.66
108.4
99.36
96.36
95.94
105.34
89.04
73.82
87.44
97.24
71.8
96.08
85.58
110.94
105.22
100.3
118.06
113.34
103.52
82.6
89.88
95.76
96.54
123.34
96.12
92
87.58
102.28
121.68
101.74
117.02
125.98
115.04
112.14
88.48
102.92
82.92
101.46
110.32
85.36
110.08
75.68
116.7
102.54
82.46
106.2
89.7
107.1
125.92
105.14
133.78
86.4
99.46
97.34
96.76
127.5
95.26
107.8
102.5
93.78
96.6
110.08
105.82
104.36
127.52
110.54
112.14
102.06
112.12
108.34
92.98
112.82
101.48
110.06
110.64
117.14
93.74
134.56
88.54
92.08
92.26
115.24
101.08
120.4
116.82
104.7
98.22
88.96
82.56
109.28
92.16
108.62
104.5
86.88
80.24
101.02
115.66
101.34
82.28
111.58
123.56
108.58
67.74
79.62
93.8
79.5
106.54
110.5
112.56
89.84
85.58
63.8
83.88
91.14
88.02
115.54
132.98
121.56
103.36
94.58
106.52
111.5
106.76
90.88
106.06
93.56
111.72
110.18
87.68
99.1
130.2
95.28
84.56
79.88
104.12
86.78
99.48
86.8
76.9
79.06
107.86
104.7
87.76
109.44
93.16
80.9
122
90.06
95.96
84.8
91.26
90.9
77.62
82.6
83.18
74.56
68.82
101.94
119.46
79.22
110.52
101.38
108.36
121.38
88.3
97.56
89.84
90.62
92.62
99.24
97.96
96.58
88.36
83.96
95.1
109.02
106.24
86.94
96.16
87.88
96.08
118.26
98.74
102.26
81.54
124.04
120.04
109.7
87.32
89.54
91.52
88.98
87.72
106.02
79.26
100.38
114.82
99.1
106.72
72.32
88.6
104
95.06
103.88
104.64
106.56
100.2
107.4
102.48
92.08
80.5
93.84
73.4
87.88
110.08
80.98
95.46
92.54
121.2
91.2
95.92
130.16
93.76
90.48
71.96
98.56
92.16
102.78
110.64
100.5
106.24
93.58
109
98.68
95.58
81.4
88.72
107.76
95.02
89.1
86.74
90.74
84.78
116.98
115.06
114.92
97.84
87.94
106.22
95.42
98.28
96.38
93.24
83.7
90.62
92.6
81.5
90.68
106.56
88.5
94.18
97.44
90.4
96.34
107.24
70.36
88.7
98.18
78
113.04
88.66
91
109.92
66.08
122.84
133.72
98.6
96.38
73.04
91.94
105.5
127.14
100.16
97.72
78.2
80.46
100.48
81
81.34
111.58
90.24
82.76
123.96
89.9
95.7
90.96
90.58
109.8
88.52
109.16
104.62
103.66
87.52
107.54
107.94
122.08
95.46
79.64
84.28
100.02
112.68
106.5
104.9
100
122.22
109.62
105.66
121.44
98.98
93.48
62.12
94.56
118.12
84.76
128.04
92.4
83.16
103.3
83.64
86.9
84.52
93.18
83.44
82.62
122.76
105.62
67.7
82.08
69.86
108.32
103.16
95.04
85.48
100.26
101.32
89.46
105.42
108.98
81.02
132.56
80.96
95.16
108.24
107.2
89.8
105.46
95.72
96.5
104.26
118.5
86.06
108.14
98.84
104.5
89.42
119.18
83.46
89.78
74.44
91.84
83.88
94.16
82.16
92.3
102.54
88.5
78.7
103.62
80.16
96.72
90.32
73.38
100.98
117.62
83.2
106.38
96.86
96.44
89.94
87.16
113.92
99.02
83.46
105.42
86.5
144.72
110.86
87.02
102.76
99.44
89.6
102.26
95.04
117.36
101.36
115.04
106.3
129.66
104.12
95.56
115.3
98.3
109.34
96.06
74.28
141.08
110.04
100.22
101
93.28
117.18
114.54
110.98
94.92
95.28
97.68
89.94
87.5
98.46
102.06
91.18
111.26
112.32
87.5
111.02
117.46
115.7
88.98
95.52
74.24
100.7
71.68
93.98
75.78
98.48
108.18
96.28
94.44
92.5
97.92
73.62
82.1
109.64
87.44
94.42
112.32
128.94
110.04
81.64
97.66
112.88
87.78
96.34
106.62
89.98
83.14
113.42
85.52
114.2
108.08
122.88
76.82
121.52
111.42
120.56
87.26
109.58
98.88
111.4
121.62
98.3
115.54
102.54
108.22
108.44
105.24
74
88.66
125.88
100
84.88
91.44
100.44
101.1
113.82
111.6
98.42
80.28
97.44
83.42
93.86
96.58
100.7
81.08
97.12
118.1
98.72
108.08
88.16
94.16
110.5
100.02
94.68
93.84
81.68
70.64
81.58
127.78
121.92
120.86
77.7
114.54
87.06
134.54
105.34
100.64
133.88
98.74
76.62
110.42
100.6
87.44
111.12
97.68
100.92
65.18
102.68
96.58
76.66
114.62
117.36
109.74
104.74
69.64
74.04
120.26
94.38
76.36
68.02
99.62
104.92
108.5
84.62
87.74
98.94
112.18
107.24
88.66
79.96
90.76
105.5
107.88
89.9
98.86
116.1
94.96
74.08
107.16
109.28
128.96
97.6
111.58
94.52
86.28
106.44
98.34
96.38
60.94
132.7
92.9
99.02
93.88
73.12
93.24
79.82
90.54
89.58
95.78
109.06
91.92
133.94
87.96
107.18
81.48
87.48
82.58
118.5
101.6
88.32
90.62
119.48
92.82
94.66
102.8
83.58
83.98
97.08
116.82
94.4
78.22
98.3
93.44
98.88
91.72
79.34
94.48
102.28
84.22
97.16
97.24
79.86
88.68
97.7
127.9
102.16
74.7
107.4
87.42
89.68
89.98
98.16
98.74
108.82
88.8
87.44
100.08
119.6
87.6
110.04
106.82
107.22
91.9
111.64
99.68
119.84
87.74
108.5
127.88
107.38
76.7
83.9
104.56
99.16
108.94
84.54
88.4
104.68
93.78
84.86
109.78
102.9
78.8
111.2
114.94
88.1
107.68
101.4
95.16
93.24
110.06
124.3
80.84
84.86
127.1
104.26
74.74
111.86
101.88
75.38
79.8
97.22
90.66
90.3
100.44
77.26
101.44
99.04
113.02
96.7
119.62
81.92
110.18
85.28
96.9
72.14
86.62
109.06
94.76
100.16
107.1
79.9
100.86
102.8
78.92
96.34
110.52
96.54
83.14
87.02
88.02
96.58
71.48
86.48
83.22
94.56
88.08
79.72
102.44
89.88
78.32
102.24
87.2
92.1
86.92
111.72
80.7
89.92
107.96
119.34
139.96
120
112.08
102.2
99.68
81.66
100.68
93.82
90.86
130.62
114.9
98.84
103.72
110.66
96.44
91.64
90.88
112.12
120.04
100.76
68
117.22
71.72
130.76
113.26
73.04
93.48
77.22
90.7
104.58
92.98
88.62
109.98
103.46
92.78
119.38
90.42
93.36
129.16
95.16
115.4
84.18
113.5
77.48
102.96
103.76
94.2
97.24
110.18
84.6
104.2
94.32
103.82
113.66
110.54
114.22
121.26
101.56
86.62
95.64
104.2
106.42
98.52
101.38
92.14
101.5
128.02
103.48
97.1
101.12
97.3
115.5
114.2
100.94
89.18
82.22
95.86
94.7
92.64
112.96
119.3
120.82
73.22
69.68
98.72
113.38
85.38
97.82
115.52
101.78
100.58
93.46
95.68
84.76
119.86
78.52
111.34
99.42
102.38
99.62
132.62
126.68
105.1
84.36
98.68
83.16
100.46
80.04
101.36
89.68
104.68
88.96
93.36
111.02
104.02
79
98.16
107.6
85.44
81.66
91.34
115.66
113.08
94.72
95.44
79.68
82.6
56.62
87.7
91.78
115.4
102.26
96.14
130.58
91.58
106.98
86.16
104.34
105.8
109.96
148.86
131
81.04
133.14
109.6
119.42
106.16
86.82
98.16
102.2
103.56
106.8
97.58
90.76
78.44
92.42
115.1
101.78
96.36
111.38
113.46
88.38
95.6
95.7
96.38
85.08
127.88
84.38
82.6
129.4
81.62
114.38
95.26
99.1
124.08
111.72
112.4
76.24
101.1
88.48
96.48
87.92
79.14
113.04
93.16
109.18
118.18
89.08
100.02
78.26
98.12
122.7
113.44
103.44
89.98
93.68
93.92
78.06
117.1
118.62
97.44
84.76
89.64
100.46
83.82
68.6
111.76
97.06
100.12
92.46
129.4
95.56
103.36
91.54
83.42
108.28
99.02
97.88
103.18
101.82
95.48
82.08
88.02
97.28
110.48
121.7
98.72
95.7
79.54
87.84
109.9
97.78
127.18
71.1
101.48
138.82
130.64
98.9
91.3
101.24
99.84
119.06
96.38
122.06
104.06
82.82
97.3
73.82
87.2
99
117.62
87.38
110.1
110.04
94.26
118.46
103.7
112.74
111.58
92.36
88.5
94.2
108.88
89.92
65.38
97.74
76.74
124.02
116.5
105.06
90.5
108.76
106.82
113.98
108.48
97.2
116.1
104.16
78.86
95.48
121.54
99.18
99.96
93.38
105.06
84.52
70.5
74.72
88.78
88.42
101.78
107.28
105.08
79.42
106.56
94.16
99.72
112.34
110.08
96.48
93.14
106.62
82.14
103.58
104.46
84.96
101.34
91.54
80.14
107.92
111.28
106.64
105.38
110.04
98.08
95.16
94.4
102.84
106.68
75.68
98
92.44
131
108.56
101.06
107.1
83
74.28
99.52
101.04
106.34
112.28
116.78
122.94
104.06
117.68
88.62
106.22
89.72
94.24
99.9
98.44
82.5
98.44
81.04
103.46
114.06
93.06
130.22
97.54
118.96
97.1
103.04
104.18
101.56
115.2
101.22
92.96
94.5
102.36
89.96
77.3
58.84
105.6
121.96
89.26
111.06
99.34
100.44
108.04
71.1
75.82
82.88
84.7
107.32
92.68
98.16
99.72
85.06
87.98
107.12
93.96
102.2
125.82
94.74
107
83.46
101.4
93.56
74.76
90.36
111.94
88.16
80.32
105.66
99.62
96.66
106.94
93.1
106.44
115.12
93.6
99.94
92.42
84.92
90.92
94.08
104.84
95.52
107.72
82.98
97.38
83.08
103.38
90.58
101.9
129.6
110.98
96.82
85.64
99.7
110.26
90.32
85.68
82.9
88.9
99.5
101.6
88.58
107.12
96.5
88.02
101.36
107.66
94.78
98.56
93.98
127.12
102.4
125.6
96.02
117.26
105.28
117.68
94.66
86.92
107.7
83.84
106
96.56
124.22
104.98
118.04
81.42
85.04
102.18
108.2
127.58
110.16
99.52
125.2
77.66
102.68
84.04
96.88
113.5
124.88
126.32
90.86
100.08
102.34
92.08
87.66
91.48
72.14
100.1
110.92
96.22
93.78
103.24
139.06
117.16
94.1
91.06
100.9
92.58
100.36
106.28
97.72
104.92
78.12
103.12
90.38
88
118.12
106.3
80.84
79.16
111.78
113.3
93.52
93
122.26
93.52
88.22
90.28
107.2
95.4
95
137.74
110
114.46
82.44
115.2
88.12
78.06
100.14
89.3
86.14
92.54
76.84
104.06
89.08
82.1
103.24
99.9
108.44
104.34
92.26
114.18
86.14
103.66
95.06
81.36
90.18
85.14
96.14
112.76
78.68
116.28
120.74
119.8
107.14
106.1
105.88
110.4
93.76
107
94.62
114.66
69.22
105.52
105.96
99.48
114.32
119.66
95.6
108.66
90.06
114.76
91.44
101.08
86.28
104.6
102.16
89.4
97.34
104.46
92.68
111.9
92.32
69.22
63.62
98.5
95.56
102.28
75.78
108.2
109.1
140.5
99.56
117.98
96.1
85.12
97.06
89.1
107.88
110.28
86.84
82.68
105.64
108.38
92.9
128.7
94.64
108.88
94.8
94.88
97.22
95.7
118.48
83.16
91.44
85.28
91.22
97.5
119.12
94
100.94
91.16
96.44
97.1
88.1
118.2
118.48
85.46
84.3
117.16
106.54
78.72
111.28
103.32
89.82
99.74
84.1
94.74
92.16
79.44
88.54
83.8
113.02
91.54
92.96
107.24
111.22
81.26
107.96
84.56
98.96
88.52
99.18
101.62
95.64
116.38
89.76
93.82
82.06
85
71.98
114.02
111.04
87.3
95.9
84.72
94.64
107.04
111.7
74
121.86
87.6
123.86
79.24
97.04
108.72
104
117.78
69.38
89.74
94.8
77.46
103.56
105.42
86.68
108.62
92.36
86.2
102.04
95.1
131.88
90.88
95.2
96.52
92.66
96.44
90.5
118.68
102.2
106.96
113.24
102.98
102.22
115.32
95.68
96.16
107.26
90.28
80.02
82.66
109.76
98.92
86.86
95.18
88.02
113.88
97.24
116.16
88.2
104.68
96.62
82.62
82.9
115.9
121.54
88.46
97.88
104.92
102.06
97.62
121.24
75.88
93.82
84.36
120.84
113.4
132.6
90.58
90.1
103.04
74.02
94.76
106.82
96.34
98.52
111.78
118.78
81.08
115.34
88.94
98.32
97.28
83.04
82.5
117.9
94.74
95.52
112.96
101.5
69.98
79.1
90.44
76.22
86.08
83.96
88.24
82.08
107.28
122.88
109.54
84.98
86.38
118.38
81.72
84.28
84.28
99.24
90.82
92.2
90.12
92.72
115.36
85.3
99.82
79.52
100.14
116.84
103.56
111.02
117.12
91.28
90.88
74.28
97.32
88.38
94.76
102.02
120.78
95.58
103.46
109.28
90.52
128.92
107.6
101.36
97.7
102.46
89.5
112.28
96.54
114.24
84.62
95.56
104.54
99.64
107.28
89.96
102.66
90.9
97.48
114.86
71.82
93.92
86.44
106.14
90.4
91.02
77.28
101.02
97.72
89.7
98.48
108.58
93.96
59.82
114.96
119.16
78.36
82.32
87.26
83.46
88.62
106.14
105.54
107.02
78.78
106.82
113.88
89.26
82.06
126.02
96.78
113.64
108.66
87.48
91.04
93.46
107.98
92.9
88.66
96.42
80.06
104.28
99.12
94
86.1
77.92
92.72
130.1
90.84
85.56
91.06
111.82
104.4
96.4
103.46
99.36
117.88
77.68
95.64
101.44
102.16
90.08
88.58
102.18
108.82
87.78
109.3
114.36
95.34
120.44
88.5
90.96
77.74
89.52
73.84
103.08
117.2
96.88
91.76
108.32
77.92
143.06
89.68
107.6
93.22
121
94.52
100.92
108.64
92.62
124.54
104.18
104
108.6
95.26
87.64
113.8
117.9
111.8
116.94
99.78
93.92
100.78
85.86
110.8
97.76
96.74
113.58
93.16
110.66
93.94
113.16
96.28
101.24
128.96
99.92
88.52
93.84
90.54
97.24
107.98
118.04
82.96
91.8
102.26
102.24
86.34
102.72
131.92
83.94
113.4
97.32
91
78.66
157.82
68.38
110.54
87.52
100.94
109.96
126.06
113.9
106.58
88.52
104.92
75.74
90.62
110.88
114.66
91.32
100.64
82.16
103.06
101.32
89.36
93.82
113.56
73.52
80.58
77.24
68.8
115.34
109.5
123.54
97.18
76.36
112.52
85.24
114.52
116.68
100.74
103.52
83.82
82.82
78.68
88.72
102.26
104.9
78.24
111.06
92.94
105.86
81.48
94.16
98.38
83.62
112.46
99.24
86.3
109.02
94.16
89.16
102.98
104.64
79.44
99.04
102.98
103.98
104.9
98.76
107.26
84.6
86.54
89.6
113.34
98.62
106.64
97.8
123.96
93.88
112.7
100.66
96
113.62
87.44
118.54
125.56
121.42
84.22
83.92
130.4
104.58
99.2
106.84
81.78
122.92
86.72
92.4
98
111.9
85.98
84.8
73.58
91.86
117.64
108.6
102.98
92.62
90.56
91.58
136.06
108.36
107.88
110.32
101.02
87.88
97.44
84.4
83.08
107.56
93.86
97.68
107.88
110.94
90.96
101.22
90.94
94.52
90.08
87.06
104.94
97.56
84.38
99.38
107.08
83.46
109.24
81.42
123.38
91
95.2
112.08
87.52
103.18
102.52
108
79.96
92.28
100.86
117.84
88.22
97.44
105.48
90.86
96.32
109.96
80.9
109.16
86.54
89.92
84.24
90.54
94.7
98.7
108.22
99.6
95.82
92.44
78.18
104.98
119.66
76.84
78.28
91.22
86.68
97.86
81.46
95.76
68.98
98
92.66
93.84
95.8
106.94
102.94
88.42
78.78
110.22
83.1
114.18
84.84
93.16
97.2
98.48
95.4
97.5
101.98
126.4
97.94
106.76
92.3
95.74
89.1
106.62
91.88
93.32
78.78
95.12
91.62
85.98
120
132
91.94
102.4
87.16
103.4
90.86
87.14
82.04
113.12
100.56
67.3
109.52
114.9
92.9
86.52
95.94
86.16
115.82
54.26
106.44
96.16
83.24
118.8
86.66
68.88
106.78
118.32
105.48
95.58
109.22
117.34
101.16
104.94
81.48
93.42
109.54
112.28
104.1
100.28
107.14
110.3
81.44
92.2
91.16
136.74
82.74
115.42
90.56
98.5
90.62
94.24
93.04
98.06
96.78
82.82
98.44
90.04
75.84
97.88
88.72
129.94
92.72
105.04
91.14
101.6
107.86
123.88
85.02
99.56
99.34
83.92
105.02
153.36
92.54
88.94
86.84
82.9
112.52
82.72
96.74
94.7
75.68
99.68
96.94
94.88
97.68
107.98
93.58
94.1
84.24
107.76
94.6
103.68
105.68
97.42
113.62
91.5
104.7
83.82
104.48
83.78
88.1
124.94
103.72
86.48
102.68
94.6
93.34
104.12
99.1
78.82
88.68
97.48
114.68
93.96
100.04
91.94
83.92
79.92
84.44
90.24
119.72
85.86
111.86
113.28
94.76
87.34
93.5
103
91.9
101.18
83.9
77.6
106.32
97.92
117.08
118.12
92.76
141.7
89.7
84.6
94.14
79.82
90.72
108.68
88.02
98.9
94.16
89.5
99.28
84.4
77.76
101.48
89.2
93.16
103.34
114.5
73.58
102.38
93.82
123.42
94.42
86.92
83.68
82.74
101.46
84.8
69.44
116.18
107.68
102.88
119.06
82.5
92.22
93.36
97.66
109.98
105.88
106.1
96.98
103.6
99.86
106.68
91.26
84.42
113.68
86.5
80.9
123.74
105.06
97
98.98
92.56
96.08
128.6
101.76
101.1
89.54
98.72
109.96
87.42
87.38
100.28
99.74
84.1
86.86
102.94
105.32
100.54
85.4
83.9
92.04
110.52
90.98
97.3
145.52
88.74
98.2
95.3
88.02
101.16
109.36
89.2
125.14
85.42
100.62
136.42
122.76
93.52
95.64
83.4
112.86
110.82
98.64
86.54
79.42
69.2
98.78
112.28
91.62
116.02
122.1
88.38
92.18
106.14
102.84
115.42
109
123.7
110.5
109.18
90.84
123.68
123.86
82.86
115.52
71.54
90.94
100.32
81.1
102.26
96.32
114.14
99.04
115.86
65.66
111.28
89.68
97.04
102.9
119.78
101.48
116
92.58
112.5
86.02
102.88
78.48
122.12
109.4
100.46
95.98
119.8
94.98
99.22
89.22
92.3
113.52
99.4
93.54
94.58
87.52
78.44
88.42
103.4
112.08
114.24
79.54
111.24
98.12
82
102.88
98.7
100.52
101.5
91.16
71.96
91.18
113.18
92.4
83.52
111.98
102.66
102.88
82.06
105.1
81.94
117.66
106.02
93.24
87.32
93.44
114.56
108.6
111.48
81.48
77.76
90.48
91.04
100.4
70.96
99.16
98.18
135.78
96.88
121.8
78.66
131.12
79.78
87.64
84.6
101.32
120.16
90.82
87.82
83.82
106.04
95.72
90.42
88.9
111.78
105.36
104.54
90.02
95.32
114.34
102.06
94.88
88.6
98.6
107.12
104.74
126.74
104.6
88.46
111.12
139.24
88.62
81.14
107.24
109.1
80.66
70.72
97.66
111.5
94.02
92.76
88.86
82.14
70.78
108.1
114.96
111.9
97.72
102.84
98.94
98.7
98.94
115.98
83.6
85.5
95.04
119.04
84.52
105.24
95.86
87.68
106.52
85.06
63.98
90.46
131.02
101.58
100.4
87.5
101
129.66
94.5
105.02
83.44
83.74
98.6
105.88
69.1
101.16
117.64
109.98
82.94
121.36
84.04
106.74
110.88
108.76
97.42
135
95.64
114.78
93.48
100.44
77.4
110.84
92.48
96.12
105.06
110.88
81.76
103.08
93.78
125.82
116.16
82.68
101.22
110.86
90.56
74.2
96.76
88.58
87.96
97.74
90.58
109.86
96
112.02
94.42
83.32
99.52
108.04
101.38
105.02
73.58
89.94
100.76
92.58
91.94
100
72.7
91.42
105.36
86.64
101.1
104.46
87.46
120.42
87.66
80.48
98.8
96.76
104.9
102.18
104.94
84.28
93.02
118.56
103.56
99.1
110.06
99.08
111.94
93.44
134.6
101.22
107.12
98.9
65.74
92.24
124.58
93.1
66.32
102.52
98.06
87.48
82.68
99.6
98.64
83.44
98.62
94.64
120.12
107
100.34
124.86
96.04
98.52
80.12
99.82
124.14
119.56
109.46
107.74
108.32
102.8
80.24
90.76
111.44
88.78
100.86
105.04
100.34
95.34
94.16
102.74
87.52
117.26
107.26
96.48
100.38
96.38
110.78
85.76
115.96
112.12
76.18
85.9
119.3
96.8
113.64
82.82
88.42
100.44
102.58
95.26
91.92
103.04
88.44
78.52
99.78
110.68
80.78
91.84
91.86
112.66
116
97.12
93.64
93.2
98.9
95.32
92.44
111.42
95.86
71.16
93.88
89.52
94.64
83.22
76.42
117.4
88.4
105.3
114.24
73.06
97.7
107.06
91.46
75.92
134.94
105.88
103.68
112.18
91.92
66.9
95.94
84.72
92.48
97.52
105.64
112.72
127.56
103.88
115
108.94
88.7
96.54
92.2
93.22
106.44
112.4
95.3
98.24
100.82
105.98
77.8
91.82
86.1
84.88
101.32
107.62
87.92
128.84
107.3
126.86
89.52
82.72
89.08
95.74
83.38
91.04
103.9
109
86.7
90.76
96.46
126.34
94.44
78.3
99.38
89.54
116.62
99.34
103.04
93.32
120.54
93.42
88.08
75.78
82.86
118.92
106.66
85.7
119.96
131.96
101.18
101.4
93.14
101.62
86.98
110.46
110.76
111.72
101.1
95.38
94.36
81.68
92.96
108.44
92.54
104.54
98.58
107.98
98.06
90.84
89.94
100.3
104.78
75.02
70.3
101.48
109.88
101.42
93.66
109.14
99.36
98.28
88.64
130.36
91.96
112.56
130.52
116.56
86.34
93.04
80.98
113.96
106.26
74.46
112.12
107.74
115.98
108.54
86.08
114.6
90.48
91.24
91.36
98.08
117.72
92.6
122.78
92.86
96.48
93.24
122.5
108.52
111.74
108.2
88.36
91.36
110.24
102.24
107.7
95.22
93.9
105.22
86.02
115.02
89.22
120.02
92.06
128.9
93.64
75.92
104.82
87.8
112.72
101.08
92.8
140
101.92
123.06
134.98
103.08
78.84
108.46
100.08
95.1
80.46
113.08
120.76
111
91.18
87.72
117.98
77.88
86.24
82.54
97.02
96.9
83.74
106.64
97.04
77.88
96.12
94.32
138.4
109.9
85.12
82.72
142.06
69.86
89.78
103.7
83.24
76.16
100.02
97.04
84.48
87.16
117.92
101.72
101.72
86.56
100.26
86.88
123.38
100.14
120
112.22
108.68
82.52
117.32
126.02
106.28
81.8
82.88
81.34
87.56
99.96
89.76
93.46
106.32
99.82
100.04
96.48
86.36
101.44
86.62
89.62
111.94
85.62
93.3
132.5
76.82
100.6
100.88
130.02
88.1
93.8
86.64
135.54
90.28
112.74
95.88
81.38
85.3
96.42
83.82
109.84
84
97.2
113.52
85.98
80.62
136.84
87.46
107.12
81.42
93.16
98.36
76.9
105.26
102.8
99.58
117.82
94.12
126.54
105.72
98.66
66.2
111.14
123.22
98.14
124.54
87.98
94.06
83.2
91.04
104.02
108.84
121.46
115.12
116.46
99.06
92.38
105.76
85.8
95.9
78.76
102.16
85.98
84.06
93.14
106.38
86.86
90.02
85.72
111.38
104.46
74.1
107.74
97.82
97.26
117.6
112.54
86.28
97.64
100.3
96.16
117.82
111.68
77.68
88.5
112.18
105.28
78.46
82.32
83.28
104.66
88.78
96.62
89.72
92.52
87.06
88.68
118.18
108.82
125.8
87.82
91.06
92.78
104.5
76.98
86.3
84.6
59.64
123.7
109.9
75.02
86.06
120.66
88.82
80.44
119.94
92.32
122.2
99.9
76.1
94.36
81.82
92.98
89.6
82.96
121.14
124.72
92.16
78.18
92.34
99.4
88.5
97.08
85
85.56
93.66
107.26
86.26
87.7
110.06
120.06
86.94
102.86
95.58
102.14
104.02
99.02
75.58
110.58
100.88
98.82
113.12
67.4
93.12
102.9
111.84
103.4
105.66
108.6
83.7
74.56
120.14
100.88
105.48
108.04
101.86
85.68
87.38
93.14
108.66
99.42
89.26
92.44
103.02
93.7
107.5
90.12
82.96
112.38
104.66
116.92
96.9
105.22
89.48
107.9
109.64
122.2
115.66
87.84
97.76
109.86
110.06
122.3
128.32
122.4
99.06
121.08
125.9
82.44
133.42
84.22
83.8
91.7
92.6
120.88
112.36
82.6
92.66
105.26
115.56
99.16
119.94
94.52
116
87.58
102.24
102.38
100.16
88.5
105.66
115.2
79.92
90.38
95.88
104.06
97.1
113.06
98.74
92.34
116.38
92.16
77.84
85.56
110.84
101.04
92.58
131.5
98.8
106.46
92.86
118.68
138.12
83.06
89.2
136.86
117.42
122.76
94.92
89.64
128.34
97.92
83.9
100.4
96.32
87.34
86.62
97.68
105.54
100.36
80.86
78.88
96.06
88.84
98.68
106.54
102.34
77.28
78.5
103.82
84.14
123.92
78.94
106.04
103.78
91.96
98.76
87.84
94.54
129.68
95.02
99
111.46
116.52
107.2
106.26
93.74
99.88
99.6
131.56
94.88
114.78
88.14
98.56
90
97.02
91.82
95.02
121.2
115.9
89.1
89.36
125.06
83.1
98.48
83.04
111.3
96.62
109.22
92.04
94.06
94.74
103.88
104.44
101.86
93.62
91.96
94.64
124.58
112.34
109.7
106.8
93
81.42
82.74
83.08
59.34
134.76
107.48
92.02
75.12
98.76
102.28
110.42
80.66
108.2
113.06
71.06
74.4
84.78
106.16
81.42
104.52
94.84
91.56
103.42
106.54
96.8
92.64
103.86
95.98
96.42
86.58
96.7
112.6
75.46
85.34
130.6
106.9
122.78
89.76
86.62
109.14
79.6
122.76
111.74
105.64
100.4
89.74
94.2
79.86
106.94
95.56
118.28
120.42
100.48
98.44
80.96
121.16
113.06
73.36
124.6
75.32
97.2
101.88
102.74
93.32
100.42
73.32
116.1
127.08
106.68
109.34
95.9
89.78
99.84
111.96
107.86
109.86
106.04
110.92
99.82
103.14
106.54
80.42
103.58
86.58
96.24
95.08
106.24
101.82
86.3
67.56
123.54
108.16
122.28
112.32
115.04
90.7
106.62
93.64
102.28
86.58
112.7
103.54
80.2
93.68
117.3
117.34
83.32
103.92
112.56
89.9
109.22
101.38
84.12
115.76
105.62
117.4
92.16
90.88
116.5
82.88
98.44
119.76
77.72
86.18
93.26
85.16
105.68
91.5
118.08
111.82
122.1
90.9
85.02
83.7
81.32
95.26
130.58
127.64
98.84
101.64
105.58
114.76
114.68
106.4
93.2
105.52
85.96
82.5
113.68
102.22
99.24
96.78
101.18
114.8
96.76
116
89.36
116.32
94.66
98.96
104.1
115.94
102.76
100.36
98.8
98.62
121.6
106.1
118.42
94.2
137.4
103.96
93.64
89.78
97.98
69.54
102.9
103.9
90.36
117.92
116.6
77.72
78.08
78.5
96.9
117.88
97.5
107.34
98.34
95.9
81
101.76
105.32
109.16
95.42
112.54
92.48
102.92
85.06
80.76
98.34
101.86
105.22
102.12
92.98
102.7
89.94
123.94
88.8
76.24
122.76
93.56
105.32
117.66
115.5
92.88
83.14
91.34
83.84
96.88
92.5
105.78
95.96
100.56
90.96
104.32
101.34
111.18
76.54
123.58
86.3
110.32
86.96
95.1
114.44
92.2
99.36
97.98
94.92
109.16
116.94
79.26
101.96
85.54
97.22
62.74
107.46
105.46
88.6
90.08
86.26
80.68
86.54
79.18
103.1
109.58
115.3
101.16
124.44
122.38
83.84
108.56
95.58
114.92
103.72
95
93.78
108.24
80.76
98.72
71.84
100.52
130.16
115.02
88.62
112.8
91.14
92.74
126.12
88.2
131.24
79.2
137.98
71.82
106.94
102.94
105.48
122.88
98.82
77.32
90.9
82.14
81.24
108.06
89.88
131.38
107.54
118.96
114.68
100.76
76.44
100.88
121.62
103.74
92.92
105.36
121.56
98.2
103.36
115.68
106.04
110.18
99.54
79.74
78.34
109.02
90.68
86.64
116.86
57.5
108.96
81
78.28
80.5
100.86
108.82
137.48
89.3
85.46
94.26
104.12
90.56
114.72
109.36
96.56
79.62
80.84
84.36
99.64
97.04
83.46
74.9
85.92
97.82
90.68
99.22
96.08
99.74
102.36
99.26
92.18
87.82
92.84
85.52
108.18
84.44
105.72
93.16
96.2
99.1
89.18
89.36
99.58
95.18
111.14
86.08
101.78
104.26
85.32
90.36
101.38
97.92
84.62
102.84
87.4
118.04
112.18
101.78
105.8
112.6
101.68
91.06
97.26
77.84
88.58
100.86
110.78
90.02
102.44
134.96
76.22
95.42
80.88
90.6
82.08
95.64
106.64
91.22
96.1
114.06
112.56
82.28
106.52
105
103.34
98.1
98.86
99.42
87.84
125.66
111.04
89.6
71.54
86.18
88.58
106.66
110
91.24
91.9
100.66
94.2
89.62
106.94
92.72
105
93.98
101.14
106.22
110
89.88
103.86
100.6
104.1
101.78
93.94
88.78
128.6
112.04
74.86
83.16
97.98
107.4
114.46
78.9
105.26
96.52
107.58
101.88
86.1
101.06
75.44
88.84
88.68
96.88
107.26
102.64
119.2
90.38
109.26
91.82
98
121.62
80.62
94.62
117.04
85.28
71.66
93.88
85.7
91.72
110.7
97.2
73.9
117.62
107.3
137.1
125.92
104.76
117.04
104.9
98.5
87.18
115.7
108.68
106.6
119.78
91.54
94.76
103.82
94.42
100.6
121.08
113.3
101.34
103.46
83.32
109.02
73.9
97.54
92.24
112.38
110.44
85.2
111.66
119.06
98.24
101.36
88.62
101.78
138.02
95.64
123.72
98.98
98.54
94.46
94.78
99.72
89.36
72.86
104.28
98.84
92.04
124.12
80.42
112.24
79.74
86.18
125.06
97.2
85.5
86.66
114.32
102.4
111.96
79.64
112.34
95.9
111.5
52.62
84.2
58.98
102.34
76.44
98.12
94.06
102.04
102.8
97.22
89.8
106.24
106.78
110.68
86.44
95.74
100.64
105.48
69.78
114.3
100.46
102.88
127.6
84.62
94.42
103.2
85.58
99.18
105.4
127.38
112.02
98.62
100.44
96.36
90.58
85.72
131.7
105.94
71.6
103.14
105.24
98.36
112.8
87.2
106.76
100.84
115
92.38
106
95.28
74.6
147.74
88.16
80.84
90.7
98.32
89.88
114.42
96.62
92.94
80.42
96.34
81.18
117.96
75.82
115.94
92.46
127.68
109.02
119.5
88.74
90.34
104.4
91.76
66.8
114.88
93.94
113.68
94.04
123.86
100.42
92.2
103.82
101.34
95.46
108.04
111.04
110.72
95.98
107.14
87.06
94.44
103.74
85.68
92.12
105.82
87.82
103.86
78.74
94.44
91.02
125.32
112.2
115.94
84.26
94.48
101.1
81.52
82.6
120.28
113.3
93.28
79.78
97.06
92.42
78.32
101.46
112
104.08
83.32
81.92
111.76
95.54
83.6
105.08
93.8
118.74
124.3
103.84
124.72
101.76
106.8
68.52
107.34
88.52
94.7
82.46
104.14
103.04
92.52
104.46
104.76
98.8
71.78
107.5
74.98
108.64
111.84
112.52
96.2
89.28
76.66
89.5
97.5
80.22
94.14
98.94
113.7
94.8
80
92.34
105.52
122.88
87.5
78.18
111.58
108.16
87.34
97.5
97.12
98.64
98.4
102.02
73.82
104.34
98.18
85.72
102.26
88.32
83.7
96.38
122.96
103.12
87.24
83.6
93.6
104.12
108.08
85.66
108.92
89.5
126.5
106.14
92.38
56.3
97.98
87.4
97.4
123.28
86.4
104.76
107.86
121.06
95.82
100.22
105.14
86.26
102.56
94.82
123.8
88.72
89.38
94.94
111.1
78.36
86.46
61.9
73.9
128.36
123.72
91.18
82.66
100.12
102.44
89.54
91
87.4
120.88
98.64
118.24
102.9
89
86.78
84.48
116.18
79
92.24
95.6
107.34
80.34
89.48
95.54
102.08
111
99.7
98.28
90.02
113.92
100.38
117.82
104.3
75.54
113.56
83.44
91.56
108.12
99.94
89.1
97.32
106.6
96.62
131.62
92.78
75.28
72.92
85.56
78.98
98.98
92.92
103.36
91.78
109.62
103.76
89.24
123.62
90.36
86.46
103.44
106.5
114.3
110.32
96.46
96.8
104.56
75.22
107.78
101.26
77.58
104.7
103
109.7
93.44
92.42
72.28
122.8
118.96
81.2
112.44
86.3
105.42
125.66
88.88
97.16
99.08
77.34
90.74
100.58
74.32
102.04
103.24
109.84
103.96
96.36
95.82
104.62
119.14
91.18
117.86
78.68
100.66
92.1
92.92
84.8
84.08
94.52
92.56
106.54
81.06
132.36
102.12
105.74
115.44
90.08
93.1
84.64
89.82
88.58
142.44
117.14
91.44
102.8
100.3
130.5
110.14
89.24
103.4
87.76
87.8
118.02
101.08
112.56
99.24
99.3
120.46
111.24
102.58
123.12
127.22
128.18
84.76
105.06
98.28
100.86
87.54
89.76
83.92
118.78
125.14
122.6
88.04
99.1
72.06
130.66
113.7
110.8
121.34
71.56
93.26
99
74.62
117.46
116.1
117.72
88.12
91.24
96.36
91.8
100.24
97.42
93.12
88.04
87.96
101.94
116.62
89.94
78.34
79.68
73.06
107.46
79.38
79.44
107.04
102.04
78.14
91.58
96.64
124.68
113.54
93.5
114.88
78.3
105
119.24
81.58
112.12
106.64
87.54
81.42
128.52
81.58
85.72
106.14
88.4
88.66
113.3
101.3
105.4
110.42
97.08
93.2
94.9
91.68
95.74
101.96
95.94
114.52
128.08
103.12
87.72
116.44
83.36
117
108.66
97.86
94.72
113.5
125.3
88.8
110.1
106.12
96.14
94.18
89.46
107.82
104.96
101.82
100.42
117.62
105.02
117.74
68.84
84.48
115.54
101.94
102.08
77.56
86.32
100.22
94.54
95.08
97.92
63.96
88.18
96.42
102.26
82.94
138.38
82.4
80.04
78.02
112.08
95.56
129.96
81.96
88.76
95.36
99.7
91.74
95.96
92.14
101.66
98.38
87.14
82.98
95.86
100.5
104.12
91.48
97.86
84.94
82.66
117.14
117.38
123.26
83.96
95.54
79.76
77.22
105.42
126.16
105.68
98.6
87.68
115.86
72.18
87.12
89.28
116.8
76.74
114.02
104.62
82.52
107.02
62.36
115.74
93.56
76.26
82.72
89.02
101.14
101.76
89.18
105.56
93.78
83.56
115.94
87.32
87.22
91.34
91.4
108.52
94.42
91.66
117.12
118.22
99.34
88.38
92.78
111.56
116.58
115.26
80.96
119.16
90.36
129.1
111.58
84.68
106.46
110.88
83.38
101.04
77.36
75.92
80.88
70.58
76.28
107.34
102.26
104.98
106.42
113.32
132.14
106.82
111.74
80.18
73.04
73.3
86.18
126.24
93.42
80.6
118.24
138.44
122.14
96.3
104.9
102.2
99.94
109.08
102.96
89.38
100.94
124.12
110.5
95.4
93.54
73.22
87.28
137.34
98.8
82.2
96.14
112.82
97.18
107.42
88.94
90.28
84.46
79.62
106.28
120.32
79.22
99.84
107.82
94.16
87.04
96.56
80.88
105.24
89.86
88.5
107.54
104.78
114.08
103.36
109.88
98.52
90.48
89.64
95.38
88.58
84.66
74.9
110.86
122.4
85.66
77.54
105.36
97.2
86.38
126.68
98.2
96.92
92.86
110.8
114.6
96.44
84.86
92.04
93
93.02
103.48
93.98
106.86
97.6
75.66
143.46
94.96
117.48
102.12
130.32
91.82
86.52
102.94
85.74
70.44
86.58
87.26
82.48
115
63.52
88.04
112.18
108.38
83.68
94.22
103.66
94.92
113.34
122.94
98.3
96.74
105.44
103.54
91.54
88.68
127.96
103.04
73.56
119.92
89.06
93.72
123.96
99.44
85.14
115.34
101.2
81.12
81.12
104.64
104.88
117.38
92.26
90.4
86.36
87.34
80.46
98.82
106.88
112.52
101.78
122.88
102.86
77.46
91.3
80.7
86.5
124.32
89.46
109
80.38
95.54
103.2
95.2
124.02
95.3
103.72
78.26
95.04
67.42
73.9
112.02
83.02
96.58
122.6
111.2
96.22
107.36
127.7
95.02
104.14
74.34
79.98
76.24
123.08
119.6
68.74
109.6
98.88
118.78
102.74
79.52
70.48
98.32
69.38
100.1
80.38
93.68
114.5
112.04
97.8
93.88
75
83.04
119.9
123.08
87.04
109.48
103.82
94.7
92.88
101.4
95.82
110.86
93.52
128.1
82.04
127.98
135.42
112.66
93.88
87.82
110.04
80.64
80.26
123.76
109.98
71.26
93.62
86.94
119.6
94.34
105.38
76.68
67.6
85.82
98.58
89.5
81.86
101.72
96.98
86.26
89.88
89.74
81.9
99.42
76.16
126.48
94.18
114.62
85.52
121.12
86.28
79.04
96.62
92.14
98.44
104.9
107.42
87.08
109.96
118.32
106.72
114.2
93.54
84.8
74.48
121.72
102.76
94.24
96.88
97.88
101.16
86.66
87.06
92.84
85.8
76.48
105.3
101.12
99.48
83.22
95.48
92.6
111.62
124.1
107.1
88.94
97.62
114.82
77.6
104.52
120.54
87.06
96.18
107.26
85.28
85.7
113.1
82.06
95.82
96.86
93.32
111.04
110.16
97.92
74.06
73.4
98.34
100.04
109.5
104.5
107.78
95.96
87.84
126.18
89.3
109.3
73.36
110.86
109.76
111.88
93.4
127.84
119.92
86.8
86.36
114.32
130.18
113.34
86.4
95.54
98.82
108.72
118.34
91.16
86.7
