100.66
80.76
84.32
89.84
96.12
91.62
98.6
93.04
120.3
92.16
106.14
103.04
109.94
77.9
117.4
97.22
103.82
92.02
84.84
119.92
96.76
77.24
113.24
114.02
113.78
120.38
90.78
90.8
117.88
130.32
97.28
76.96
89.9
113.58
100.52
92.1
90.12
112.34
104.96
78.84
120.98
89.62
94.72
107.32
95.28
107.52
105.94
111.16
94.76
109.4
125.26
100.32
89.62
94.34
81.6
102.24
99.02
110.52
94.34
102.14
105.76
82.48
108.16
106.24
105.98
100.84
100.86
82.68
97.24
101.86
84.78
123.68
85.68
94.78
99.46
119.92
102.04
95.44
122.96
122.98
103.54
89.8
83.54
92.36
82.22
88.78
88.5
103.48
111.3
109.48
90.4
88.02
94.8
95.2
84.1
89.42
112.1
95.44
104.26
111.52
