0 0.0501639 0
1 0.0115269 0.038637
2 0.0323524 0.0305173
3 0.0181417 0.0258379
4 0.049876 0.0375183
5 0.0471792 0.0307521
6 0.0518032 0.0263984
7 0.0556024 0.0231752
8 0.045084 0.0229863
9 0.0332864 0.0237041
10 0.0405755 0.0226463
11 0.0316602 0.0225135
12 0.0229897 0.0224513
13 0.0201383 0.0209805
14 0.0178157 0.0196694
15 0.020538 0.0185993
16 0.0158911 0.0180785
17 0.0229691 0.0184558
18 0.0213732 0.0175302
19 0.0179741 0.0169744
20 0.0153334 0.0163604
21 0.0140716 0.01565
22 0.01883 0.0156929
23 0.020677 0.0151379
24 0.018646 0.0146611
25 0.0181179 0.0140958
26 0.0138852 0.0142088
27 0.00950169 0.0143766
28 0.0104864 0.0139069
29 0.0105073 0.0134353
30 0.0133872 0.01331
31 0.0123868 0.0129261
32 0.00941047 0.012877
33 0.0141179 0.01335
34 0.0143715 0.0129654
35 0.0145984 0.0126022
36 0.013557 0.012301
37 0.0128254 0.0119953
38 0.0134779 0.0117018
39 0.0116283 0.0115545
40 0.0101834 0.0113615
41 0.00830522 0.0112456
42 0.00816472 0.0109819
43 0.00715602 0.0107767
44 0.00739608 0.0105372
45 0.00843687 0.010358
46 0.010061 0.0102645
47 0.011754 0.0101901
48 0.00956557 0.0102171
49 0.0100942 0.0100246
50 0.00933713 0.00985517
51 0.00910718 0.00966653
52 0.0111178 0.00969321
53 0.00843401 0.00988338
54 0.00783948 0.00972022
55 0.00728954 0.00956089
56 0.00712549 0.00939309
57 0.00749761 0.00923722
58 0.00704555 0.00909055
59 0.00569337 0.00903947
60 0.00651622 0.00892804
61 0.00478208 0.00895243
62 0.00323304 0.00894434
63 0.00236077 0.00884658
64 0.00152673 0.00874926
65 0.00176218 0.00861889
66 0.00113659 0.0085123
67 0.00237279 0.00847681
68 0.00210352 0.00835739
69 0.00241629 0.00824307
70 0.0014347 0.00818521
71 0.00208212 0.00809665
72 0.00218855 0.00798568
73 0.00179076 0.00788706
74 0.00330355 0.00792688
75 0.00333242 0.00782194
76 0.00375087 0.00773102
77 0.00389874 0.00763269
78 0.00522384 0.00765108
79 0.00380776 0.00768641
80 0.00297502 0.00763646
81 0.00191483 0.0076169
82 0.00129925 0.00754971
83 0.000153088 0.00754683
84 -4.78856e-05 0.00746023
85 -0.00155647 0.00752572
86 0.000692733 0.00777132
87 7.91898e-05 0.00770696
88 -0.000947159 0.00768869
89 -0.00109668 0.00760425
90 -9.82558e-05 0.00758621
91 0.00111166 0.00760022
92 0.00153955 0.00753022
93 0.00345765 0.00769265
94 0.00311041 0.00761916
95 0.00237257 0.0075754
96 0.00305627 0.007528
97 0.00442588 0.00757563
98 0.0041189 0.007505
99 0.004288 0.00743149
100 0.00451855 0.00736116
101 0.00357949 0.00734888
102 0.00344491 0.00727842
103 0.00428139 0.00725647
104 0.00730742 0.00779809
105 0.00719345 0.00772501
106 0.0070132 0.0076546
107 0.00786792 0.00763141
108 0.00770142 0.0075629
109 0.00659822 0.0075746
110 0.00765104 0.00757953
111 0.00745866 0.00751401
112 0.00908409 0.00762254
113 0.00863976 0.00756844
114 0.00898163 0.00751012
115 0.00886145 0.00744607
116 0.00881075 0.00738232
117 0.00798532 0.00736589
118 0.00961184 0.00748265
119 0.00953736 0.00742041
120 0.00950514 0.0073589
121 0.00879188 0.0073331
122 0.00802683 0.00731336
123 0.00713229 0.00730909
124 0.00605696 0.00732969
125 0.00567137 0.0072815
126 0.00557365 0.0072246
127 0.00638796 0.00721404
128 0.00701708 0.00718549
129 0.00959702 0.00758242
130 0.00941894 0.00752643
131 0.00913019 0.00747477
132 0.00955893 0.00743073
133 0.00920732 0.00738345
134 0.00876888 0.00734166
135 0.0102323 0.00743296
136 0.0104987 0.00738331
137 0.0105305 0.00732969
138 0.0104967 0.00727684
139 0.010822 0.007232
140 0.0113128 0.00719728
141 0.0126308 0.00726692
142 0.0122329 0.00722688
143 0.012082 0.00717811
144 0.0127476 0.00715944
145 0.012023 0.00714707
146 0.0122433 0.0071017
147 0.0120525 0.00705613
148 0.0117381 0.00701566
149 0.012476 0.0070077
150 0.0118178 0.00699219
151 0.0119239 0.00694684
152 0.0123077 0.00691196
153 0.0125607 0.00687159
154 0.0127385 0.00682942
155 0.0129541 0.00678893
156 0.0124895 0.00676154
157 0.0124162 0.006719
158 0.0130688 0.00670842
159 0.0137059 0.00669674
160 0.0141848 0.00667222
161 0.0136842 0.00664978
162 0.0128641 0.00665955
163 0.0132577 0.00663051
164 0.0135596 0.00659711
165 0.0135806 0.00655728
166 0.0134615 0.00651899
167 0.0129277 0.00650202
168 0.0124578 0.00648049
169 0.0118813 0.00646799
170 0.011114 0.00647568
171 0.0104896 0.00646813
172 0.0102245 0.0064361
173 0.0100119 0.00640253
174 0.0104362 0.00637996
175 0.010363 0.00634403
176 0.0110682 0.00634738
177 0.0107705 0.00631864
178 0.0111065 0.00629222
179 0.012034 0.00632552
180 0.0120073 0.00629053
181 0.01176 0.00626076
182 0.0113509 0.00623988
183 0.0111211 0.00621013
184 0.0112949 0.00617891
185 0.0109124 0.00615749
186 0.0109385 0.00612453
187 0.0111922 0.00609715
188 0.0109285 0.00607053
189 0.0109441 0.00603852
190 0.0105008 0.00602315
191 0.0102704 0.00599613
192 0.00983999 0.00598049
193 0.0098696 0.00594965
194 0.0108031 0.00599223
195 0.0110248 0.0059657
196 0.0109406 0.00593593
197 0.0103895 0.00593153
198 0.0104287 0.00590178
199 0.0101386 0.00587936
200 0.0105267 0.0058629
201 0.0112201 0.00587486
202 0.0107941 0.00586134
203 0.0105032 0.00583979
204 0.0113297 0.00586971
205 0.0111984 0.00584262
206 0.010929 0.00582056
207 0.0113281 0.00580625
208 0.0117547 0.00579412
209 0.0111264 0.00580059
210 0.0108972 0.00577758
211 0.0109008 0.00575027
212 0.010521 0.00573579
213 0.0102357 0.00571605
214 0.0103629 0.00569082
215 0.0105938 0.00566912
216 0.0103168 0.00564973
217 0.0104943 0.00562655
218 0.0103492 0.00560268
219 0.0112039 0.00564227
220 0.010713 0.0056381
221 0.0103159 0.00562667
222 0.0105064 0.00560462
223 0.0114633 0.00566101
224 0.0111256 0.0056459
225 0.0107047 0.0056366
226 0.0106914 0.00561173
227 0.0107098 0.00558709
228 0.0103511 0.00557419
229 0.0109952 0.00558715
230 0.011013 0.00556294
231 0.0105094 0.00556176
232 0.0103283 0.0055408
233 0.00980891 0.00554146
234 0.00974892 0.00551816
235 0.0098869 0.00549646
236 0.00999983 0.00547438
237 0.0103091 0.0054601
238 0.00985839 0.00545585
239 0.00951997 0.0054436
240 0.00959983 0.00542156
241 0.0098149 0.00540339
242 0.00965129 0.00538359
243 0.0103652 0.00540881
244 0.0101305 0.0053918
245 0.0103338 0.00537368
246 0.0102828 0.00535213
247 0.0106542 0.00534342
248 0.0104131 0.00532738
249 0.0105232 0.00530717
250 0.0100731 0.00530511
251 0.00969753 0.00529735
252 0.00931217 0.00529042
253 0.00915405 0.00527192
254 0.00911999 0.00525132
255 0.00912664 0.00523077
256 0.00900866 0.00521171
257 0.00917041 0.00519399
258 0.00914572 0.00517396
259 0.00890586 0.0051596
260 0.0086541 0.00514595
261 0.00841958 0.00513164
262 0.00808578 0.00512297
263 0.00798781 0.00510447
264 0.00841296 0.00510291
265 0.00854961 0.00508553
266 0.00862117 0.00506695
267 0.00881656 0.00505179
268 0.00836629 0.00505308
269 0.00827855 0.00503509
270 0.00810634 0.00501943
271 0.00803326 0.00500148
272 0.00789203 0.00498513
273 0.00822011 0.00497772
274 0.008354 0.0049614
275 0.00829512 0.00494374
276 0.00850361 0.00493027
277 0.00835294 0.00491481
278 0.00809638 0.00490388
279 0.00844435 0.00489871
280 0.00866777 0.00488636
281 0.00831271 0.00488193
282 0.00818031 0.00486645
283 0.00807742 0.00485037
284 0.00810869 0.00483342
285 0.00781937 0.00482518
286 0.00827159 0.00482955
287 0.00809404 0.00481603
288 0.00810634 0.00479935
289 0.00819634 0.00478362
290 0.00798599 0.00477179
291 0.00793839 0.00475566
292 0.00769253 0.00474577
293 0.00778101 0.00473043
294 0.00768738 0.0047153
295 0.00766599 0.00469939
296 0.00829165 0.00472514
297 0.00823001 0.00470967
298 0.00908209 0.0047706
299 0.0094199 0.00476666
300 0.00951012 0.00475165
301 0.0096401 0.00473767
302 0.00955975 0.0047227
303 0.00960486 0.00470735
304 0.00914389 0.00471448
305 0.00903369 0.00470034
306 0.00888343 0.00468741
307 0.00889619 0.00467219
308 0.0093379 0.00467794
309 0.00925729 0.00466353
310 0.00904454 0.00465337
311 0.00989579 0.0047159
312 0.00993856 0.004701
313 0.00981466 0.00468765
314 0.00973348 0.00467345
315 0.00996575 0.00466442
316 0.0101991 0.00465553
317 0.01069 0.00466676
318 0.0103103 0.00466757
319 0.0100292 0.00466145
320 0.00993495 0.00464786
321 0.00995226 0.00463343
322 0.00996406 0.00461908
323 0.0100886 0.00460649
324 0.0102403 0.00459479
325 0.0103386 0.00458173
326 0.0102121 0.00456945
327 0.0103494 0.00455757
328 0.0099361 0.00456245
329 0.0098096 0.00455037
330 0.00974612 0.00453704
331 0.00944298 0.0045335
332 0.0095944 0.0045224
333 0.0096437 0.00450911
334 0.010142 0.00452316
335 0.010389 0.00451644
336 0.0113073 0.00459571
337 0.0113175 0.0045821
338 0.0114444 0.00457033
339 0.0112324 0.00456179
340 0.0113186 0.00454921
341 0.0120236 0.00459036
342 0.0120946 0.00457751
343 0.0119006 0.0045683
344 0.0119357 0.00455518
345 0.0118519 0.00454277
346 0.0118238 0.00452974
347 0.0117646 0.0045171
348 0.0121566 0.00452116
349 0.0119755 0.00451185
350 0.0124808 0.00452727
351 0.0122245 0.00452166
352 0.012067 0.00451158
353 0.0121297 0.00449925
354 0.0122142 0.00448736
355 0.0119667 0.00448158
356 0.0119378 0.0044691
357 0.0117001 0.00446294
358 0.0117546 0.00445082
359 0.0121005 0.0044519
360 0.0121007 0.00443955
361 0.0120205 0.00442799
362 0.0119768 0.00441599
363 0.0120707 0.00440485
364 0.0119185 0.0043954
365 0.0120737 0.00438612
366 0.0119373 0.00437628
367 0.0118086 0.00436626
368 0.0118649 0.00435478
369 0.0118352 0.00434309
370 0.0118385 0.00433137
371 0.0120068 0.00432299
372 0.0118388 0.00431466
373 0.0117766 0.00430356
374 0.011789 0.00429208
375 0.0115556 0.00428701
376 0.0114304 0.00427746
377 0.0115914 0.00426917
378 0.0115029 0.00425881
379 0.0113659 0.00424979
380 0.0110691 0.00424901
381 0.0110356 0.004238
382 0.0109551 0.00422769
383 0.0110187 0.00421714
384 0.0111377 0.00420786
385 0.0109215 0.0042025
386 0.0109366 0.00419166
387 0.0110513 0.00418241
388 0.0107295 0.00418404
389 0.0105547 0.00417696
390 0.0103368 0.00417196
391 0.0104654 0.00416329
392 0.0104206 0.00415292
393 0.0109354 0.00417424
394 0.0109819 0.00416392
395 0.0110596 0.00415412
396 0.0108762 0.0041477
397 0.0108039 0.0041379
398 0.0105046 0.00413835
399 0.0103725 0.0041301
400 0.0101824 0.00412417
401 0.0100381 0.00411643
402 0.0100259 0.00410622
403 0.00980761 0.00410186
404 0.0100431 0.00409849
405 0.00980826 0.00409512
406 0.0095804 0.0040914
407 0.00997681 0.00410056
408 0.00972553 0.00409823
409 0.00970961 0.00408826
410 0.00933824 0.00409517
411 0.00930475 0.00408536
412 0.00913864 0.00407884
413 0.00916257 0.00406904
414 0.00899368 0.00406274
415 0.00911621 0.00405481
416 0.00888195 0.00405185
417 0.00888459 0.00404215
418 0.00878154 0.00403381
419 0.00861429 0.00402766
420 0.00848029 0.00402032
421 0.00848765 0.00401079
422 0.00866382 0.00400517
423 0.00874324 0.0039965
424 0.00855318 0.00399162
425 0.00847747 0.00398296
426 0.0084537 0.00397369
427 0.00840928 0.00396464
428 0.00831302 0.00395656
429 0.00841761 0.00394873
430 0.00822732 0.00394415
431 0.00825447 0.00393511
432 0.00828899 0.00392616
433 0.00813879 0.00391998
434 0.00824506 0.0039124
435 0.0084478 0.00390868
436 0.00826646 0.00390394
437 0.00821178 0.0038954
438 0.00795349 0.00389509
439 0.00793073 0.0038863
440 0.00807972 0.00388033
441 0.00785131 0.00387828
442 0.00784665 0.00386952
443 0.00770398 0.00386343
444 0.00772875 0.00385481
445 0.00759483 0.00384849
446 0.00766574 0.00384053
447 0.00762364 0.00383218
448 0.00754966 0.00382435
449 0.00744919 0.00381716
450 0.00734136 0.00381021
451 0.00724712 0.00380294
452 0.00720806 0.00379474
453 0.00706771 0.00378897
454 0.00704579 0.0037807
455 0.00691375 0.00377471
456 0.00681149 0.00376783
457 0.00649246 0.00377311
458 0.00622129 0.00377463
459 0.00698475 0.00384301
460 0.00682196 0.00383812
461 0.00685195 0.00382992
462 0.00676251 0.00382269
463 0.0067927 0.00381456
464 0.00701067 0.00381259
465 0.00754656 0.00384195
466 0.00810111 0.00387362
467 0.00824781 0.00386812
468 0.00826886 0.00385992
469 0.00835158 0.00385258
470 0.00821099 0.00384696
471 0.00836642 0.00384195
472 0.00908014 0.00389969
473 0.00885956 0.0038977
474 0.00877822 0.00389034
475 0.00875037 0.00388225
476 0.00869262 0.00387454
477 0.00888243 0.00387108
478 0.00878146 0.00386431
479 0.00890808 0.00385833
480 0.00876645 0.0038529
481 0.00901352 0.00385283
482 0.00870203 0.00385744
483 0.00873778 0.00384963
484 0.00879069 0.00384205
485 0.00884954 0.00383459
486 0.00873868 0.00382831
487 0.00865171 0.00382145
488 0.00851921 0.00381593
489 0.00859709 0.00380893
490 0.00853485 0.00380167
491 0.0090766 0.00383242
492 0.00906912 0.00382465
493 0.00905867 0.00381691
494 0.00897585 0.00381009
495 0.00885026 0.00380447
496 0.00869062 0.00380017
497 0.00866044 0.00379265
498 0.00858518 0.00378579
499 0.00866702 0.0037791
500 0.00883749 0.0037754
501 0.00889779 0.00376835
502 0.00898166 0.00376179
503 0.00894243 0.00375452
504 0.00898562 0.00374733
505 0.00882353 0.00374342
506 0.00883278 0.00373604
507 0.00885677 0.00372876
508 0.00887986 0.0037215
509 0.00873384 0.00371706
510 0.0086097 0.00371186
511 0.00868589 0.00370539
512 0.00852958 0.00370146
513 0.00866061 0.00369657
514 0.00861688 0.00368965
515 0.00861528 0.00368249
516 0.0086992 0.00367632
517 0.00854234 0.00367257
518 0.0084265 0.00366731
519 0.00831911 0.00366183
520 0.00814465 0.00365895
521 0.00815936 0.00365197
522 0.00807389 0.00364598
523 0.00819231 0.00364094
524 0.00787487 0.00364784
525 0.00797591 0.0036423
526 0.0078606 0.00363721
527 0.00787885 0.00363036
528 0.00796259 0.00362446
529 0.00800857 0.00361791
530 0.00825972 0.00361981
531 0.00816081 0.00361435
532 0.0080706 0.00360869
533 0.00821591 0.00360486
534 0.00826913 0.00359851
535 0.00839389 0.00359395
536 0.00839707 0.00358725
537 0.00830128 0.00358186
538 0.0083767 0.00357601
539 0.00847519 0.00357074
540 0.00849895 0.00356421
541 0.00856497 0.00355824
542 0.00842039 0.00355462
543 0.00842742 0.00354809
544 0.00832803 0.00354297
545 0.00843267 0.00353802
546 0.00829609 0.00353419
547 0.00846176 0.00353162
548 0.00849142 0.0035253
549 0.00861928 0.00352121
550 0.00842385 0.00352024
551 0.00845947 0.00351404
552 0.00846208 0.00350768
553 0.00864233 0.00350598
554 0.0084051 0.00350769
555 0.00834736 0.00350185
556 0.00815185 0.00350102
557 0.00810997 0.00349499
558 0.00814778 0.00348894
559 0.00810104 0.00348302
560 0.00800204 0.00347821
561 0.00804179 0.00347225
562 0.00807719 0.00346625
563 0.00815588 0.003461
564 0.00812034 0.00345505
565 0.00804075 0.00344986
566 0.00809634 0.00344422
567 0.00813604 0.00343838
568 0.0082894 0.00343575
569 0.0082634 0.00342982
570 0.00818411 0.00342472
571 0.00806907 0.00342067
572 0.00855084 0.00344851
573 0.0084037 0.00344564
574 0.00829732 0.00344129
575 0.00809023 0.00344154
576 0.0085685 0.0034687
577 0.00847578 0.00346394
578 0.00844403 0.0034581
579 0.00841271 0.00345227
580 0.00833176 0.00344727
581 0.00832547 0.00344135
582 0.00827991 0.00343575
583 0.00803823 0.00343836
584 0.00808583 0.00343281
585 0.00819968 0.00342884
586 0.00826518 0.00342362
587 0.00822984 0.00341797
588 0.00822671 0.00341217
589 0.00822964 0.00340638
590 0.00851102 0.00341223
591 0.00828668 0.00341384
592 0.0084552 0.00341225
593 0.00838935 0.00340713
594 0.00861918 0.00340916
595 0.00857505 0.00340372
596 0.00861615 0.00339826
597 0.00861893 0.00339257
598 0.00852858 0.00338811
599 0.00839262 0.00338519
600 0.00830189 0.00338077
601 0.00817046 0.00337771
602 0.00808718 0.00337313
603 0.0080442 0.00336782
604 0.00796315 0.00336322
605 0.00818789 0.00336518
606 0.00820231 0.00335966
607 0.00804791 0.00335768
608 0.00803547 0.00335219
609 0.00806278 0.0033468
610 0.00792068 0.00334434
611 0.00802033 0.00334036
612 0.00794789 0.00333569
613 0.00788989 0.00333076
614 0.00798097 0.00332658
615 0.0084472 0.00335374
616 0.0085486 0.00334984
617 0.00860139 0.00334483
618 0.00861451 0.00333945
619 0.0084779 0.00333686
620 0.00874357 0.00334205
621 0.00872252 0.00333674
622 0.00853368 0.00333673
623 0.00825174 0.00334329
624 0.00828291 0.00333808
625 0.00825172 0.00333289
626 0.00829334 0.00332783
627 0.00838697 0.00332384
628 0.00828655 0.00332008
629 0.00842799 0.00331782
630 0.00834833 0.00331351
631 0.00846036 0.00331016
632 0.00836714 0.00330624
633 0.00838786 0.00330109
634 0.00835472 0.00329605
635 0.00823452 0.00329306
636 0.0088638 0.00334757
637 0.00887545 0.00334233
638 0.00875075 0.00333943
639 0.00867998 0.00333496
640 0.00846858 0.00333646
641 0.00835786 0.00333309
642 0.00824375 0.00332986
643 0.0082078 0.00332488
644 0.00806273 0.00332289
645 0.0082135 0.00332117
646 0.00822171 0.00331604
647 0.00790232 0.00332629
648 0.00796345 0.00332172
649 0.00796728 0.00331661
650 0.00788971 0.00331242
651 0.00794421 0.00330778
652 0.00826886 0.00331863
653 0.00822216 0.00331388
654 0.00820713 0.00330885
655 0.00813915 0.00330451
656 0.00803354 0.00330116
657 0.00793453 0.00329763
658 0.00802302 0.00329381
659 0.00803219 0.00328883
660 0.00814216 0.00328569
661 0.00809459 0.00328107
662 0.00806558 0.00327624
663 0.0079783 0.00327247
664 0.00784351 0.00327032
665 0.00792435 0.00326641
666 0.00790485 0.00326157
667 0.00788101 0.00325677
668 0.00772269 0.00325575
669 0.00788575 0.00325497
670 0.00769062 0.00325597
671 0.00768078 0.00325114
672 0.00762956 0.00324671
673 0.00762416 0.00324189
674 0.00753522 0.0032383
675 0.00746728 0.00323422
676 0.00753586 0.00323017
677 0.00763803 0.00322702
678 0.0074074 0.00323051
679 0.00743261 0.00322585
680 0.00734652 0.00322226
681 0.00734028 0.00321754
682 0.00726759 0.00321365
683 0.0071151 0.00321257
684 0.00707446 0.00320813
685 0.00704998 0.00320355
686 0.00691724 0.00320163
687 0.00684823 0.00319772
688 0.00675006 0.00319458
689 0.00675735 0.00318996
690 0.00669661 0.00318592
691 0.00661029 0.00318248
692 0.00685664 0.00318742
693 0.00675598 0.00318442
694 0.00678741 0.00317999
695 0.0066496 0.0031784
696 0.00664577 0.00317384
697 0.00673994 0.00317069
698 0.00680503 0.00316682
699 0.00662836 0.00316722
700 0.00654538 0.00316379
701 0.00662244 0.00316022
702 0.00681735 0.00316173
703 0.006818 0.00315724
704 0.00718976 0.0031746
705 0.00710035 0.00317136
706 0.00708793 0.0031669
707 0.00706128 0.00316253
708 0.00699756 0.00315871
709 0.00695597 0.00315453
710 0.00689268 0.00315073
711 0.00694142 0.00314668
712 0.00672595 0.00314964
713 0.0067098 0.00314527
714 0.00654615 0.00314513
715 0.00656019 0.00314076
716 0.00651451 0.00313671
717 0.00646844 0.00313268
718 0.00642182 0.00312867
719 0.00644534 0.00312441
720 0.0063767 0.00312083
721 0.0063956 0.00311656
722 0.00621799 0.00311731
723 0.00618485 0.00311318
724 0.00620354 0.00310894
725 0.00630821 0.00310641
726 0.00623769 0.00310294
727 0.00611763 0.003101
728 0.00618806 0.00309754
729 0.00624079 0.00309375
730 0.0062845 0.00308982
731 0.00614968 0.00308854
732 0.0060671 0.00308543
733 0.00599238 0.00308213
734 0.00589679 0.00307942
735 0.00591591 0.00307529
736 0.00590913 0.00307112
737 0.00597726 0.00306771
738 0.00635018 0.00308617
739 0.00642177 0.00308283
740 0.00641123 0.00307869
741 0.00630436 0.00307639
742 0.0061067 0.0030786
743 0.00610663 0.00307446
744 0.00596702 0.0030735
745 0.00600549 0.00306962
746 0.00585922 0.003069
747 0.00583759 0.00306497
748 0.00580981 0.003061
749 0.00575803 0.00305735
750 0.00562948 0.00305598
751 0.00556368 0.00305263
752 0.00550905 0.00304906
753 0.00570016 0.003051
754 0.00560873 0.00304833
755 0.00560145 0.00304431
756 0.00566199 0.00304088
757 0.00565175 0.00303689
758 0.00563515 0.00303293
759 0.00566673 0.0030291
760 0.00563761 0.00302526
761 0.0055702 0.00302204
762 0.00540886 0.00302238
763 0.00563491 0.00302688
764 0.00593076 0.00303736
765 0.00610736 0.00303853
766 0.00615631 0.00303496
767 0.00619843 0.0030313
768 0.0061744 0.00302745
769 0.00614767 0.00302363
770 0.00596826 0.00302503
771 0.00594308 0.00302122
772 0.00592331 0.00301737
773 0.0059376 0.0030135
774 0.00611362 0.00301476
775 0.00596893 0.00301434
776 0.00590939 0.00301105
777 0.0058349 0.0030081
778 0.0058625 0.00300436
779 0.00599191 0.0030033
780 0.00588945 0.0030012
781 0.00585108 0.0029976
782 0.00584925 0.00299377
783 0.00588661 0.00299019
784 0.00594484 0.00298694
785 0.00579141 0.00298708
786 0.00585152 0.00298389
787 0.00585161 0.0029801
788 0.00583578 0.00297636
789 0.00580674 0.00297274
790 0.00573979 0.00296973
791 0.00577852 0.00296623
792 0.00569142 0.00296377
793 0.00583067 0.00296331
794 0.00591824 0.00296087
795 0.00587805 0.00295742
796 0.00579901 0.00295477
797 0.00576084 0.00295131
798 0.00578946 0.00294775
799 0.00572988 0.00294467
800 0.00556334 0.0029457
801 0.00544469 0.00294442
802 0.00534565 0.00294242
803 0.00533186 0.00293879
804 0.00546316 0.00293807
805 0.00556581 0.00293622
806 0.00550251 0.00293326
807 0.00547677 0.00292974
808 0.00545357 0.00292621
809 0.00549332 0.00292286
810 0.0054759 0.00291931
811 0.00536939 0.00291765
812 0.00550307 0.00291713
813 0.0058903 0.00293916
814 0.00583812 0.00293602
815 0.00571283 0.00293509
816 0.00571051 0.0029315
817 0.00561376 0.00292951
818 0.00563579 0.00292601
819 0.00570547 0.00292327
820 0.00572098 0.00291975
821 0.00567018 0.00291664
822 0.00558943 0.00291421
823 0.00550764 0.00291182
824 0.00548941 0.00290835
825 0.00550691 0.00290488
826 0.0054408 0.00290212
827 0.00542129 0.00289868
828 0.00535062 0.00289604
829 0.00528462 0.0028933
830 0.00514898 0.002893
831 0.00508126 0.00289031
832 0.00507454 0.00288685
833 0.0050179 0.00288394
834 0.00496451 0.00288098
835 0.00520826 0.00288784
836 0.00519495 0.00288442
837 0.00517011 0.00288108
838 0.00508991 0.00287876
839 0.00495599 0.00287845
840 0.00509366 0.00287832
841 0.00499348 0.00287664
842 0.00524349 0.00288409
843 0.00533253 0.00288204
844 0.00537391 0.00287893
845 0.00525032 0.00287818
846 0.00522502 0.00287489
847 0.00518875 0.00287172
848 0.00524196 0.00286883
849 0.00528549 0.00286579
850 0.00537805 0.00286391
851 0.00549049 0.00286276
852 0.00543595 0.00285992
853 0.00536966 0.00285734
854 0.00544798 0.00285507
855 0.00538048 0.00285253
856 0.00525481 0.00285197
857 0.00523716 0.0028487
858 0.00556904 0.00286467
859 0.00551282 0.00286189
860 0.00544376 0.0028594
861 0.0054278 0.00285613
862 0.00537577 0.00285329
863 0.0054234 0.00285038
864 0.00530619 0.0028495
865 0.00519418 0.00284841
866 0.0052856 0.00284659
867 0.00521808 0.00284411
868 0.00527555 0.00284141
869 0.00540316 0.00284101
870 0.00551037 0.00283978
871 0.00547357 0.00283676
872 0.00541074 0.0028342
873 0.0058279 0.00286153
874 0.00581242 0.0028583
875 0.00579714 0.00285507
876 0.00579017 0.00285182
877 0.00579926 0.00284859
878 0.00583438 0.00284556
879 0.0058595 0.00284244
880 0.00589076 0.00283938
881 0.00599956 0.00283825
882 0.00635611 0.00285736
883 0.00648335 0.00285696
884 0.00640983 0.00285468
885 0.00639247 0.00285151
886 0.00634044 0.00284877
887 0.00623651 0.00284746
888 0.00621024 0.00284437
889 0.00620488 0.00284118
890 0.00633721 0.00284107
891 0.00633938 0.00283789
892 0.00638827 0.00283513
893 0.00640608 0.00283201
894 0.0063654 0.00282914
895 0.00639819 0.00282617
896 0.00632064 0.00282408
897 0.00634473 0.00282104
898 0.00639984 0.00281844
899 0.00636541 0.00281551
900 0.0063734 0.0028124
901 0.00631585 0.00280987
902 0.00635862 0.00280708
903 0.00641673 0.00280458
904 0.00658311 0.00280641
905 0.00671224 0.00280628
906 0.00674491 0.00280338
907 0.0066283 0.00280272
908 0.00655149 0.00280069
909 0.00647358 0.00279869
910 0.00647471 0.00279562
911 0.00660547 0.00279561
912 0.00661922 0.00279258
913 0.00659901 0.0027896
914 0.00656801 0.00278672
915 0.0065345 0.00278388
916 0.00650413 0.002781
917 0.00649056 0.00277801
918 0.00641192 0.0027761
919 0.00641947 0.00277309
920 0.00637396 0.00277045
921 0.00633559 0.00276771
922 0.00639131 0.00276527
923 0.00621433 0.00276794
924 0.00627769 0.00276567
925 0.00618312 0.0027643
926 0.00621569 0.00276151
927 0.00624704 0.00275871
928 0.00621836 0.00275589
929 0.00616411 0.00275346
930 0.00613562 0.00275065
931 0.00606339 0.00274864
932 0.00617844 0.0027481
933 0.00615758 0.00274524
934 0.0061956 0.00274256
935 0.0060798 0.00274208
936 0.00611274 0.00273935
937 0.00604919 0.00273717
938 0.00604064 0.00273426
939 0.00602117 0.00273142
940 0.00601368 0.00272853
941 0.00591118 0.00272756
942 0.00589347 0.00272472
943 0.00582594 0.00272267
944 0.005771 0.00272034
945 0.00575735 0.0027175
946 0.00568864 0.0027155
947 0.00570199 0.00271266
948 0.00569009 0.00270983
949 0.00572534 0.00270721
950 0.00574191 0.00270441
951 0.0057286 0.0027016
952 0.00569669 0.00269895
953 0.00564872 0.00269655
954 0.00578911 0.00269738
955 0.00585488 0.00269536
956 0.00584393 0.00269256
957 0.00574328 0.00269163
958 0.00570741 0.00268906
959 0.00573099 0.00268636
960 0.00575142 0.00268365
961 0.00563326 0.00268346
962 0.00579504 0.00268555
963 0.00567538 0.00268543
964 0.00574772 0.00268362
965 0.00564598 0.00268277
966 0.00552887 0.00268255
967 0.00553895 0.0026798
968 0.00544078 0.00267883
969 0.00547841 0.00267633
970 0.00556386 0.00267494
971 0.00562928 0.00267298
972 0.00562093 0.00267025
973 0.00566639 0.00266789
974 0.00565191 0.0026652
975 0.00567457 0.00266256
976 0.00584984 0.0026656
977 0.00576079 0.00266436
978 0.00574072 0.00266172
979 0.00581968 0.00266017
980 0.00575248 0.00265831
981 0.00568897 0.00265636
982 0.0056326 0.00265425
983 0.00560573 0.00265169
984 0.00553362 0.00264998
985 0.00555534 0.00264738
986 0.00550382 0.0026452
987 0.00551894 0.00264256
988 0.00556138 0.00264023
989 0.00549101 0.0026385
990 0.00543325 0.00263647
991 0.00548843 0.00263439
992 0.00560636 0.00263437
993 0.00560314 0.00263172
994 0.00587739 0.00264334
995 0.00590613 0.00264084
996 0.0059403 0.00263841
997 0.00603935 0.00263763
998 0.00599074 0.00263544
999 0.00594415 0.00263321
