0 -0.0313122 0
1 0.0513251 0.0826374
2 0.00939963 0.0635142
3 -0.00186427 0.0463023
4 -0.0241702 0.0422362
5 -0.0110796 0.0368867
6 -0.0200083 0.0324284
7 -0.0235806 0.0283101
8 -0.0274952 0.0252722
9 -0.0333109 0.0233403
10 -0.0296836 0.0214215
11 -0.0324704 0.0197526
12 -0.0241558 0.0199818
13 -0.0278554 0.0188659
14 -0.0239641 0.0179891
15 -0.024655 0.0168414
16 -0.0259849 0.0158756
17 -0.019949 0.0161388
18 -0.0187196 0.0153152
19 -0.0234145 0.015269
20 -0.0254788 0.0146697
21 -0.0258504 0.013992
22 -0.0268803 0.0134094
23 -0.0228649 0.0134518
24 -0.0238742 0.0129419
25 -0.0231162 0.0124573
26 -0.0246337 0.0120827
27 -0.0213707 0.0120917
28 -0.0184798 0.0120202
29 -0.0171913 0.0116838
30 -0.017078 0.0113012
31 -0.0160727 0.0109884
32 -0.0161062 0.0106503
33 -0.0153853 0.0103574
34 -0.0122635 0.0105305
35 -0.0143426 0.0104429
36 -0.0150268 0.0101798
37 -0.011312 0.0105817
38 -0.00957955 0.0104514
39 -0.00798167 0.0103114
40 -0.00789935 0.0100571
41 -0.00986796 0.0100102
42 -0.0111384 0.00985681
43 -0.0108629 0.00963412
44 -0.0132894 0.00972518
45 -0.0123651 0.00955622
46 -0.0142654 0.00954183
47 -0.0139856 0.00934512
48 -0.014468 0.00916512
49 -0.0149747 0.00899423
50 -0.0108044 0.00975266
51 -0.0107869 0.00956329
52 -0.0102734 0.00939516
53 -0.00817125 0.00945616
54 -0.00935741 0.00935811
55 -0.00999213 0.00921138
56 -0.00890843 0.009113
57 -0.0105134 0.00909719
58 -0.0101799 0.00894789
59 -0.00986471 0.00880314
60 -0.0092002 0.00868309
61 -0.00525472 0.00940907
62 -0.0056995 0.0092692
63 -0.00491981 0.00915647
64 -0.00409512 0.00905215
65 -0.00466119 0.00893189
66 -0.00491697 0.00880129
67 -0.00656772 0.00882663
68 -0.0074765 0.00874511
69 -0.00321302 0.00961609
70 -0.0037377 0.0094942
71 -0.00446866 0.0093899
72 0.00646452 0.0143279
73 0.00572417 0.0141523
74 0.00450325 0.0140156
75 0.00385004 0.0138454
76 0.00255924 0.0137253
77 0.000961351 0.013642
78 0.000591958 0.0134733
79 0.00103725 0.0133113
80 0.000485913 0.0131575
81 7.46229e-05 0.0130025
82 0.00136613 0.0129097
83 0.00197648 0.0127697
84 0.00317591 0.0126754
85 0.00288826 0.0125305
86 0.00517242 0.0125945
87 0.00442608 0.0124729
88 0.00410838 0.012336
89 0.0034394 0.0122165
90 0.00386331 0.012089
91 0.00433476 0.0119661
92 0.00369768 0.0118539
93 0.00441627 0.0117491
94 0.00372224 0.0116455
95 0.00413544 0.0115309
96 0.00518887 0.01146
97 0.00497146 0.0113445
98 0.00506023 0.0112297
99 0.00521826 0.0111179
