0 7.93235e-11 0
1 7.63584e-11 2.96512e-12
2 7.53582e-11 1.98272e-12
3 7.78403e-11 2.85076e-12
4 7.83214e-11 2.25999e-12
5 7.91345e-11 2.01646e-12
6 7.99721e-11 1.89891e-12
7 7.98626e-11 1.64814e-12
8 8.0033e-11 1.46348e-12
9 8.01033e-11 1.31086e-12
10 8.00514e-11 1.18685e-12
11 8.03359e-11 1.12018e-12
12 7.99403e-11 1.10375e-12
13 7.94806e-11 1.1205e-12
14 8.01062e-11 1.21635e-12
15 7.92397e-11 1.43019e-12
16 7.89149e-11 1.38214e-12
17 7.95425e-11 1.44635e-12
18 7.91073e-11 1.43566e-12
19 7.96623e-11 1.47071e-12
20 7.98521e-11 1.41175e-12
21 7.9636e-11 1.36329e-12
22 7.96345e-11 1.30267e-12
23 7.9762e-11 1.25371e-12
24 7.98636e-11 1.2068e-12
25 8.00671e-11 1.17718e-12
26 7.92371e-11 1.40427e-12
27 7.9582e-11 1.39647e-12
28 7.95285e-11 1.34851e-12
29 7.93732e-11 1.31201e-12
30 7.93802e-11 1.269e-12
31 7.94065e-11 1.22899e-12
32 7.93127e-11 1.19485e-12
33 7.95986e-11 1.19391e-12
34 7.99107e-11 1.20057e-12
35 8.00267e-11 1.1725e-12
36 7.99771e-11 1.14144e-12
37 7.99645e-11 1.11107e-12
38 7.96928e-11 1.1158e-12
39 7.99237e-11 1.11179e-12
40 7.97619e-11 1.09633e-12
41 7.9755e-11 1.06993e-12
42 7.98406e-11 1.04825e-12
43 8.00474e-11 1.04482e-12
44 8.00902e-11 1.02224e-12
45 7.99474e-11 1.00991e-12
46 7.99236e-11 9.88479e-13
47 7.97239e-11 9.88048e-13
48 7.97139e-11 9.67726e-13
49 7.98659e-11 9.60282e-13
50 8.01288e-11 9.77285e-13
51 8.02099e-11 9.61737e-13
52 8.01223e-11 9.47479e-13
53 8.00765e-11 9.30895e-13
54 7.99885e-11 9.18041e-13
55 8.01232e-11 9.11503e-13
56 8.01783e-11 8.97068e-13
57 8.02092e-11 8.82007e-13
58 8.01916e-11 8.67109e-13
59 8.00413e-11 8.65685e-13
60 8.00212e-11 8.51612e-13
61 8.00592e-11 8.38624e-13
62 8.00256e-11 8.2589e-13
63 7.98976e-11 8.22891e-13
64 7.98611e-11 8.10956e-13
65 7.98529e-11 7.98616e-13
66 7.97541e-11 7.92785e-13
67 7.99382e-11 8.02422e-13
68 7.98603e-11 7.94533e-13
69 7.99945e-11 7.94512e-13
70 8.00298e-11 7.84039e-13
71 8.01136e-11 7.77599e-13
72 8.00967e-11 7.67059e-13
73 8.02328e-11 7.68767e-13
74 8.02226e-11 7.58516e-13
75 8.03142e-11 7.54045e-13
76 8.03299e-11 7.44356e-13
77 8.03164e-11 7.34876e-13
78 8.03973e-11 7.30016e-13
79 8.02685e-11 7.32251e-13
80 8.02735e-11 7.23172e-13
81 8.03144e-11 7.15468e-13
82 8.0215e-11 7.13752e-13
83 8.02312e-11 7.0539e-13
84 8.02381e-11 6.97076e-13
85 8.02215e-11 6.89122e-13
86 8.03663e-11 6.96375e-13
87 8.03363e-11 6.89067e-13
88 8.04536e-11 6.91293e-13
89 8.04414e-11 6.83678e-13
90 8.04525e-11 6.76215e-13
91 8.04142e-11 6.69921e-13
92 8.03211e-11 6.69191e-13
93 8.03658e-11 6.63541e-13
94 8.04382e-11 6.60504e-13
95 8.04703e-11 6.54372e-13
96 8.04892e-11 6.47868e-13
97 8.04947e-11 6.41246e-13
98 8.05697e-11 6.39151e-13
99 8.04911e-11 6.37587e-13
100 8.05162e-11 6.31742e-13
101 8.04329e-11 6.31032e-13
102 8.04914e-11 6.27604e-13
103 8.04129e-11 6.26484e-13
104 8.04903e-11 6.25305e-13
105 8.05083e-11 6.19639e-13
106 8.05662e-11 6.16543e-13
107 8.05752e-11 6.10875e-13
108 8.05923e-11 6.05485e-13
109 8.05833e-11 6.00023e-13
110 8.06281e-11 5.9628e-13
111 8.07525e-11 6.03883e-13
112 8.07744e-11 5.98917e-13
113 8.07359e-11 5.9489e-13
114 8.07143e-11 5.9009e-13
115 8.07104e-11 5.84994e-13
116 8.07161e-11 5.8e-13
117 8.06893e-11 5.75688e-13
118 8.07724e-11 5.76857e-13
119 8.08024e-11 5.72814e-13
120 8.08212e-11 5.68373e-13
121 8.09103e-11 5.70692e-13
122 8.09467e-11 5.672e-13
123 8.09211e-11 5.6319e-13
124 8.09085e-11 5.58808e-13
125 8.09146e-11 5.5439e-13
126 8.08876e-11 5.50672e-13
127 8.08201e-11 5.50501e-13
128 8.09251e-11 5.5621e-13
129 8.09086e-11 5.52161e-13
130 8.08952e-11 5.48095e-13
131 8.08683e-11 5.44588e-13
132 8.09099e-11 5.42077e-13
133 8.08775e-11 5.38996e-13
134 8.08868e-11 5.35071e-13
135 8.08424e-11 5.32975e-13
136 8.07922e-11 5.31447e-13
137 8.07449e-11 5.29696e-13
138 8.07585e-11 5.26046e-13
139 8.07572e-11 5.22276e-13
140 8.06847e-11 5.23594e-13
141 8.05814e-11 5.30065e-13
142 8.05615e-11 5.26719e-13
143 8.0607e-11 5.25019e-13
144 8.06178e-11 5.21498e-13
145 8.05701e-11 5.20108e-13
146 8.05537e-11 5.16816e-13
147 8.05172e-11 5.14607e-13
148 8.04782e-11 5.12629e-13
149 8.05526e-11 5.14599e-13
150 8.05267e-11 5.11834e-13
151 8.05568e-11 5.09345e-13
152 8.06296e-11 5.11223e-13
153 8.05858e-11 5.09782e-13
154 8.05283e-11 5.09728e-13
155 8.05588e-11 5.07365e-13
156 8.05827e-11 5.04691e-13
157 8.06329e-11 5.03988e-13
158 8.06844e-11 5.03448e-13
159 8.07196e-11 5.01529e-13
160 8.0772e-11 5.0115e-13
161 8.06772e-11 5.06974e-13
162 8.06606e-11 5.0413e-13
163 8.06148e-11 5.03138e-13
164 8.05616e-11 5.02897e-13
165 8.05081e-11 5.02713e-13
166 8.04701e-11 5.01134e-13
167 8.04597e-11 4.98252e-13
168 8.04523e-11 4.9535e-13
169 8.04175e-11 4.93651e-13
170 8.04072e-11 4.90865e-13
171 8.04261e-11 4.8837e-13
172 8.04234e-11 4.85546e-13
173 8.0426e-11 4.82754e-13
174 8.04587e-11 4.81098e-13
175 8.03818e-11 4.84493e-13
176 8.03963e-11 4.81966e-13
177 8.03957e-11 4.79251e-13
178 8.0442e-11 4.78803e-13
179 8.04043e-11 4.77625e-13
180 8.03918e-11 4.75144e-13
181 8.03152e-11 4.78687e-13
182 8.03433e-11 4.76891e-13
183 8.03454e-11 4.74296e-13
184 8.03382e-11 4.7178e-13
185 8.03123e-11 4.69949e-13
186 8.02914e-11 4.67898e-13
187 8.03494e-11 4.68999e-13
188 8.0338e-11 4.66648e-13
189 8.03019e-11 4.65589e-13
190 8.02748e-11 4.63935e-13
191 8.02722e-11 4.6152e-13
192 8.02624e-11 4.59228e-13
193 8.02532e-11 4.56948e-13
194 8.02728e-11 4.55022e-13
195 8.03012e-11 4.53585e-13
196 8.02613e-11 4.53035e-13
197 8.02258e-11 4.52135e-13
198 8.02549e-11 4.50797e-13
199 8.02453e-11 4.4864e-13
200 8.0253e-11 4.46468e-13
201 8.02309e-11 4.448e-13
202 8.02208e-11 4.42719e-13
203 8.0225e-11 4.40563e-13
204 8.01861e-11 4.40132e-13
205 8.02161e-11 4.39019e-13
206 8.01712e-11 4.39198e-13
207 8.01834e-11 4.37252e-13
208 8.01411e-11 4.37207e-13
209 8.01221e-11 4.35531e-13
210 8.00955e-11 4.34278e-13
211 8.01492e-11 4.35546e-13
212 8.01287e-11 4.33983e-13
213 8.01245e-11 4.3197e-13
214 8.00766e-11 4.32612e-13
215 8.00519e-11 4.31312e-13
216 8.00213e-11 4.3041e-13
217 8.00521e-11 4.29533e-13
218 8.00422e-11 4.27682e-13
219 8.00266e-11 4.26018e-13
220 8.00429e-11 4.244e-13
221 7.99871e-11 4.26161e-13
222 7.99403e-11 4.26818e-13
223 7.99567e-11 4.25226e-13
224 7.99168e-11 4.25206e-13
225 7.99227e-11 4.23361e-13
226 7.98878e-11 4.22942e-13
227 7.99247e-11 4.22704e-13
228 7.99553e-11 4.21965e-13
229 7.99387e-11 4.20455e-13
230 7.9941e-11 4.18637e-13
231 7.99077e-11 4.1816e-13
232 7.98707e-11 4.18003e-13
233 7.98327e-11 4.17941e-13
234 7.99032e-11 4.22081e-13
235 7.99015e-11 4.20292e-13
236 7.99496e-11 4.21263e-13
237 8.00085e-11 4.23604e-13
238 8.00199e-11 4.21984e-13
239 8.00255e-11 4.20259e-13
240 8.00835e-11 4.22522e-13
241 8.00624e-11 4.21304e-13
242 8.00603e-11 4.19572e-13
243 8.00175e-11 4.20032e-13
244 8.00266e-11 4.18412e-13
245 7.99662e-11 4.21072e-13
246 7.99531e-11 4.19566e-13
247 7.99497e-11 4.17885e-13
248 7.99576e-11 4.16279e-13
249 7.99349e-11 4.15232e-13
250 7.99807e-11 4.16107e-13
251 8.00254e-11 4.16856e-13
252 8.00336e-11 4.15285e-13
253 8.00564e-11 4.14277e-13
254 8.00353e-11 4.13188e-13
255 8.00272e-11 4.11651e-13
256 8.00482e-11 4.10583e-13
257 8.0027e-11 4.09539e-13
258 8.00555e-11 4.08951e-13
259 8.00508e-11 4.07402e-13
260 8.00952e-11 4.08262e-13
261 8.0113e-11 4.07089e-13
262 8.00725e-11 4.07554e-13
263 8.00393e-11 4.07369e-13
264 8.00341e-11 4.05861e-13
265 8.00362e-11 4.04338e-13
266 8.00643e-11 4.03794e-13
267 8.00673e-11 4.02296e-13
268 8.00414e-11 4.01636e-13
269 8.00677e-11 4.01013e-13
270 8.00385e-11 4.00602e-13
271 8.00209e-11 3.99514e-13
272 7.99964e-11 3.988e-13
273 7.99852e-11 3.97499e-13
274 7.99447e-11 3.98121e-13
275 7.99596e-11 3.96955e-13
276 7.99454e-11 3.9577e-13
277 7.99033e-11 3.96592e-13
278 7.98542e-11 3.9821e-13
279 7.98619e-11 3.9686e-13
280 7.98455e-11 3.95784e-13
281 7.98408e-11 3.94407e-13
282 7.98007e-11 3.95055e-13
283 7.97837e-11 3.94029e-13
284 7.97881e-11 3.92669e-13
285 7.97523e-11 3.92931e-13
286 7.97314e-11 3.92117e-13
287 7.97475e-11 3.91087e-13
288 7.97758e-11 3.90754e-13
289 7.98021e-11 3.90295e-13
290 7.98025e-11 3.88952e-13
291 7.98508e-11 3.90614e-13
292 7.98651e-11 3.8954e-13
293 7.98792e-11 3.88471e-13
294 7.98626e-11 3.87506e-13
295 7.98632e-11 3.86195e-13
296 7.98803e-11 3.85271e-13
297 7.98888e-11 3.84071e-13
298 7.98589e-11 3.83953e-13
299 7.98766e-11 3.83081e-13
300 7.98365e-11 3.83904e-13
301 7.97965e-11 3.84718e-13
302 7.97927e-11 3.83465e-13
303 7.97754e-11 3.82593e-13
304 7.97689e-11 3.81392e-13
305 7.97516e-11 3.80536e-13
306 7.97857e-11 3.80823e-13
307 7.97495e-11 3.81306e-13
308 7.97724e-11 3.80762e-13
309 7.97697e-11 3.79542e-13
310 7.97517e-11 3.78746e-13
311 7.97385e-11 3.77761e-13
312 7.97243e-11 3.7682e-13
313 7.97505e-11 3.76534e-13
314 7.97685e-11 3.75764e-13
315 7.97518e-11 3.74943e-13
316 7.97733e-11 3.74373e-13
317 7.9767e-11 3.73247e-13
318 7.97762e-11 3.72188e-13
319 7.97815e-11 3.71061e-13
320 7.97683e-11 3.70135e-13
321 7.97635e-11 3.69016e-13
322 7.97505e-11 3.68101e-13
323 7.97397e-11 3.67121e-13
324 7.97424e-11 3.66e-13
325 7.97815e-11 3.66964e-13
326 7.97662e-11 3.66162e-13
327 7.97568e-11 3.65164e-13
328 7.97406e-11 3.64412e-13
329 7.97351e-11 3.63348e-13
330 7.97169e-11 3.62706e-13
331 7.96967e-11 3.62172e-13
332 7.97078e-11 3.61254e-13
333 7.97054e-11 3.60179e-13
334 7.97026e-11 3.59113e-13
335 7.97087e-11 3.58095e-13
336 7.97127e-11 3.57053e-13
337 7.97159e-11 3.56009e-13
338 7.97084e-11 3.55035e-13
339 7.96955e-11 3.54224e-13
340 7.96839e-11 3.53375e-13
341 7.9676e-11 3.52429e-13
342 7.97126e-11 3.53305e-13
343 7.9711e-11 3.5228e-13
344 7.9704e-11 3.51328e-13
345 7.96797e-11 3.51153e-13
346 7.96911e-11 3.50328e-13
347 7.96655e-11 3.50261e-13
348 7.9665e-11 3.49257e-13
349 7.96535e-11 3.48446e-13
350 7.96911e-11 3.49479e-13
351 7.97157e-11 3.49355e-13
352 7.97443e-11 3.49538e-13
353 7.97511e-11 3.48615e-13
354 7.97149e-11 3.49518e-13
355 7.97126e-11 3.48542e-13
356 7.97185e-11 3.47615e-13
357 7.96933e-11 3.47561e-13
358 7.96651e-11 3.47738e-13
359 7.9661e-11 3.46794e-13
360 7.96398e-11 3.46486e-13
361 7.96107e-11 3.46746e-13
362 7.95879e-11 3.46538e-13
363 7.95777e-11 3.45737e-13
364 7.96048e-11 3.45856e-13
365 7.96139e-11 3.4503e-13
366 7.96219e-11 3.44182e-13
367 7.96255e-11 3.43264e-13
368 7.96216e-11 3.42355e-13
369 7.9587e-11 3.43177e-13
370 7.95664e-11 3.42871e-13
371 7.95637e-11 3.41958e-13
372 7.9582e-11 3.4153e-13
373 7.95867e-11 3.40649e-13
374 7.95792e-11 3.39823e-13
375 7.95751e-11 3.38942e-13
376 7.95679e-11 3.38118e-13
377 7.95718e-11 3.37245e-13
378 7.95576e-11 3.36654e-13
379 7.95537e-11 3.35789e-13
380 7.95358e-11 3.3539e-13
381 7.95229e-11 3.34758e-13
382 7.95301e-11 3.3396e-13
383 7.95346e-11 3.33119e-13
384 7.95268e-11 3.32344e-13
385 7.95099e-11 3.3191e-13
386 7.9507e-11 3.31064e-13
387 7.95004e-11 3.30277e-13
388 7.94884e-11 3.29644e-13
389 7.95061e-11 3.29274e-13
390 7.95032e-11 3.28444e-13
391 7.94852e-11 3.28102e-13
392 7.94727e-11 3.27504e-13
393 7.94916e-11 3.27221e-13
394 7.94805e-11 3.26581e-13
395 7.94798e-11 3.25756e-13
396 7.95004e-11 3.25588e-13
397 7.94757e-11 3.25703e-13
398 7.94554e-11 3.25523e-13
399 7.94439e-11 3.2491e-13
400 7.94393e-11 3.24132e-13
401 7.94321e-11 3.23405e-13
402 7.94257e-11 3.22665e-13
403 7.94324e-11 3.21936e-13
404 7.94352e-11 3.21152e-13
405 7.94548e-11 3.20959e-13
406 7.9455e-11 3.2017e-13
407 7.94299e-11 3.20367e-13
408 7.94238e-11 3.19641e-13
409 7.94097e-11 3.19172e-13
410 7.94009e-11 3.18518e-13
411 7.94314e-11 3.19204e-13
412 7.94407e-11 3.18568e-13
413 7.94115e-11 3.19144e-13
414 7.94197e-11 3.1848e-13
415 7.94221e-11 3.17723e-13
416 7.94314e-11 3.17096e-13
417 7.94099e-11 3.17069e-13
418 7.94248e-11 3.16663e-13
419 7.94091e-11 3.163e-13
420 7.93866e-11 3.16348e-13
421 7.93602e-11 3.16699e-13
422 7.93558e-11 3.1598e-13
423 7.93514e-11 3.15266e-13
424 7.93466e-11 3.14559e-13
425 7.93512e-11 3.13854e-13
426 7.93649e-11 3.13415e-13
427 7.9363e-11 3.12687e-13
428 7.93583e-11 3.11994e-13
429 7.93623e-11 3.11294e-13
430 7.93672e-11 3.10609e-13
431 7.93932e-11 3.10971e-13
432 7.93835e-11 3.10401e-13
433 7.93764e-11 3.09767e-13
434 7.93884e-11 3.09287e-13
435 7.93857e-11 3.08589e-13
436 7.93823e-11 3.079e-13
437 7.93823e-11 3.07197e-13
438 7.93985e-11 3.06925e-13
439 7.94124e-11 3.06543e-13
440 7.94312e-11 3.06421e-13
441 7.94239e-11 3.05812e-13
442 7.9446e-11 3.05916e-13
443 7.94617e-11 3.05631e-13
444 7.94775e-11 3.05354e-13
445 7.94974e-11 3.05315e-13
446 7.94919e-11 3.04681e-13
447 7.94829e-11 3.04134e-13
448 7.94708e-11 3.03697e-13
449 7.94579e-11 3.03296e-13
450 7.94437e-11 3.02952e-13
451 7.94299e-11 3.02596e-13
452 7.94171e-11 3.022e-13
453 7.9424e-11 3.01613e-13
454 7.94078e-11 3.01389e-13
455 7.94056e-11 3.00734e-13
456 7.9437e-11 3.0171e-13
457 7.94556e-11 3.01623e-13
458 7.94544e-11 3.00968e-13
459 7.94586e-11 3.00342e-13
460 7.94871e-11 3.01048e-13
461 7.94867e-11 3.00396e-13
462 7.94754e-11 2.99959e-13
463 7.94639e-11 2.99532e-13
464 7.94437e-11 2.99568e-13
465 7.94417e-11 2.98932e-13
466 7.94464e-11 2.98328e-13
467 7.94455e-11 2.97691e-13
468 7.94388e-11 2.97131e-13
469 7.94363e-11 2.96509e-13
470 7.94262e-11 2.96049e-13
471 7.94263e-11 2.95421e-13
472 7.94156e-11 2.94989e-13
473 7.94091e-11 2.94439e-13
474 7.93764e-11 2.95625e-13
475 7.93492e-11 2.96255e-13
476 7.93434e-11 2.9569e-13
477 7.93383e-11 2.95115e-13
478 7.93527e-11 2.94847e-13
479 7.93537e-11 2.94234e-13
480 7.93509e-11 2.93635e-13
481 7.93629e-11 2.93269e-13
482 7.93393e-11 2.93611e-13
483 7.93401e-11 2.93005e-13
484 7.93406e-11 2.92401e-13
485 7.933e-11 2.91988e-13
486 7.93413e-11 2.91605e-13
487 7.93339e-11 2.91099e-13
488 7.93374e-11 2.90525e-13
489 7.93512e-11 2.9026e-13
490 7.9347e-11 2.897e-13
491 7.93389e-11 2.89224e-13
492 7.93421e-11 2.88655e-13
493 7.93267e-11 2.88483e-13
494 7.93292e-11 2.8791e-13
495 7.93202e-11 2.87472e-13
496 7.93195e-11 2.86893e-13
497 7.93283e-11 2.86452e-13
498 7.93343e-11 2.85941e-13
499 7.93733e-11 2.88018e-13
500 7.94005e-11 2.88728e-13
501 7.94164e-11 2.88591e-13
502 7.9409e-11 2.88112e-13
503 7.94051e-11 2.87566e-13
504 7.93968e-11 2.87117e-13
505 7.94046e-11 2.86655e-13
506 7.94251e-11 2.86821e-13
507 7.94418e-11 2.86742e-13
508 7.94327e-11 2.86321e-13
509 7.94107e-11 2.86605e-13
510 7.94126e-11 2.86049e-13
511 7.94145e-11 2.85496e-13
512 7.94003e-11 2.85292e-13
513 7.9384e-11 2.85202e-13
514 7.93791e-11 2.84691e-13
515 7.93895e-11 2.84331e-13
516 7.93979e-11 2.83903e-13
517 7.93958e-11 2.83362e-13
518 7.93742e-11 2.8364e-13
519 7.93813e-11 2.83185e-13
520 7.93801e-11 2.82643e-13
521 7.93597e-11 2.82842e-13
522 7.93547e-11 2.82344e-13
523 7.93634e-11 2.81939e-13
524 7.93631e-11 2.81402e-13
525 7.93536e-11 2.81026e-13
526 7.93589e-11 2.80543e-13
527 7.93717e-11 2.80303e-13
528 7.93676e-11 2.79803e-13
529 7.93773e-11 2.79443e-13
530 7.93773e-11 2.78916e-13
531 7.93983e-11 2.79184e-13
532 7.93972e-11 2.78661e-13
533 7.93973e-11 2.78139e-13
534 7.93864e-11 2.77832e-13
535 7.93722e-11 2.77677e-13
536 7.93652e-11 2.77249e-13
537 7.93644e-11 2.76734e-13
538 7.93685e-11 2.7625e-13
539 7.93799e-11 2.75974e-13
540 7.93784e-11 2.75467e-13
541 7.93702e-11 2.75081e-13
542 7.93719e-11 2.74579e-13
543 7.9377e-11 2.74123e-13
544 7.93877e-11 2.73825e-13
545 7.93858e-11 2.73329e-13
546 7.94034e-11 2.73396e-13
547 7.94202e-11 2.73409e-13
548 7.94197e-11 2.72911e-13
549 7.9422e-11 2.72425e-13
550 7.94218e-11 2.7193e-13
551 7.94206e-11 2.7144e-13
552 7.94062e-11 2.71333e-13
553 7.9401e-11 2.70891e-13
554 7.93931e-11 2.70518e-13
555 7.93939e-11 2.70032e-13
556 7.93853e-11 2.69683e-13
557 7.93832e-11 2.69207e-13
558 7.93793e-11 2.68754e-13
559 7.93805e-11 2.68276e-13
560 7.9369e-11 2.68042e-13
561 7.93457e-11 2.68578e-13
562 7.93561e-11 2.683e-13
563 7.93627e-11 2.67906e-13
564 7.93667e-11 2.67461e-13
565 7.93571e-11 2.67163e-13
566 7.93587e-11 2.66696e-13
567 7.93554e-11 2.66246e-13
568 7.9342e-11 2.66118e-13
569 7.93429e-11 2.65652e-13
570 7.93457e-11 2.65201e-13
571 7.93411e-11 2.64777e-13
572 7.93506e-11 2.64488e-13
573 7.93307e-11 2.64776e-13
574 7.93198e-11 2.64542e-13
575 7.93263e-11 2.64164e-13
576 7.93132e-11 2.64033e-13
577 7.93133e-11 2.63576e-13
578 7.92995e-11 2.63482e-13
579 7.93147e-11 2.63463e-13
580 7.93094e-11 2.63062e-13
581 7.9335e-11 2.63847e-13
582 7.93202e-11 2.63809e-13
583 7.93335e-11 2.63692e-13
584 7.93282e-11 2.63294e-13
585 7.93195e-11 2.62987e-13
586 7.93311e-11 2.62795e-13
587 7.93105e-11 2.63159e-13
588 7.93098e-11 2.62712e-13
589 7.93004e-11 2.62436e-13
590 7.9318e-11 2.62584e-13
591 7.93364e-11 2.62783e-13
592 7.93469e-11 2.62551e-13
593 7.93574e-11 2.6232e-13
594 7.93578e-11 2.61879e-13
595 7.93719e-11 2.61822e-13
596 7.93609e-11 2.61618e-13
597 7.93494e-11 2.6143e-13
598 7.93285e-11 2.61835e-13
599 7.93289e-11 2.61398e-13
600 7.93273e-11 2.60968e-13
601 7.93228e-11 2.60572e-13
602 7.9336e-11 2.60472e-13
603 7.93452e-11 2.60204e-13
604 7.93439e-11 2.59777e-13
605 7.93323e-11 2.59605e-13
606 7.93242e-11 2.59303e-13
607 7.93353e-11 2.59112e-13
608 7.93336e-11 2.58692e-13
609 7.93279e-11 2.58331e-13
610 7.93374e-11 2.58085e-13
611 7.93495e-11 2.57947e-13
612 7.93474e-11 2.57534e-13
613 7.93336e-11 2.57484e-13
614 7.93401e-11 2.57145e-13
615 7.93448e-11 2.56771e-13
616 7.93522e-11 2.56462e-13
617 7.93521e-11 2.56047e-13
618 7.93448e-11 2.55739e-13
619 7.93274e-11 2.55917e-13
620 7.93143e-11 2.55839e-13
621 7.93128e-11 2.55432e-13
622 7.93184e-11 2.55084e-13
623 7.93193e-11 2.54676e-13
624 7.93255e-11 2.54345e-13
625 7.93246e-11 2.5394e-13
626 7.93381e-11 2.53894e-13
627 7.93378e-11 2.5349e-13
628 7.9334e-11 2.53116e-13
629 7.93294e-11 2.52756e-13
630 7.93303e-11 2.52356e-13
631 7.9341e-11 2.52187e-13
632 7.9362e-11 2.52654e-13
633 7.93662e-11 2.52292e-13
634 7.93704e-11 2.51928e-13
635 7.93526e-11 2.52158e-13
636 7.93413e-11 2.52014e-13
637 7.93378e-11 2.51644e-13
638 7.9334e-11 2.51277e-13
639 7.9332e-11 2.50893e-13
640 7.93294e-11 2.50515e-13
641 7.93117e-11 2.50748e-13
642 7.9326e-11 2.50767e-13
643 7.93221e-11 2.50408e-13
644 7.93329e-11 2.50248e-13
645 7.934e-11 2.49963e-13
646 7.93453e-11 2.49633e-13
647 7.93439e-11 2.49252e-13
648 7.93402e-11 2.48894e-13
649 7.93404e-11 2.48511e-13
650 7.93482e-11 2.4825e-13
651 7.93426e-11 2.47932e-13
652 7.93426e-11 2.47552e-13
653 7.9332e-11 2.47402e-13
654 7.93414e-11 2.47205e-13
655 7.93321e-11 2.47004e-13
656 7.93176e-11 2.47056e-13
657 7.93301e-11 2.46999e-13
658 7.93158e-11 2.47042e-13
659 7.92985e-11 2.47273e-13
660 7.9307e-11 2.47045e-13
661 7.92949e-11 2.46966e-13
662 7.93001e-11 2.46648e-13
663 7.92971e-11 2.46295e-13
664 7.92789e-11 2.46597e-13
665 7.92986e-11 2.47014e-13
666 7.92948e-11 2.46674e-13
667 7.92792e-11 2.46794e-13
668 7.9259e-11 2.47249e-13
669 7.9256e-11 2.46898e-13
670 7.92644e-11 2.46674e-13
671 7.92508e-11 2.46682e-13
672 7.92618e-11 2.4656e-13
673 7.92623e-11 2.46194e-13
674 7.92475e-11 2.46272e-13
675 7.92538e-11 2.45988e-13
676 7.92643e-11 2.45847e-13
677 7.92641e-11 2.45484e-13
678 7.93029e-11 2.48175e-13
679 7.93124e-11 2.4799e-13
680 7.93271e-11 2.48067e-13
681 7.93372e-11 2.47908e-13
682 7.93382e-11 2.47546e-13
683 7.93529e-11 2.47621e-13
684 7.93427e-11 2.47468e-13
685 7.93397e-11 2.47125e-13
686 7.93225e-11 2.47366e-13
687 7.93158e-11 2.47096e-13
688 7.9316e-11 2.46737e-13
689 7.93287e-11 2.46705e-13
690 7.93538e-11 2.47625e-13
691 7.93504e-11 2.4729e-13
692 7.93635e-11 2.47279e-13
693 7.93551e-11 2.47063e-13
694 7.93406e-11 2.47135e-13
695 7.93466e-11 2.46852e-13
696 7.93519e-11 2.46554e-13
697 7.93503e-11 2.46206e-13
698 7.93583e-11 2.45984e-13
699 7.9363e-11 2.45678e-13
700 7.93678e-11 2.45375e-13
701 7.93653e-11 2.45039e-13
702 7.9375e-11 2.4488e-13
703 7.93623e-11 2.44858e-13
704 7.93569e-11 2.44571e-13
705 7.93581e-11 2.44227e-13
706 7.93673e-11 2.44054e-13
707 7.93558e-11 2.43978e-13
708 7.93653e-11 2.4382e-13
709 7.93646e-11 2.43477e-13
710 7.93649e-11 2.43135e-13
711 7.93664e-11 2.42798e-13
712 7.93615e-11 2.42506e-13
713 7.93697e-11 2.42303e-13
714 7.93751e-11 2.42024e-13
715 7.93772e-11 2.41694e-13
716 7.93817e-11 2.41399e-13
717 7.93811e-11 2.41064e-13
718 7.93715e-11 2.40922e-13
719 7.93585e-11 2.40937e-13
720 7.93592e-11 2.40603e-13
721 7.93578e-11 2.40273e-13
722 7.93531e-11 2.39988e-13
723 7.93577e-11 2.397e-13
724 7.93537e-11 2.39402e-13
725 7.93547e-11 2.39075e-13
726 7.93426e-11 2.39052e-13
727 7.93345e-11 2.38859e-13
728 7.93408e-11 2.38613e-13
729 7.93435e-11 2.38301e-13
730 7.93324e-11 2.38231e-13
731 7.93423e-11 2.38111e-13
732 7.93559e-11 2.38176e-13
733 7.93463e-11 2.38046e-13
734 7.93392e-11 2.3783e-13
735 7.93346e-11 2.3755e-13
736 7.93214e-11 2.37595e-13
737 7.93219e-11 2.37274e-13
738 7.93084e-11 2.37337e-13
739 7.93134e-11 2.37068e-13
740 7.93072e-11 2.36829e-13
741 7.93055e-11 2.36515e-13
742 7.92991e-11 2.36284e-13
743 7.9302e-11 2.35983e-13
744 7.92905e-11 2.35945e-13
745 7.92973e-11 2.35729e-13
746 7.93206e-11 2.3656e-13
747 7.93225e-11 2.36251e-13
748 7.93329e-11 2.36165e-13
749 7.93318e-11 2.35853e-13
750 7.93371e-11 2.35599e-13
751 7.93281e-11 2.35459e-13
752 7.93355e-11 2.35263e-13
753 7.93452e-11 2.35151e-13
754 7.93335e-11 2.35131e-13
755 7.93247e-11 2.34983e-13
756 7.93176e-11 2.34779e-13
757 7.93374e-11 2.353e-13
758 7.93479e-11 2.35224e-13
759 7.93423e-11 2.34982e-13
760 7.93535e-11 2.34941e-13
761 7.93537e-11 2.34632e-13
762 7.93486e-11 2.3438e-13
763 7.93555e-11 2.34175e-13
764 7.93672e-11 2.34159e-13
765 7.93787e-11 2.34137e-13
766 7.93777e-11 2.33834e-13
767 7.93759e-11 2.33536e-13
768 7.93624e-11 2.33622e-13
769 7.93762e-11 2.33726e-13
770 7.93635e-11 2.33767e-13
771 7.93607e-11 2.33481e-13
772 7.9356e-11 2.33227e-13
773 7.93558e-11 2.32926e-13
774 7.93516e-11 2.32663e-13
775 7.9365e-11 2.32749e-13
776 7.93865e-11 2.33442e-13
777 7.94006e-11 2.33564e-13
778 7.93975e-11 2.33284e-13
779 7.93915e-11 2.33062e-13
780 7.93833e-11 2.32908e-13
781 7.93792e-11 2.32647e-13
782 7.9375e-11 2.32387e-13
783 7.93633e-11 2.32386e-13
784 7.93734e-11 2.3231e-13
785 7.93715e-11 2.32022e-13
786 7.93664e-11 2.31782e-13
787 7.93556e-11 2.31743e-13
788 7.93606e-11 2.31503e-13
789 7.93645e-11 2.31244e-13
790 7.93676e-11 2.30972e-13
791 7.93659e-11 2.30687e-13
792 7.93645e-11 2.304e-13
793 7.93699e-11 2.30171e-13
794 7.93747e-11 2.29933e-13
795 7.93709e-11 2.29675e-13
796 7.93773e-11 2.29475e-13
797 7.93709e-11 2.29277e-13
798 7.93811e-11 2.29216e-13
799 7.93739e-11 2.29043e-13
800 7.93598e-11 2.29193e-13
801 7.93503e-11 2.29104e-13
802 7.93522e-11 2.28827e-13
803 7.93551e-11 2.2856e-13
804 7.93536e-11 2.2828e-13
805 7.93668e-11 2.28373e-13
806 7.93541e-11 2.28442e-13
807 7.93622e-11 2.28302e-13
808 7.93595e-11 2.28036e-13
809 7.93572e-11 2.27766e-13
810 7.93575e-11 2.27485e-13
811 7.93595e-11 2.27213e-13
812 7.93673e-11 2.27066e-13
813 7.93639e-11 2.26812e-13
814 7.93574e-11 2.26627e-13
815 7.93576e-11 2.26349e-13
816 7.936e-11 2.26084e-13
817 7.93593e-11 2.25809e-13
818 7.93655e-11 2.25618e-13
819 7.93548e-11 2.25598e-13
820 7.93574e-11 2.25338e-13
821 7.93589e-11 2.25068e-13
822 7.93538e-11 2.24853e-13
823 7.93478e-11 2.24659e-13
824 7.93431e-11 2.24437e-13
825 7.93417e-11 2.24169e-13
826 7.93346e-11 2.2401e-13
827 7.93292e-11 2.23806e-13
828 7.93315e-11 2.23548e-13
829 7.93316e-11 2.23279e-13
830 7.93378e-11 2.23095e-13
831 7.93344e-11 2.22853e-13
832 7.93255e-11 2.22762e-13
833 7.93323e-11 2.226e-13
834 7.933e-11 2.22345e-13
835 7.93184e-11 2.22385e-13
836 7.9325e-11 2.22218e-13
837 7.93395e-11 2.22422e-13
838 7.93513e-11 2.22471e-13
839 7.93522e-11 2.22208e-13
840 7.93569e-11 2.21993e-13
841 7.93511e-11 2.21805e-13
842 7.93573e-11 2.21629e-13
843 7.93572e-11 2.21366e-13
844 7.93564e-11 2.21105e-13
845 7.936e-11 2.20872e-13
846 7.93672e-11 2.2073e-13
847 7.93612e-11 2.20552e-13
848 7.93659e-11 2.20343e-13
849 7.93657e-11 2.20083e-13
850 7.9376e-11 2.20065e-13
851 7.93795e-11 2.19833e-13
852 7.93718e-11 2.1971e-13
853 7.93745e-11 2.19469e-13
854 7.93738e-11 2.19213e-13
855 7.93736e-11 2.18957e-13
856 7.93787e-11 2.18761e-13
857 7.93844e-11 2.18579e-13
858 7.93934e-11 2.18508e-13
859 7.94111e-11 2.1897e-13
860 7.9426e-11 2.19225e-13
861 7.94209e-11 2.1903e-13
862 7.94211e-11 2.18776e-13
863 7.9414e-11 2.18639e-13
864 7.94167e-11 2.18402e-13
865 7.94065e-11 2.18385e-13
866 7.94065e-11 2.18133e-13
867 7.93994e-11 2.17995e-13
868 7.94e-11 2.17744e-13
869 7.94041e-11 2.17533e-13
870 7.94017e-11 2.17296e-13
871 7.93982e-11 2.17074e-13
872 7.93856e-11 2.17194e-13
873 7.93847e-11 2.16947e-13
874 7.94079e-11 2.1794e-13
875 7.94029e-11 2.17749e-13
876 7.94028e-11 2.175e-13
877 7.94037e-11 2.17254e-13
878 7.93965e-11 2.17124e-13
879 7.93976e-11 2.1688e-13
880 7.94009e-11 2.16659e-13
881 7.94017e-11 2.16415e-13
882 7.9411e-11 2.16367e-13
883 7.94133e-11 2.16135e-13
884 7.94042e-11 2.16084e-13
885 7.9406e-11 2.15848e-13
886 7.94045e-11 2.1561e-13
887 7.94069e-11 2.1538e-13
888 7.94269e-11 2.16069e-13
889 7.94181e-11 2.16006e-13
890 7.94219e-11 2.15796e-13
891 7.94158e-11 2.1564e-13
892 7.9403e-11 2.15776e-13
893 7.93999e-11 2.15557e-13
894 7.93902e-11 2.15538e-13
895 7.93864e-11 2.1533e-13
896 7.93845e-11 2.15098e-13
897 7.93737e-11 2.15129e-13
898 7.93785e-11 2.14943e-13
899 7.93767e-11 2.14712e-13
900 7.93669e-11 2.147e-13
901 7.9364e-11 2.14481e-13
902 7.93546e-11 2.14451e-13
903 7.93553e-11 2.14215e-13
904 7.93541e-11 2.13981e-13
905 7.93497e-11 2.1379e-13
906 7.93375e-11 2.13906e-13
907 7.93458e-11 2.13834e-13
908 7.9355e-11 2.13798e-13
909 7.93558e-11 2.13564e-13
910 7.93525e-11 2.13356e-13
911 7.93536e-11 2.13125e-13
912 7.9352e-11 2.12898e-13
913 7.93394e-11 2.13037e-13
914 7.93346e-11 2.12857e-13
915 7.93509e-11 2.1325e-13
916 7.93474e-11 2.13047e-13
917 7.9362e-11 2.13318e-13
918 7.93642e-11 2.13098e-13
919 7.93692e-11 2.12925e-13
920 7.93639e-11 2.1276e-13
921 7.93668e-11 2.1255e-13
922 7.93615e-11 2.12385e-13
923 7.93614e-11 2.12155e-13
924 7.93739e-11 2.12296e-13
925 7.93756e-11 2.12074e-13
926 7.9384e-11 2.12012e-13
927 7.93876e-11 2.11814e-13
928 7.93779e-11 2.11809e-13
929 7.93717e-11 2.11671e-13
930 7.93541e-11 2.12174e-13
931 7.93511e-11 2.11968e-13
932 7.93543e-11 2.11765e-13
933 7.93548e-11 2.11539e-13
934 7.93702e-11 2.11874e-13
935 7.93646e-11 2.11722e-13
936 7.936e-11 2.11546e-13
937 7.93764e-11 2.1195e-13
938 7.93674e-11 2.11913e-13
939 7.93546e-11 2.12074e-13
940 7.93544e-11 2.11849e-13
941 7.93611e-11 2.11731e-13
942 7.93517e-11 2.11716e-13
943 7.93429e-11 2.11675e-13
944 7.93397e-11 2.11475e-13
945 7.93487e-11 2.11445e-13
946 7.93356e-11 2.11633e-13
947 7.93371e-11 2.11415e-13
948 7.93398e-11 2.1121e-13
949 7.93435e-11 2.1102e-13
950 7.93447e-11 2.10801e-13
951 7.93414e-11 2.10604e-13
952 7.93439e-11 2.10398e-13
953 7.93439e-11 2.10178e-13
954 7.933e-11 2.10417e-13
955 7.93242e-11 2.10277e-13
956 7.93264e-11 2.10067e-13
957 7.93273e-11 2.0985e-13
958 7.93121e-11 2.10183e-13
959 7.93191e-11 2.10081e-13
960 7.93262e-11 2.09982e-13
961 7.93231e-11 2.09787e-13
962 7.93295e-11 2.09666e-13
963 7.93479e-11 2.10257e-13
964 7.93417e-11 2.10131e-13
965 7.93537e-11 2.10257e-13
966 7.93517e-11 2.10049e-13
967 7.93522e-11 2.09832e-13
968 7.93599e-11 2.09755e-13
969 7.93649e-11 2.09598e-13
970 7.93724e-11 2.09517e-13
971 7.9363e-11 2.09514e-13
972 7.93536e-11 2.09508e-13
973 7.93421e-11 2.09607e-13
974 7.93496e-11 2.09524e-13
975 7.93417e-11 2.09455e-13
976 7.93442e-11 2.09255e-13
977 7.93599e-11 2.0963e-13
978 7.93642e-11 2.0946e-13
979 7.93692e-11 2.09307e-13
980 7.9368e-11 2.09097e-13
981 7.93643e-11 2.08917e-13
982 7.93575e-11 2.08815e-13
983 7.93553e-11 2.08615e-13
984 7.93602e-11 2.08461e-13
985 7.93635e-11 2.08276e-13
986 7.93474e-11 2.08689e-13
987 7.93369e-11 2.08742e-13
988 7.93359e-11 2.08534e-13
989 7.93329e-11 2.08344e-13
990 7.93459e-11 2.08537e-13
991 7.93336e-11 2.08687e-13
992 7.93371e-11 2.08506e-13
993 7.93338e-11 2.08322e-13
994 7.93476e-11 2.08567e-13
995 7.93404e-11 2.08483e-13
996 7.93388e-11 2.0828e-13
997 7.9341e-11 2.08084e-13
998 7.93323e-11 2.08059e-13
999 7.9322e-11 2.08106e-13
