0 8.66137e-11 0
1 9.57181e-11 9.10441e-12
2 9.24887e-11 6.16924e-12
3 8.74416e-11 6.67107e-12
4 8.74387e-11 5.16739e-12
5 8.66701e-11 4.28859e-12
6 8.67326e-11 3.62506e-12
7 8.7536e-11 3.24056e-12
8 8.59828e-11 3.25271e-12
9 8.59839e-11 2.90931e-12
10 8.46234e-11 2.96247e-12
11 8.37543e-11 2.84059e-12
12 8.31707e-11 2.67733e-12
13 8.23939e-11 2.59759e-12
14 8.20765e-11 2.43897e-12
15 8.20567e-11 2.28153e-12
16 8.17647e-11 2.16293e-12
17 8.19983e-11 2.05256e-12
18 8.20403e-11 1.94198e-12
19 8.16433e-11 1.88462e-12
20 8.16575e-11 1.79268e-12
21 8.1547e-11 1.71283e-12
22 8.08841e-11 1.76581e-12
23 8.14983e-11 1.79874e-12
24 8.13192e-11 1.73456e-12
25 8.14943e-11 1.6757e-12
26 8.17552e-11 1.63341e-12
27 8.23026e-11 1.66644e-12
28 8.20628e-11 1.62572e-12
29 8.20498e-11 1.57065e-12
30 8.20274e-11 1.51931e-12
31 8.17541e-11 1.49623e-12
32 8.17344e-11 1.45031e-12
33 8.15875e-11 1.41466e-12
34 8.15493e-11 1.37418e-12
35 8.1438e-11 1.34009e-12
36 8.19378e-11 1.39593e-12
37 8.17274e-11 1.3749e-12
38 8.18419e-11 1.34407e-12
39 8.20549e-11 1.32723e-12
40 8.17721e-11 1.32496e-12
41 8.18556e-11 1.29573e-12
42 8.1859e-11 1.26524e-12
43 8.17538e-11 1.24062e-12
44 8.1543e-11 1.23091e-12
45 8.14755e-11 1.20575e-12
46 8.15621e-11 1.18299e-12
47 8.15909e-11 1.15844e-12
48 8.14874e-11 1.13926e-12
49 8.13017e-11 1.13158e-12
50 8.12452e-11 1.11061e-12
51 8.11358e-11 1.09452e-12
52 8.09811e-11 1.08476e-12
53 8.09866e-11 1.06449e-12
54 8.13329e-11 1.10086e-12
55 8.13061e-11 1.08136e-12
56 8.11923e-11 1.0683e-12
57 8.13048e-11 1.05573e-12
58 8.11531e-11 1.04873e-12
59 8.13045e-11 1.04216e-12
60 8.10866e-11 1.04784e-12
61 8.11008e-11 1.03089e-12
62 8.11644e-11 1.0164e-12
63 8.10444e-11 1.00757e-12
64 8.10728e-11 9.92355e-13
65 8.10282e-11 9.78221e-13
66 8.09553e-11 9.66267e-13
67 8.07605e-11 9.71677e-13
68 8.07038e-11 9.59167e-13
69 8.07104e-11 9.45389e-13
70 8.0681e-11 9.32442e-13
71 8.07377e-11 9.21143e-13
72 8.05469e-11 9.28265e-13
73 8.06954e-11 9.27606e-13
74 8.05679e-11 9.2399e-13
75 8.05884e-11 9.1198e-13
76 8.05119e-11 9.03306e-13
77 8.03647e-11 9.03707e-13
78 8.03997e-11 8.92881e-13
79 8.04361e-11 8.824e-13
80 8.03828e-11 8.73073e-13
81 8.02956e-11 8.66757e-13
82 8.02823e-11 8.56354e-13
83 8.02721e-11 8.46158e-13
84 8.04073e-11 8.46996e-13
85 8.04184e-11 8.37163e-13
86 8.04264e-11 8.27523e-13
87 8.03968e-11 8.18602e-13
88 8.04214e-11 8.09726e-13
89 8.03151e-11 8.07703e-13
90 8.02714e-11 7.99973e-13
91 8.02201e-11 7.92892e-13
92 8.01076e-11 7.92344e-13
93 8.01e-11 7.83907e-13
94 8.01256e-11 7.76037e-13
95 8.00581e-11 7.7087e-13
96 8.01348e-11 7.66718e-13
97 8.01209e-11 7.58981e-13
98 8.01885e-11 7.54306e-13
99 8.02173e-11 7.47281e-13
100 8.02055e-11 7.39939e-13
101 8.02574e-11 7.34484e-13
102 8.02309e-11 7.27804e-13
103 8.01258e-11 7.28386e-13
104 8.03123e-11 7.45119e-13
105 8.0195e-11 7.47315e-13
106 8.02356e-11 7.41408e-13
107 8.01857e-11 7.36203e-13
108 8.01278e-11 7.31706e-13
109 8.01489e-11 7.25329e-13
110 8.00826e-11 7.21819e-13
111 8.00028e-11 7.19782e-13
112 8.00442e-11 7.14585e-13
113 8.00107e-11 7.0908e-13
114 8.00222e-11 7.0298e-13
115 8.00016e-11 6.972e-13
116 8.00337e-11 6.9196e-13
117 7.99724e-11 6.88799e-13
118 7.99912e-11 6.83245e-13
119 7.99412e-11 6.7937e-13
120 7.98971e-11 6.75178e-13
121 7.9827e-11 6.73276e-13
122 7.98279e-11 6.6778e-13
123 7.97527e-11 6.66631e-13
124 7.97844e-11 6.62035e-13
125 7.971e-11 6.60953e-13
126 7.96672e-11 6.57128e-13
127 7.96233e-11 6.53449e-13
128 7.97024e-11 6.53175e-13
129 7.96681e-11 6.49036e-13
130 7.96202e-11 6.45842e-13
131 7.96529e-11 6.41763e-13
132 7.96282e-11 6.37401e-13
133 7.96686e-11 6.33918e-13
134 7.96572e-11 6.29307e-13
135 7.96567e-11 6.24663e-13
136 7.96436e-11 6.20223e-13
137 7.95931e-11 6.1778e-13
138 7.95852e-11 6.1337e-13
139 7.96267e-11 6.10383e-13
140 7.96308e-11 6.06052e-13
141 7.96769e-11 6.03537e-13
142 7.96854e-11 5.99361e-13
143 7.96914e-11 5.95215e-13
144 7.96322e-11 5.94056e-13
145 7.95822e-11 5.9209e-13
146 7.95658e-11 5.88275e-13
147 7.95375e-11 5.84972e-13
148 7.94752e-11 5.84368e-13
149 7.9457e-11 5.80743e-13
150 7.94847e-11 5.77546e-13
151 7.94934e-11 5.738e-13
152 7.94589e-11 5.71079e-13
153 7.94132e-11 5.69195e-13
154 7.94128e-11 5.65511e-13
155 7.94171e-11 5.61891e-13
156 7.93961e-11 5.58696e-13
157 7.93809e-11 5.55357e-13
158 7.94362e-11 5.54616e-13
159 7.93787e-11 5.54131e-13
160 7.93499e-11 5.51429e-13
161 7.9379e-11 5.48784e-13
162 7.93566e-11 5.45865e-13
163 7.93251e-11 5.43442e-13
164 7.93537e-11 5.40898e-13
165 7.93502e-11 5.37641e-13
166 7.92934e-11 5.37431e-13
167 7.92586e-11 5.35355e-13
168 7.93054e-11 5.34238e-13
169 7.93642e-11 5.34333e-13
170 7.93361e-11 5.31945e-13
171 7.93217e-11 5.29038e-13
172 7.9311e-11 5.26081e-13
173 7.93207e-11 5.23138e-13
174 7.93332e-11 5.20291e-13
175 7.93787e-11 5.19322e-13
176 7.93862e-11 5.16435e-13
177 7.9447e-11 5.17109e-13
178 7.94014e-11 5.1623e-13
179 7.93664e-11 5.14548e-13
180 7.93711e-11 5.11718e-13
181 7.93918e-11 5.09322e-13
182 7.9402e-11 5.06634e-13
183 7.93926e-11 5.03961e-13
184 7.94235e-11 5.02184e-13
185 7.94176e-11 4.99512e-13
186 7.93828e-11 4.9805e-13
187 7.93831e-11 4.95394e-13
188 7.93726e-11 4.92878e-13
189 7.93153e-11 4.93614e-13
190 7.93244e-11 4.91107e-13
191 7.93227e-11 4.88546e-13
192 7.93331e-11 4.86119e-13
193 7.93799e-11 4.85867e-13
194 7.94324e-11 4.8621e-13
195 7.938e-11 4.8655e-13
196 7.93257e-11 4.87108e-13
197 7.94113e-11 4.92145e-13
198 7.94102e-11 4.89666e-13
199 7.93627e-11 4.8953e-13
200 7.93598e-11 4.87097e-13
201 7.93527e-11 4.84731e-13
202 7.93477e-11 4.82363e-13
203 7.92881e-11 4.83686e-13
204 7.92599e-11 4.82142e-13
205 7.9305e-11 4.81908e-13
206 7.92733e-11 4.80623e-13
207 7.92423e-11 4.7931e-13
208 7.924e-11 4.77017e-13
209 7.91939e-11 4.76966e-13
210 7.92196e-11 4.75391e-13
211 7.92249e-11 4.73173e-13
212 7.92483e-11 4.7153e-13
213 7.9285e-11 4.70754e-13
214 7.92578e-11 4.69345e-13
215 7.92501e-11 4.67231e-13
216 7.93175e-11 4.69928e-13
217 7.93791e-11 4.71805e-13
218 7.94045e-11 4.70335e-13
219 7.9425e-11 4.68641e-13
220 7.94355e-11 4.66633e-13
221 7.93849e-11 4.67281e-13
222 7.93549e-11 4.66143e-13
223 7.93752e-11 4.64499e-13
224 7.93719e-11 4.62442e-13
225 7.9353e-11 4.60776e-13
226 7.93665e-11 4.5894e-13
227 7.93838e-11 4.57249e-13
228 7.94111e-11 4.56064e-13
229 7.93737e-11 4.55616e-13
230 7.93907e-11 4.53958e-13
231 7.94731e-11 4.59445e-13
232 7.94858e-11 4.57647e-13
233 7.9464e-11 4.56207e-13
234 7.9483e-11 4.54659e-13
235 7.94555e-11 4.53566e-13
236 7.94361e-11 4.52066e-13
237 7.94149e-11 4.50659e-13
238 7.93949e-11 4.49214e-13
239 7.93645e-11 4.48375e-13
240 7.93557e-11 4.46596e-13
241 7.93222e-11 4.46007e-13
242 7.93429e-11 4.44647e-13
243 7.93464e-11 4.42835e-13
244 7.93205e-11 4.41785e-13
245 7.93219e-11 4.39988e-13
246 7.93232e-11 4.38205e-13
247 7.93583e-11 4.37838e-13
248 7.93455e-11 4.36264e-13
249 7.9379e-11 4.35803e-13
250 7.93379e-11 4.35998e-13
251 7.93574e-11 4.34701e-13
252 7.93656e-11 4.33057e-13
253 7.93279e-11 4.32995e-13
254 7.93693e-11 4.33281e-13
255 7.93925e-11 4.32204e-13
256 7.94134e-11 4.31025e-13
257 7.93985e-11 4.29609e-13
258 7.94404e-11 4.30001e-13
259 7.94646e-11 4.29022e-13
260 7.95269e-11 4.31893e-13
261 7.95276e-11 4.30242e-13
262 7.95411e-11 4.28817e-13
263 7.95162e-11 4.27916e-13
264 7.95142e-11 4.26303e-13
265 7.94847e-11 4.25721e-13
266 7.94995e-11 4.24382e-13
267 7.95249e-11 4.23556e-13
268 7.95307e-11 4.22018e-13
269 7.95362e-11 4.20489e-13
270 7.95303e-11 4.18976e-13
271 7.95398e-11 4.1754e-13
272 7.95497e-11 4.16127e-13
273 7.95558e-11 4.1465e-13
274 7.95546e-11 4.13141e-13
275 7.9556e-11 4.11644e-13
276 7.95548e-11 4.10157e-13
277 7.95173e-11 4.10395e-13
278 7.94918e-11 4.09719e-13
279 7.9521e-11 4.09295e-13
280 7.95441e-11 4.08491e-13
281 7.95841e-11 4.09e-13
282 7.95534e-11 4.08702e-13
283 7.95432e-11 4.07389e-13
284 7.9509e-11 4.07393e-13
285 7.9516e-11 4.06027e-13
286 7.95075e-11 4.047e-13
287 7.94779e-11 4.0438e-13
288 7.9499e-11 4.03532e-13
289 7.95312e-11 4.03428e-13
290 7.95246e-11 4.02094e-13
291 7.95252e-11 4.00715e-13
292 7.9529e-11 3.99363e-13
293 7.95638e-11 3.99519e-13
294 7.96161e-11 4.01585e-13
295 7.96703e-11 4.03878e-13
296 7.96417e-11 4.0353e-13
297 7.96688e-11 4.03086e-13
298 7.96401e-11 4.02759e-13
299 7.9677e-11 4.031e-13
300 7.96972e-11 4.02268e-13
301 7.9702e-11 4.00963e-13
302 7.97169e-11 3.99916e-13
303 7.97113e-11 3.98639e-13
304 7.97201e-11 3.97426e-13
305 7.97424e-11 3.96753e-13
306 7.97713e-11 3.96515e-13
307 7.98158e-11 3.97723e-13
308 7.97732e-11 3.98718e-13
309 7.97708e-11 3.97437e-13
310 7.97967e-11 3.97001e-13
311 7.98142e-11 3.96113e-13
312 7.97633e-11 3.98114e-13
313 7.97295e-11 3.9828e-13
314 7.97435e-11 3.97261e-13
315 7.97543e-11 3.96149e-13
316 7.97546e-11 3.94897e-13
317 7.97644e-11 3.93774e-13
318 7.97867e-11 3.9317e-13
319 7.97758e-11 3.9209e-13
320 7.97743e-11 3.90869e-13
321 7.97321e-11 3.91936e-13
322 7.97424e-11 3.90857e-13
323 7.97379e-11 3.89673e-13
324 7.97329e-11 3.88505e-13
325 7.97139e-11 3.8778e-13
326 7.97716e-11 3.90876e-13
327 7.97699e-11 3.89686e-13
328 7.98091e-11 3.90467e-13
329 7.98422e-11 3.90686e-13
330 7.98196e-11 3.90154e-13
331 7.98248e-11 3.89011e-13
332 7.98527e-11 3.88846e-13
333 7.98491e-11 3.87697e-13
334 7.98521e-11 3.86549e-13
335 7.98676e-11 3.85707e-13
336 7.98472e-11 3.85098e-13
337 7.98543e-11 3.84023e-13
338 7.98742e-11 3.83403e-13
339 7.98822e-11 3.82357e-13
340 7.99187e-11 3.82976e-13
341 7.99067e-11 3.82041e-13
342 7.98821e-11 3.81722e-13
343 7.98787e-11 3.80626e-13
344 7.989e-11 3.79687e-13
345 7.98909e-11 3.7859e-13
346 7.98662e-11 3.78303e-13
347 7.9881e-11 3.77504e-13
348 7.98737e-11 3.76492e-13
349 7.98741e-11 3.75415e-13
350 7.98598e-11 3.7462e-13
351 7.98519e-11 3.73638e-13
352 7.9858e-11 3.72628e-13
353 7.98573e-11 3.71575e-13
354 7.98494e-11 3.70611e-13
355 7.98632e-11 3.69824e-13
356 7.98813e-11 3.69231e-13
357 7.98687e-11 3.68412e-13
358 7.9836e-11 3.68844e-13
359 7.98026e-11 3.6933e-13
360 7.97878e-11 3.686e-13
361 7.97999e-11 3.67777e-13
362 7.9776e-11 3.67538e-13
363 7.97618e-11 3.668e-13
364 7.97767e-11 3.66097e-13
365 7.97673e-11 3.65217e-13
366 7.9804e-11 3.66068e-13
367 7.98149e-11 3.65233e-13
368 7.98288e-11 3.64508e-13
369 7.98266e-11 3.63528e-13
370 7.97943e-11 3.63984e-13
371 7.97847e-11 3.63131e-13
372 7.97758e-11 3.62266e-13
373 7.97627e-11 3.61533e-13
374 7.97408e-11 3.61234e-13
375 7.97391e-11 3.60276e-13
376 7.97337e-11 3.59359e-13
377 7.97121e-11 3.59061e-13
378 7.96993e-11 3.58339e-13
379 7.97211e-11 3.58057e-13
380 7.97168e-11 3.57142e-13
381 7.97301e-11 3.56453e-13
382 7.97184e-11 3.55714e-13
383 7.97001e-11 3.55256e-13
384 7.97227e-11 3.55055e-13
385 7.97375e-11 3.54441e-13
386 7.97421e-11 3.53554e-13
387 7.97457e-11 3.5266e-13
388 7.974e-11 3.51799e-13
389 7.97484e-11 3.50994e-13
390 7.97623e-11 3.50371e-13
391 7.97591e-11 3.49491e-13
392 7.97428e-11 3.48978e-13
393 7.97425e-11 3.48092e-13
394 7.97729e-11 3.48534e-13
395 7.97544e-11 3.48145e-13
396 7.97294e-11 3.48167e-13
397 7.97385e-11 3.4741e-13
398 7.9738e-11 3.46539e-13
399 7.97336e-11 3.45699e-13
400 7.97523e-11 3.45339e-13
401 7.97503e-11 3.44484e-13
402 7.97563e-11 3.43682e-13
403 7.97508e-11 3.42875e-13
404 7.97507e-11 3.42027e-13
405 7.9785e-11 3.42896e-13
406 7.97485e-11 3.43995e-13
407 7.97395e-11 3.43268e-13
408 7.97161e-11 3.43227e-13
409 7.97064e-11 3.42525e-13
410 7.97011e-11 3.41731e-13
411 7.97128e-11 3.411e-13
412 7.97213e-11 3.40379e-13
413 7.97201e-11 3.39558e-13
414 7.97385e-11 3.39238e-13
415 7.97378e-11 3.38422e-13
416 7.97331e-11 3.37642e-13
417 7.97189e-11 3.37132e-13
418 7.96942e-11 3.37236e-13
419 7.96869e-11 3.36511e-13
420 7.96709e-11 3.36091e-13
421 7.9667e-11 3.35317e-13
422 7.9662e-11 3.34561e-13
423 7.96529e-11 3.33894e-13
424 7.96393e-11 3.33384e-13
425 7.96677e-11 3.33812e-13
426 7.96694e-11 3.33034e-13
427 7.96486e-11 3.32904e-13
428 7.96425e-11 3.32184e-13
429 7.96626e-11 3.32024e-13
430 7.96591e-11 3.31272e-13
431 7.96419e-11 3.30952e-13
432 7.96299e-11 3.30402e-13
433 7.96437e-11 3.29928e-13
434 7.96331e-11 3.2934e-13
435 7.96297e-11 3.28601e-13
436 7.96078e-11 3.28581e-13
437 7.96358e-11 3.29027e-13
438 7.96318e-11 3.28302e-13
439 7.96315e-11 3.27555e-13
440 7.96456e-11 3.27115e-13
441 7.96374e-11 3.26475e-13
442 7.96644e-11 3.26851e-13
443 7.96441e-11 3.26743e-13
444 7.96352e-11 3.26131e-13
445 7.9616e-11 3.25964e-13
446 7.96237e-11 3.25326e-13
447 7.96281e-11 3.24628e-13
448 7.96364e-11 3.24012e-13
449 7.96193e-11 3.23744e-13
450 7.96262e-11 3.23099e-13
451 7.96101e-11 3.22783e-13
452 7.9613e-11 3.22083e-13
453 7.96077e-11 3.21417e-13
454 7.96113e-11 3.20731e-13
455 7.96143e-11 3.20041e-13
456 7.96119e-11 3.19349e-13
457 7.96065e-11 3.18697e-13
458 7.96043e-11 3.18009e-13
459 7.96215e-11 3.17785e-13
460 7.96349e-11 3.17376e-13
461 7.96244e-11 3.16862e-13
462 7.96162e-11 3.16284e-13
463 7.96155e-11 3.15602e-13
464 7.96117e-11 3.14946e-13
465 7.95919e-11 3.14889e-13
466 7.961e-11 3.14731e-13
467 7.96023e-11 3.1415e-13
468 7.96099e-11 3.1357e-13
469 7.96328e-11 3.13739e-13
470 7.96274e-11 3.13119e-13
471 7.96197e-11 3.12549e-13
472 7.96102e-11 3.12033e-13
473 7.96171e-11 3.11452e-13
474 7.9604e-11 3.11071e-13
475 7.95972e-11 3.10493e-13
476 7.95885e-11 3.09962e-13
477 7.96003e-11 3.09539e-13
478 7.96092e-11 3.0902e-13
479 7.96084e-11 3.08376e-13
480 7.96126e-11 3.07762e-13
481 7.96043e-11 3.07234e-13
482 7.95982e-11 3.06659e-13
483 7.96024e-11 3.06053e-13
484 7.96019e-11 3.05422e-13
485 7.95937e-11 3.04903e-13
486 7.95893e-11 3.04308e-13
487 7.95907e-11 3.03687e-13
488 7.95953e-11 3.031e-13
489 7.96072e-11 3.02715e-13
490 7.95752e-11 3.03794e-13
491 7.95789e-11 3.03198e-13
492 7.95657e-11 3.02869e-13
493 7.95512e-11 3.02604e-13
494 7.95674e-11 3.02425e-13
495 7.95676e-11 3.01815e-13
496 7.95778e-11 3.01379e-13
497 7.96211e-11 3.03881e-13
498 7.96423e-11 3.0401e-13
499 7.96227e-11 3.04034e-13
500 7.9627e-11 3.03457e-13
501 7.96367e-11 3.0301e-13
502 7.96489e-11 3.02649e-13
503 7.96354e-11 3.02348e-13
504 7.96343e-11 3.0175e-13
505 7.96218e-11 3.01411e-13
506 7.96139e-11 3.00922e-13
507 7.96078e-11 3.0039e-13
508 7.96095e-11 2.99803e-13
509 7.96139e-11 2.99247e-13
510 7.9598e-11 2.99085e-13
511 7.95938e-11 2.98529e-13
512 7.95852e-11 2.98073e-13
513 7.9602e-11 2.97968e-13
514 7.96054e-11 2.97409e-13
515 7.95947e-11 2.97024e-13
516 7.95902e-11 2.96483e-13
517 7.95872e-11 2.95925e-13
518 7.95807e-11 2.95427e-13
519 7.95817e-11 2.9486e-13
520 7.95949e-11 2.94592e-13
521 7.95836e-11 2.94246e-13
522 7.95703e-11 2.93984e-13
523 7.95533e-11 2.93912e-13
524 7.9552e-11 2.93355e-13
525 7.95621e-11 2.9297e-13
526 7.95723e-11 2.92592e-13
527 7.95634e-11 2.92174e-13
528 7.95684e-11 2.91664e-13
529 7.95431e-11 2.92209e-13
530 7.95417e-11 2.91662e-13
531 7.9593e-11 2.95614e-13
532 7.95864e-11 2.95134e-13
533 7.95933e-11 2.94662e-13
534 7.95996e-11 2.94178e-13
535 7.95777e-11 2.94445e-13
536 7.95668e-11 2.94099e-13
537 7.95945e-11 2.94859e-13
538 7.96115e-11 2.948e-13
539 7.96218e-11 2.94435e-13
540 7.96337e-11 2.94131e-13
541 7.96288e-11 2.9363e-13
542 7.96205e-11 2.93206e-13
543 7.9612e-11 2.92789e-13
544 7.96119e-11 2.92252e-13
545 7.96229e-11 2.91924e-13
546 7.96217e-11 2.91392e-13
547 7.96232e-11 2.90863e-13
548 7.96218e-11 2.90336e-13
549 7.96103e-11 2.90039e-13
550 7.96006e-11 2.89673e-13
551 7.96279e-11 2.90432e-13
552 7.96549e-11 2.91156e-13
553 7.9631e-11 2.91605e-13
554 7.96606e-11 2.92572e-13
555 7.96434e-11 2.92551e-13
556 7.96414e-11 2.92032e-13
557 7.96388e-11 2.9152e-13
558 7.96381e-11 2.90999e-13
559 7.96467e-11 2.90604e-13
560 7.96364e-11 2.90268e-13
561 7.96647e-11 2.9113e-13
562 7.96607e-11 2.9064e-13
563 7.96623e-11 2.90128e-13
564 7.96765e-11 2.89964e-13
565 7.96915e-11 2.89839e-13
566 7.9678e-11 2.89641e-13
567 7.96804e-11 2.8914e-13
568 7.9687e-11 2.88707e-13
569 7.97031e-11 2.88652e-13
570 7.97176e-11 2.88509e-13
571 7.97308e-11 2.88307e-13
572 7.97245e-11 2.87871e-13
573 7.97372e-11 2.8765e-13
574 7.97387e-11 2.87153e-13
575 7.97365e-11 2.86662e-13
576 7.97382e-11 2.8617e-13
577 7.97402e-11 2.85681e-13
578 7.97932e-11 2.90072e-13
579 7.97761e-11 2.90074e-13
580 7.9783e-11 2.89655e-13
581 7.97762e-11 2.89236e-13
582 7.97817e-11 2.88792e-13
583 7.97867e-11 2.8834e-13
584 7.97828e-11 2.87873e-13
585 7.97642e-11 2.87981e-13
586 7.97668e-11 2.87501e-13
587 7.97528e-11 2.87352e-13
588 7.97396e-11 2.87164e-13
589 7.97457e-11 2.86742e-13
590 7.97528e-11 2.86343e-13
591 7.97522e-11 2.85859e-13
592 7.97579e-11 2.85433e-13
593 7.97395e-11 2.85544e-13
594 7.97506e-11 2.85278e-13
595 7.97662e-11 2.85228e-13
596 7.97854e-11 2.85392e-13
597 7.97881e-11 2.84927e-13
598 7.97865e-11 2.84455e-13
599 7.97971e-11 2.84177e-13
600 7.98089e-11 2.83948e-13
601 7.98086e-11 2.83476e-13
602 7.97903e-11 2.83597e-13
603 7.97841e-11 2.83195e-13
604 7.97818e-11 2.82736e-13
605 7.97728e-11 2.82415e-13
606 7.97838e-11 2.82163e-13
607 7.97907e-11 2.81784e-13
608 7.98007e-11 2.81498e-13
609 7.9811e-11 2.81226e-13
610 7.98066e-11 2.808e-13
611 7.98144e-11 2.80449e-13
612 7.98015e-11 2.80288e-13
613 7.98247e-11 2.80797e-13
614 7.98097e-11 2.80745e-13
615 7.98085e-11 2.80291e-13
616 7.97944e-11 2.80192e-13
617 7.97992e-11 2.7978e-13
618 7.97922e-11 2.79413e-13
619 7.97853e-11 2.79047e-13
620 7.97878e-11 2.78608e-13
621 7.97877e-11 2.7816e-13
622 7.97851e-11 2.77726e-13
623 7.97914e-11 2.77353e-13
624 7.97963e-11 2.76952e-13
625 7.98087e-11 2.76789e-13
626 7.9796e-11 2.76641e-13
627 7.97786e-11 2.76747e-13
628 7.97717e-11 2.76392e-13
629 7.97653e-11 2.76028e-13
630 7.97752e-11 2.75767e-13
631 7.97759e-11 2.75331e-13
632 7.97931e-11 2.75435e-13
633 7.97733e-11 2.75715e-13
634 7.97691e-11 2.75311e-13
635 7.97521e-11 2.75405e-13
636 7.9747e-11 2.75018e-13
637 7.97496e-11 2.74598e-13
638 7.97389e-11 2.74377e-13
639 7.97253e-11 2.74283e-13
640 7.97339e-11 2.7399e-13
641 7.97245e-11 2.73726e-13
642 7.97207e-11 2.73326e-13
643 7.97169e-11 2.72928e-13
644 7.97136e-11 2.72524e-13
645 7.97026e-11 2.72327e-13
646 7.97023e-11 2.71906e-13
647 7.9699e-11 2.71507e-13
648 7.96987e-11 2.71088e-13
649 7.96986e-11 2.70671e-13
650 7.97218e-11 2.71246e-13
651 7.97133e-11 2.70964e-13
652 7.97159e-11 2.70562e-13
653 7.97118e-11 2.70179e-13
654 7.97132e-11 2.69769e-13
655 7.97113e-11 2.69365e-13
656 7.97221e-11 2.69171e-13
657 7.97175e-11 2.688e-13
658 7.97324e-11 2.68801e-13
659 7.97187e-11 2.68744e-13
660 7.97004e-11 2.68959e-13
661 7.96983e-11 2.68561e-13
662 7.96994e-11 2.68157e-13
663 7.96974e-11 2.67761e-13
664 7.97089e-11 2.67607e-13
665 7.96959e-11 2.67521e-13
666 7.96927e-11 2.67139e-13
667 7.96993e-11 2.66821e-13
668 7.96995e-11 2.66422e-13
669 7.96837e-11 2.66494e-13
670 7.96796e-11 2.66128e-13
671 7.9692e-11 2.6602e-13
672 7.96961e-11 2.65656e-13
673 7.97024e-11 2.65337e-13
674 7.9712e-11 2.65117e-13
675 7.97056e-11 2.64803e-13
676 7.96906e-11 2.64833e-13
677 7.96776e-11 2.64764e-13
678 7.96746e-11 2.64391e-13
679 7.96801e-11 2.64059e-13
680 7.96837e-11 2.63695e-13
681 7.968e-11 2.63334e-13
682 7.96805e-11 2.62949e-13
683 7.967e-11 2.62778e-13
684 7.96646e-11 2.62448e-13
685 7.96711e-11 2.62146e-13
686 7.96699e-11 2.61767e-13
687 7.96796e-11 2.61566e-13
688 7.96769e-11 2.61199e-13
689 7.96686e-11 2.60954e-13
690 7.96641e-11 2.60615e-13
691 7.96557e-11 2.60372e-13
692 7.96555e-11 2.59996e-13
693 7.96519e-11 2.59646e-13
694 7.96447e-11 2.59373e-13
695 7.96443e-11 2.59e-13
696 7.96347e-11 2.58805e-13
697 7.96228e-11 2.58708e-13
698 7.96239e-11 2.5834e-13
699 7.96141e-11 2.58156e-13
700 7.96013e-11 2.58105e-13
701 7.96003e-11 2.57739e-13
702 7.96295e-11 2.59015e-13
703 7.96215e-11 2.58768e-13
704 7.9617e-11 2.58441e-13
705 7.96246e-11 2.58187e-13
706 7.96235e-11 2.57824e-13
707 7.96142e-11 2.57629e-13
708 7.96108e-11 2.57288e-13
709 7.96139e-11 2.56943e-13
710 7.96135e-11 2.56582e-13
711 7.96226e-11 2.56381e-13
712 7.96172e-11 2.56078e-13
713 7.96184e-11 2.55722e-13
714 7.96074e-11 2.55602e-13
715 7.95935e-11 2.55623e-13
716 7.95939e-11 2.55266e-13
717 7.95752e-11 2.55598e-13
718 7.95716e-11 2.55268e-13
719 7.95698e-11 2.54919e-13
720 7.95734e-11 2.54592e-13
721 7.95706e-11 2.54255e-13
722 7.95775e-11 2.53997e-13
723 7.95793e-11 2.53653e-13
724 7.95844e-11 2.53353e-13
725 7.95729e-11 2.53266e-13
726 7.95615e-11 2.53174e-13
727 7.95651e-11 2.52852e-13
728 7.95482e-11 2.53075e-13
729 7.95424e-11 2.52793e-13
730 7.95248e-11 2.53059e-13
731 7.95121e-11 2.53034e-13
732 7.9522e-11 2.52884e-13
733 7.95152e-11 2.52631e-13
734 7.95123e-11 2.52304e-13
735 7.95286e-11 2.5249e-13
736 7.95232e-11 2.52205e-13
737 7.95143e-11 2.52022e-13
738 7.9491e-11 2.52752e-13
739 7.94835e-11 2.52522e-13
740 7.94973e-11 2.52555e-13
741 7.94965e-11 2.52216e-13
742 7.9494e-11 2.51888e-13
743 7.94812e-11 2.51878e-13
744 7.94996e-11 2.52216e-13
745 7.94869e-11 2.52201e-13
746 7.94867e-11 2.51864e-13
747 7.94812e-11 2.51586e-13
748 7.94782e-11 2.51268e-13
749 7.94731e-11 2.50985e-13
750 7.94828e-11 2.50841e-13
751 7.94846e-11 2.50513e-13
752 7.94902e-11 2.50244e-13
753 7.94844e-11 2.4998e-13
754 7.94765e-11 2.49773e-13
755 7.94754e-11 2.49445e-13
756 7.94729e-11 2.49127e-13
757 7.94741e-11 2.48801e-13
758 7.947e-11 2.48506e-13
759 7.94806e-11 2.48407e-13
760 7.94882e-11 2.48198e-13
761 7.94779e-11 2.48089e-13
762 7.94812e-11 2.47786e-13
763 7.94818e-11 2.47462e-13
764 7.9482e-11 2.47139e-13
765 7.94892e-11 2.46921e-13
766 7.94989e-11 2.46789e-13
767 7.9492e-11 2.46564e-13
768 7.94841e-11 2.4637e-13
769 7.94791e-11 2.46101e-13
770 7.9496e-11 2.46363e-13
771 7.94986e-11 2.46057e-13
772 7.94881e-11 2.45961e-13
773 7.94826e-11 2.45704e-13
774 7.94844e-11 2.45394e-13
775 7.94921e-11 2.45199e-13
776 7.94893e-11 2.44899e-13
777 7.95195e-11 2.46434e-13
778 7.95064e-11 2.46463e-13
779 7.94988e-11 2.46266e-13
780 7.94999e-11 2.45953e-13
781 7.94914e-11 2.45785e-13
782 7.9485e-11 2.45554e-13
783 7.94743e-11 2.45472e-13
784 7.94789e-11 2.45203e-13
785 7.94889e-11 2.45094e-13
786 7.94867e-11 2.44791e-13
787 7.94863e-11 2.44481e-13
788 7.94884e-11 2.4418e-13
789 7.94913e-11 2.43888e-13
790 7.95082e-11 2.44165e-13
791 7.95164e-11 2.43994e-13
792 7.94999e-11 2.44246e-13
793 7.95027e-11 2.43954e-13
794 7.95112e-11 2.43793e-13
795 7.95076e-11 2.43512e-13
796 7.95029e-11 2.43252e-13
797 7.95095e-11 2.43039e-13
798 7.95183e-11 2.42891e-13
799 7.95254e-11 2.42693e-13
800 7.95329e-11 2.42505e-13
801 7.95339e-11 2.42205e-13
802 7.95279e-11 2.41978e-13
803 7.95166e-11 2.41943e-13
804 7.95178e-11 2.41645e-13
805 7.95126e-11 2.414e-13
806 7.9507e-11 2.41167e-13
807 7.95048e-11 2.40879e-13
808 7.94997e-11 2.40635e-13
809 7.95022e-11 2.4035e-13
810 7.9502e-11 2.40054e-13
811 7.94965e-11 2.39819e-13
812 7.94889e-11 2.39645e-13
813 7.94835e-11 2.39411e-13
814 7.94771e-11 2.39204e-13
815 7.94889e-11 2.39203e-13
816 7.94871e-11 2.38917e-13
817 7.9496e-11 2.3879e-13
818 7.94929e-11 2.38518e-13
819 7.94919e-11 2.3823e-13
820 7.94883e-11 2.37967e-13
821 7.94895e-11 2.3768e-13
822 7.94988e-11 2.37572e-13
823 7.95125e-11 2.37679e-13
824 7.95206e-11 2.37527e-13
825 7.95258e-11 2.37296e-13
826 7.95282e-11 2.37022e-13
827 7.95272e-11 2.36737e-13
828 7.95194e-11 2.36583e-13
829 7.95153e-11 2.36332e-13
830 7.95091e-11 2.36128e-13
831 7.95289e-11 2.36666e-13
832 7.9543e-11 2.36802e-13
833 7.95322e-11 2.36762e-13
834 7.95353e-11 2.36497e-13
835 7.95378e-11 2.36228e-13
836 7.95434e-11 2.36012e-13
837 7.95359e-11 2.3585e-13
838 7.95255e-11 2.35798e-13
839 7.95245e-11 2.3552e-13
840 7.95228e-11 2.35245e-13
841 7.95245e-11 2.34972e-13
842 7.95213e-11 2.34715e-13
843 7.95178e-11 2.34462e-13
844 7.95127e-11 2.3424e-13
845 7.95157e-11 2.33983e-13
846 7.95116e-11 2.33743e-13
847 7.9505e-11 2.33561e-13
848 7.95148e-11 2.33492e-13
849 7.95298e-11 2.33697e-13
850 7.9532e-11 2.33433e-13
851 7.95199e-11 2.33473e-13
852 7.95199e-11 2.33199e-13
853 7.95132e-11 2.33022e-13
854 7.95096e-11 2.32777e-13
855 7.95072e-11 2.32517e-13
856 7.94939e-11 2.32627e-13
857 7.94853e-11 2.32515e-13
858 7.9489e-11 2.32274e-13
859 7.94848e-11 2.32043e-13
860 7.94904e-11 2.31842e-13
861 7.94838e-11 2.31666e-13
862 7.94837e-11 2.31398e-13
863 7.94832e-11 2.3113e-13
864 7.94881e-11 2.30915e-13
865 7.9487e-11 2.3065e-13
866 7.94991e-11 2.30702e-13
867 7.9515e-11 2.30986e-13
868 7.95154e-11 2.3072e-13
869 7.95116e-11 2.30487e-13
870 7.95077e-11 2.30255e-13
871 7.95063e-11 2.29995e-13
872 7.95214e-11 2.30231e-13
873 7.95083e-11 2.3034e-13
874 7.95185e-11 2.30302e-13
875 7.95118e-11 2.30137e-13
876 7.95076e-11 2.29912e-13
877 7.95129e-11 2.29711e-13
878 7.95252e-11 2.2978e-13
879 7.9526e-11 2.29519e-13
880 7.95268e-11 2.2926e-13
881 7.952e-11 2.29102e-13
882 7.95224e-11 2.28855e-13
883 7.95203e-11 2.28606e-13
884 7.9536e-11 2.28889e-13
885 7.9534e-11 2.28639e-13
886 7.95188e-11 2.28888e-13
887 7.95147e-11 2.28667e-13
888 7.95067e-11 2.2855e-13
889 7.95065e-11 2.28293e-13
890 7.95046e-11 2.28044e-13
891 7.94999e-11 2.27836e-13
892 7.94981e-11 2.27588e-13
893 7.95115e-11 2.27728e-13
894 7.95144e-11 2.27492e-13
895 7.9522e-11 2.27364e-13
896 7.95127e-11 2.273e-13
897 7.95269e-11 2.2749e-13
898 7.95277e-11 2.27238e-13
899 7.95299e-11 2.26996e-13
900 7.95208e-11 2.26928e-13
901 7.95263e-11 2.26743e-13
902 7.95225e-11 2.26525e-13
903 7.95208e-11 2.2628e-13
904 7.95333e-11 2.26377e-13
905 7.95295e-11 2.2616e-13
906 7.95399e-11 2.2615e-13
907 7.95515e-11 2.26199e-13
908 7.95624e-11 2.26214e-13
909 7.95608e-11 2.25972e-13
910 7.95497e-11 2.25994e-13
911 7.95349e-11 2.26235e-13
912 7.95254e-11 2.26187e-13
913 7.95197e-11 2.26009e-13
914 7.95184e-11 2.25766e-13
915 7.95329e-11 2.25983e-13
916 7.95309e-11 2.25746e-13
917 7.95288e-11 2.2551e-13
918 7.95206e-11 2.25413e-13
919 7.9533e-11 2.2551e-13
920 7.95269e-11 2.25347e-13
921 7.95252e-11 2.25109e-13
922 7.95224e-11 2.24882e-13
923 7.953e-11 2.24767e-13
924 7.953e-11 2.24524e-13
925 7.95243e-11 2.24356e-13
926 7.95204e-11 2.24146e-13
927 7.95279e-11 2.24028e-13
928 7.95257e-11 2.23798e-13
929 7.95205e-11 2.23617e-13
930 7.95176e-11 2.23396e-13
931 7.95248e-11 2.23272e-13
932 7.9523e-11 2.2304e-13
933 7.95169e-11 2.22885e-13
934 7.95168e-11 2.22646e-13
935 7.95071e-11 2.22617e-13
936 7.9501e-11 2.22462e-13
937 7.94976e-11 2.22251e-13
938 7.94966e-11 2.22017e-13
939 7.94916e-11 2.21837e-13
940 7.94967e-11 2.21661e-13
941 7.95048e-11 2.21575e-13
942 7.95264e-11 2.22388e-13
943 7.95331e-11 2.22254e-13
944 7.95329e-11 2.22019e-13
945 7.95341e-11 2.21787e-13
946 7.9531e-11 2.21574e-13
947 7.95245e-11 2.21435e-13
948 7.95161e-11 2.21361e-13
949 7.95128e-11 2.21152e-13
950 7.95085e-11 2.20962e-13
951 7.95044e-11 2.20768e-13
952 7.95165e-11 2.20868e-13
953 7.95046e-11 2.20957e-13
954 7.95078e-11 2.20749e-13
955 7.94962e-11 2.20823e-13
956 7.94942e-11 2.20602e-13
957 7.9491e-11 2.20395e-13
958 7.95076e-11 2.20795e-13
959 7.95027e-11 2.20619e-13
960 7.95001e-11 2.20405e-13
961 7.94957e-11 2.2022e-13
962 7.95002e-11 2.20037e-13
963 7.95036e-11 2.19834e-13
964 7.95097e-11 2.19693e-13
965 7.95128e-11 2.19487e-13
966 7.95087e-11 2.19299e-13
967 7.95039e-11 2.19125e-13
968 7.9503e-11 2.189e-13
969 7.95149e-11 2.18995e-13
970 7.9517e-11 2.1878e-13
971 7.95231e-11 2.18639e-13
972 7.95137e-11 2.18615e-13
973 7.95127e-11 2.18393e-13
974 7.95099e-11 2.18186e-13
975 7.95117e-11 2.1797e-13
976 7.9504e-11 2.17883e-13
977 7.95044e-11 2.1766e-13
978 7.95088e-11 2.17482e-13
979 7.9503e-11 2.17337e-13
980 7.95098e-11 2.17222e-13
981 7.9519e-11 2.17196e-13
982 7.9538e-11 2.17804e-13
983 7.95381e-11 2.17583e-13
984 7.95303e-11 2.17501e-13
985 7.95381e-11 2.17421e-13
986 7.95424e-11 2.17244e-13
987 7.95475e-11 2.17082e-13
988 7.95495e-11 2.16872e-13
989 7.95547e-11 2.16715e-13
990 7.95458e-11 2.16678e-13
991 7.95377e-11 2.16612e-13
992 7.95385e-11 2.16395e-13
993 7.95355e-11 2.16199e-13
994 7.95324e-11 2.16002e-13
995 7.95308e-11 2.15792e-13
996 7.95404e-11 2.15788e-13
997 7.95362e-11 2.15613e-13
998 7.95318e-11 2.1544e-13
999 7.95285e-11 2.15251e-13
