0 2.50412e-10 0
1 2.44853e-10 5.55842e-12
2 2.48663e-10 4.98084e-12
3 2.50788e-10 4.11382e-12
4 2.53108e-10 3.94123e-12
5 2.55643e-10 4.09682e-12
6 2.54804e-10 3.56257e-12
7 2.55393e-10 3.14089e-12
8 2.55735e-10 2.79103e-12
9 2.60555e-10 5.42802e-12
10 2.59484e-10 5.02509e-12
11 2.58942e-10 4.6192e-12
12 2.59617e-10 4.30232e-12
13 2.59237e-10 4.0013e-12
14 2.58511e-10 3.79495e-12
15 2.59015e-10 3.58536e-12
16 2.6009e-10 3.5352e-12
17 2.58792e-10 3.5768e-12
18 2.59733e-10 3.51192e-12
19 2.59107e-10 3.39011e-12
20 2.59414e-10 3.23921e-12
21 2.60259e-10 3.20211e-12
22 2.60052e-10 3.06675e-12
23 2.60246e-10 2.94263e-12
24 2.59705e-10 2.87389e-12
25 2.5921e-10 2.80507e-12
26 2.60576e-10 3.025e-12
27 2.60555e-10 2.91504e-12
28 2.59864e-10 2.89613e-12
29 2.60382e-10 2.84531e-12
30 2.60015e-10 2.77627e-12
31 2.60467e-10 2.72588e-12
32 2.60047e-10 2.67524e-12
33 2.60253e-10 2.60349e-12
34 2.60319e-10 2.52888e-12
35 2.61341e-10 2.66159e-12
36 2.61269e-10 2.58964e-12
37 2.6159e-10 2.54087e-12
38 2.6149e-10 2.4769e-12
39 2.61818e-10 2.43638e-12
40 2.61895e-10 2.37746e-12
41 2.61883e-10 2.32019e-12
42 2.62038e-10 2.27085e-12
43 2.6236e-10 2.24195e-12
44 2.62456e-10 2.19365e-12
45 2.62501e-10 2.14592e-12
46 2.62648e-10 2.10487e-12
47 2.62781e-10 2.06485e-12
48 2.62422e-10 2.05393e-12
49 2.62016e-10 2.05291e-12
50 2.62066e-10 2.01286e-12
51 2.62224e-10 1.98011e-12
52 2.62357e-10 1.94698e-12
53 2.62625e-10 1.92926e-12
54 2.62266e-10 1.92767e-12
55 2.62936e-10 2.00805e-12
56 2.63405e-10 2.02753e-12
57 2.63549e-10 1.99746e-12
58 2.64182e-10 2.06291e-12
59 2.6429e-10 2.03107e-12
60 2.63978e-10 2.02162e-12
61 2.63637e-10 2.01774e-12
62 2.63923e-10 2.0059e-12
63 2.64243e-10 2.00013e-12
64 2.64321e-10 1.97063e-12
65 2.64204e-10 1.94403e-12
66 2.6434e-10 1.91964e-12
67 2.64355e-10 1.89125e-12
68 2.64575e-10 1.87659e-12
69 2.6459e-10 1.84965e-12
70 2.64403e-10 1.83291e-12
71 2.64874e-10 1.86744e-12
72 2.65295e-10 1.8892e-12
73 2.64979e-10 1.8901e-12
74 2.6459e-10 1.90468e-12
75 2.64575e-10 1.87951e-12
76 2.64818e-10 1.87075e-12
77 2.65024e-10 1.85813e-12
78 2.64714e-10 1.86058e-12
79 2.64388e-10 1.86585e-12
80 2.6472e-10 1.87243e-12
81 2.64621e-10 1.85211e-12
82 2.6448e-10 1.83508e-12
83 2.64192e-10 1.8358e-12
84 2.64247e-10 1.81489e-12
85 2.64538e-10 1.81716e-12
86 2.64768e-10 1.81076e-12
87 2.64712e-10 1.79093e-12
88 2.64449e-10 1.79013e-12
89 2.64336e-10 1.77374e-12
90 2.64262e-10 1.75568e-12
91 2.64166e-10 1.73917e-12
92 2.64365e-10 1.73189e-12
93 2.64196e-10 1.72173e-12
94 2.6425e-10 1.70438e-12
95 2.6423e-10 1.68666e-12
96 2.64032e-10 1.68086e-12
97 2.63969e-10 1.66483e-12
98 2.63746e-10 1.66295e-12
99 2.63735e-10 1.64628e-12
100 2.63696e-10 1.63034e-12
101 2.63831e-10 1.61985e-12
102 2.63786e-10 1.60467e-12
103 2.63842e-10 1.59015e-12
104 2.63879e-10 1.57537e-12
105 2.63756e-10 1.56524e-12
106 2.63673e-10 1.55278e-12
107 2.63585e-10 1.54082e-12
108 2.63493e-10 1.52942e-12
109 2.63585e-10 1.51828e-12
110 2.63747e-10 1.51324e-12
111 2.63857e-10 1.50365e-12
112 2.64044e-10 1.50204e-12
113 2.64174e-10 1.49443e-12
114 2.64061e-10 1.48568e-12
115 2.64208e-10 1.48011e-12
116 2.64439e-10 1.48546e-12
117 2.64715e-10 1.49842e-12
118 2.64759e-10 1.48643e-12
119 2.64773e-10 1.47407e-12
120 2.64737e-10 1.46227e-12
121 2.64801e-10 1.45163e-12
122 2.6461e-10 1.45237e-12
123 2.6465e-10 1.44117e-12
124 2.64615e-10 1.43004e-12
125 2.64741e-10 1.42419e-12
126 2.64676e-10 1.41439e-12
127 2.64643e-10 1.40369e-12
128 2.64755e-10 1.39724e-12
129 2.64798e-10 1.38712e-12
130 2.64816e-10 1.37661e-12
131 2.64833e-10 1.36624e-12
132 2.64724e-10 1.36028e-12
133 2.64765e-10 1.35072e-12
134 2.64632e-10 1.34726e-12
135 2.64565e-10 1.33899e-12
136 2.64394e-10 1.34018e-12
137 2.64438e-10 1.33116e-12
138 2.64558e-10 1.32697e-12
139 2.64602e-10 1.31819e-12
140 2.6458e-10 1.30899e-12
141 2.64589e-10 1.29976e-12
142 2.64526e-10 1.29218e-12
143 2.64498e-10 1.28347e-12
144 2.64383e-10 1.27975e-12
145 2.64216e-10 1.28195e-12
146 2.64255e-10 1.2738e-12
147 2.64334e-10 1.26764e-12
148 2.64307e-10 1.2594e-12
149 2.6433e-10 1.25118e-12
150 2.6429e-10 1.2435e-12
151 2.64319e-10 1.23563e-12
152 2.64395e-10 1.22993e-12
153 2.64449e-10 1.22309e-12
154 2.64435e-10 1.21526e-12
155 2.64309e-10 1.21391e-12
156 2.64271e-10 1.20677e-12
157 2.64257e-10 1.19918e-12
158 2.64331e-10 1.19386e-12
159 2.64244e-10 1.18955e-12
160 2.64052e-10 1.1976e-12
161 2.64001e-10 1.19126e-12
162 2.63873e-10 1.19086e-12
163 2.63949e-10 1.18604e-12
164 2.638e-10 1.18826e-12
165 2.63863e-10 1.18275e-12
166 2.63776e-10 1.1788e-12
167 2.63779e-10 1.17177e-12
168 2.63837e-10 1.16627e-12
169 2.63866e-10 1.15974e-12
170 2.63888e-10 1.15315e-12
171 2.63775e-10 1.1519e-12
172 2.63701e-10 1.14764e-12
173 2.6365e-10 1.14217e-12
174 2.637e-10 1.13674e-12
175 2.63828e-10 1.1374e-12
176 2.63875e-10 1.13195e-12
177 2.63797e-10 1.12829e-12
178 2.63686e-10 1.12738e-12
179 2.63591e-10 1.12512e-12
180 2.63694e-10 1.12355e-12
181 2.63821e-10 1.12461e-12
182 2.63717e-10 1.12324e-12
183 2.63602e-10 1.12311e-12
184 2.63592e-10 1.11706e-12
185 2.63671e-10 1.11381e-12
186 2.63715e-10 1.10872e-12
187 2.63702e-10 1.10289e-12
188 2.63728e-10 1.09736e-12
189 2.63732e-10 1.09158e-12
190 2.63823e-10 1.08965e-12
191 2.63929e-10 1.08909e-12
192 2.63908e-10 1.08364e-12
193 2.64097e-10 1.0945e-12
194 2.64172e-10 1.09145e-12
195 2.64194e-10 1.08609e-12
196 2.64194e-10 1.08056e-12
197 2.6417e-10 1.07537e-12
198 2.64106e-10 1.07186e-12
199 2.64241e-10 1.07504e-12
200 2.64414e-10 1.0836e-12
201 2.64427e-10 1.0783e-12
202 2.64421e-10 1.073e-12
203 2.64396e-10 1.06801e-12
204 2.64417e-10 1.063e-12
205 2.64338e-10 1.06077e-12
206 2.64466e-10 1.06334e-12
207 2.644e-10 1.06028e-12
208 2.64344e-10 1.05669e-12
209 2.64315e-10 1.05205e-12
210 2.64242e-10 1.04959e-12
211 2.64175e-10 1.04677e-12
212 2.6435e-10 1.0564e-12
213 2.64281e-10 1.05367e-12
214 2.64228e-10 1.05013e-12
215 2.64242e-10 1.04536e-12
216 2.64148e-10 1.04485e-12
217 2.64205e-10 1.04165e-12
218 2.64104e-10 1.04182e-12
219 2.64082e-10 1.0373e-12
220 2.64163e-10 1.03576e-12
221 2.64216e-10 1.03243e-12
222 2.64107e-10 1.03359e-12
223 2.64159e-10 1.0303e-12
224 2.64187e-10 1.02609e-12
225 2.64167e-10 1.02175e-12
226 2.6416e-10 1.01726e-12
227 2.64143e-10 1.01294e-12
228 2.64058e-10 1.01207e-12
229 2.64089e-10 1.00816e-12
230 2.64099e-10 1.00384e-12
231 2.64156e-10 1.00109e-12
232 2.64151e-10 9.96791e-13
233 2.64048e-10 9.97905e-13
234 2.64106e-10 9.95326e-13
235 2.64113e-10 9.91131e-13
236 2.64025e-10 9.90873e-13
237 2.63931e-10 9.91158e-13
238 2.63884e-10 9.8814e-13
239 2.64089e-10 1.00524e-12
240 2.64095e-10 1.00107e-12
241 2.63994e-10 1.00209e-12
242 2.64043e-10 9.99169e-13
243 2.6402e-10 9.95338e-13
244 2.6396e-10 9.93071e-13
245 2.64e-10 9.89823e-13
246 2.6395e-10 9.87069e-13
247 2.64042e-10 9.874e-13
248 2.64038e-10 9.83435e-13
249 2.64062e-10 9.79779e-13
250 2.64029e-10 9.76419e-13
251 2.64088e-10 9.74308e-13
252 2.64113e-10 9.70793e-13
253 2.64139e-10 9.67303e-13
254 2.64166e-10 9.63889e-13
255 2.64297e-10 9.68947e-13
256 2.64315e-10 9.65329e-13
257 2.64214e-10 9.66775e-13
258 2.64279e-10 9.65182e-13
259 2.64212e-10 9.63764e-13
260 2.64213e-10 9.60064e-13
261 2.6422e-10 9.56422e-13
262 2.64273e-10 9.54238e-13
263 2.64129e-10 9.61496e-13
264 2.64127e-10 9.57862e-13
265 2.64239e-10 9.60727e-13
266 2.64224e-10 9.57229e-13
267 2.64243e-10 9.53829e-13
268 2.64274e-10 9.50801e-13
269 2.64263e-10 9.47345e-13
270 2.64269e-10 9.43866e-13
271 2.6431e-10 9.41285e-13
272 2.64387e-10 9.40922e-13
273 2.64302e-10 9.41297e-13
274 2.64434e-10 9.47094e-13
275 2.64387e-10 9.44839e-13
276 2.64344e-10 9.42385e-13
277 2.64297e-10 9.40159e-13
278 2.64305e-10 9.36813e-13
279 2.64459e-10 9.4611e-13
280 2.64446e-10 9.42827e-13
281 2.64438e-10 9.39506e-13
282 2.64415e-10 9.36475e-13
283 2.64493e-10 9.36388e-13
284 2.64538e-10 9.34212e-13
285 2.64495e-10 9.31958e-13
286 2.64468e-10 9.29091e-13
287 2.64541e-10 9.28716e-13
288 2.64505e-10 9.26177e-13
289 2.64505e-10 9.22978e-13
290 2.64464e-10 9.20677e-13
291 2.64362e-10 9.23258e-13
292 2.64414e-10 9.21595e-13
293 2.64419e-10 9.18469e-13
294 2.64433e-10 9.15461e-13
295 2.64505e-10 9.15155e-13
296 2.64578e-10 9.14976e-13
297 2.64606e-10 9.12347e-13
298 2.64533e-10 9.12247e-13
299 2.64586e-10 9.1075e-13
300 2.64554e-10 9.08269e-13
301 2.64529e-10 9.0562e-13
302 2.64458e-10 9.05361e-13
303 2.6451e-10 9.03843e-13
304 2.64461e-10 9.02174e-13
305 2.64481e-10 8.99441e-13
306 2.64477e-10 8.96516e-13
307 2.64578e-10 8.9923e-13
308 2.64497e-10 8.9997e-13
309 2.64559e-10 8.99211e-13
310 2.64523e-10 8.97045e-13
311 2.6442e-10 9.00014e-13
312 2.64404e-10 8.97273e-13
313 2.64366e-10 8.9524e-13
314 2.6435e-10 8.92538e-13
315 2.6437e-10 8.89941e-13
316 2.64383e-10 8.87226e-13
317 2.644e-10 8.84599e-13
318 2.64461e-10 8.83933e-13
319 2.6444e-10 8.81423e-13
320 2.64479e-10 8.79544e-13
321 2.64481e-10 8.7681e-13
322 2.64335e-10 8.86261e-13
323 2.64343e-10 8.83557e-13
324 2.64308e-10 8.81528e-13
325 2.64323e-10 8.78952e-13
326 2.64346e-10 8.76561e-13
327 2.64306e-10 8.74785e-13
328 2.64307e-10 8.72122e-13
329 2.64325e-10 8.69659e-13
330 2.64314e-10 8.67091e-13
331 2.64355e-10 8.65433e-13
332 2.64292e-10 8.65095e-13
333 2.64286e-10 8.62528e-13
334 2.64309e-10 8.60282e-13
335 2.64267e-10 8.5875e-13
336 2.64366e-10 8.61833e-13
337 2.64362e-10 8.59289e-13
338 2.64281e-10 8.60512e-13
339 2.64362e-10 8.61806e-13
340 2.64317e-10 8.60487e-13
341 2.64257e-10 8.60044e-13
342 2.64231e-10 8.57915e-13
343 2.64285e-10 8.57099e-13
344 2.64243e-10 8.55633e-13
345 2.64208e-10 8.53865e-13
346 2.64203e-10 8.51416e-13
347 2.64219e-10 8.49114e-13
348 2.64136e-10 8.5071e-13
349 2.64126e-10 8.48334e-13
350 2.64143e-10 8.46082e-13
351 2.64139e-10 8.43684e-13
352 2.64143e-10 8.41298e-13
353 2.6413e-10 8.39023e-13
354 2.64139e-10 8.36706e-13
355 2.64133e-10 8.34371e-13
356 2.6421e-10 8.35541e-13
357 2.64212e-10 8.33209e-13
358 2.6421e-10 8.30889e-13
359 2.6422e-10 8.28638e-13
360 2.64253e-10 8.27005e-13
361 2.64256e-10 8.24723e-13
362 2.64229e-10 8.22897e-13
363 2.64178e-10 8.2222e-13
364 2.6416e-10 8.20155e-13
365 2.64169e-10 8.17965e-13
366 2.64155e-10 8.1586e-13
367 2.64106e-10 8.15112e-13
368 2.64162e-10 8.14813e-13
369 2.6422e-10 8.14686e-13
370 2.64182e-10 8.13385e-13
371 2.64185e-10 8.11201e-13
372 2.64159e-10 8.09429e-13
373 2.64251e-10 8.1248e-13
374 2.64262e-10 8.10385e-13
375 2.64254e-10 8.08264e-13
376 2.64324e-10 8.09134e-13
377 2.64407e-10 8.11234e-13
378 2.64404e-10 8.09096e-13
379 2.64375e-10 8.07472e-13
380 2.6437e-10 8.05365e-13
381 2.64339e-10 8.03879e-13
382 2.64286e-10 8.03525e-13
383 2.64283e-10 8.01435e-13
384 2.64273e-10 7.99405e-13
385 2.64311e-10 7.98227e-13
386 2.6438e-10 7.99106e-13
387 2.64346e-10 7.9777e-13
388 2.64321e-10 7.96107e-13
389 2.64342e-10 7.94339e-13
390 2.64338e-10 7.92313e-13
391 2.64379e-10 7.91368e-13
392 2.64354e-10 7.89745e-13
393 2.64381e-10 7.8819e-13
394 2.64408e-10 7.86658e-13
395 2.6436e-10 7.86128e-13
396 2.64349e-10 7.84232e-13
397 2.64307e-10 7.83381e-13
398 2.64303e-10 7.81425e-13
399 2.64258e-10 7.80762e-13
400 2.64254e-10 7.78823e-13
401 2.64211e-10 7.78086e-13
402 2.64214e-10 7.76162e-13
403 2.64185e-10 7.74792e-13
404 2.64175e-10 7.72939e-13
405 2.64136e-10 7.72012e-13
406 2.64157e-10 7.70386e-13
407 2.64164e-10 7.68525e-13
408 2.64176e-10 7.66744e-13
409 2.64229e-10 7.66677e-13
410 2.64273e-10 7.66095e-13
411 2.64199e-10 7.67819e-13
412 2.64199e-10 7.65958e-13
413 2.64262e-10 7.66711e-13
414 2.64322e-10 7.67141e-13
415 2.64307e-10 7.65434e-13
416 2.64332e-10 7.6401e-13
417 2.64372e-10 7.6323e-13
418 2.64408e-10 7.62273e-13
419 2.64397e-10 7.60537e-13
420 2.64423e-10 7.5915e-13
421 2.6442e-10 7.57355e-13
422 2.64396e-10 7.55941e-13
423 2.64411e-10 7.54305e-13
424 2.64453e-10 7.53707e-13
425 2.64479e-10 7.52394e-13
426 2.64567e-10 7.55792e-13
427 2.64619e-10 7.55778e-13
428 2.64643e-10 7.54405e-13
429 2.64691e-10 7.54193e-13
430 2.6465e-10 7.53565e-13
431 2.64638e-10 7.51922e-13
432 2.64621e-10 7.50361e-13
433 2.64607e-10 7.48757e-13
434 2.64661e-10 7.48917e-13
435 2.64737e-10 7.51076e-13
436 2.64658e-10 7.53511e-13
437 2.64667e-10 7.51851e-13
438 2.64667e-10 7.50136e-13
439 2.64729e-10 7.50928e-13
440 2.64813e-10 7.53913e-13
441 2.64824e-10 7.52291e-13
442 2.64853e-10 7.51147e-13
443 2.64876e-10 7.4981e-13
444 2.64895e-10 7.48362e-13
445 2.6488e-10 7.46822e-13
446 2.64902e-10 7.45471e-13
447 2.64896e-10 7.43829e-13
448 2.64918e-10 7.42491e-13
449 2.64841e-10 7.44809e-13
450 2.64816e-10 7.43592e-13
451 2.64831e-10 7.42089e-13
452 2.64855e-10 7.40862e-13
453 2.64858e-10 7.39233e-13
454 2.64862e-10 7.3762e-13
455 2.64835e-10 7.36515e-13
456 2.64814e-10 7.35189e-13
457 2.64816e-10 7.33582e-13
458 2.64807e-10 7.32029e-13
459 2.64786e-10 7.30732e-13
460 2.64824e-10 7.30112e-13
461 2.64811e-10 7.28646e-13
462 2.6482e-10 7.27125e-13
463 2.64888e-10 7.28731e-13
464 2.64896e-10 7.27213e-13
465 2.6494e-10 7.26927e-13
466 2.64919e-10 7.25671e-13
467 2.64944e-10 7.24575e-13
468 2.64932e-10 7.2313e-13
469 2.64914e-10 7.21824e-13
470 2.64949e-10 7.2114e-13
471 2.64943e-10 7.19633e-13
472 2.65033e-10 7.23755e-13
473 2.65072e-10 7.23257e-13
474 2.6507e-10 7.21734e-13
475 2.6503e-10 7.21361e-13
476 2.65004e-10 7.20306e-13
477 2.65003e-10 7.18798e-13
478 2.65015e-10 7.1739e-13
479 2.65012e-10 7.15898e-13
480 2.64998e-10 7.14547e-13
481 2.65024e-10 7.13523e-13
482 2.65008e-10 7.12223e-13
483 2.64973e-10 7.11599e-13
484 2.64977e-10 7.10141e-13
485 2.64933e-10 7.10059e-13
486 2.64916e-10 7.08789e-13
487 2.64889e-10 7.07848e-13
488 2.64887e-10 7.06403e-13
489 2.64878e-10 7.05027e-13
490 2.64836e-10 7.04819e-13
491 2.64842e-10 7.03415e-13
492 2.64899e-10 7.04255e-13
493 2.64842e-10 7.05099e-13
494 2.64843e-10 7.03674e-13
495 2.64833e-10 7.02326e-13
496 2.64825e-10 7.00953e-13
497 2.64829e-10 6.99554e-13
498 2.6485e-10 6.98463e-13
499 2.64927e-10 7.01352e-13
500 2.64917e-10 7.00032e-13
501 2.649e-10 6.98823e-13
502 2.64865e-10 6.98346e-13
503 2.64874e-10 6.97027e-13
504 2.64872e-10 6.95648e-13
505 2.64831e-10 6.95487e-13
506 2.64857e-10 6.94583e-13
507 2.64868e-10 6.93297e-13
508 2.64861e-10 6.91962e-13
509 2.64809e-10 6.92569e-13
510 2.64846e-10 6.92211e-13
511 2.6481e-10 6.91793e-13
512 2.64776e-10 6.91278e-13
513 2.64802e-10 6.90421e-13
514 2.64871e-10 6.92457e-13
515 2.64816e-10 6.93272e-13
516 2.64841e-10 6.92374e-13
517 2.6485e-10 6.91094e-13
518 2.64847e-10 6.89766e-13
519 2.64893e-10 6.89963e-13
520 2.64904e-10 6.88726e-13
521 2.64937e-10 6.88226e-13
522 2.64967e-10 6.8756e-13
523 2.64947e-10 6.86536e-13
524 2.64993e-10 6.86767e-13
525 2.65012e-10 6.85725e-13
526 2.65057e-10 6.85877e-13
527 2.65064e-10 6.84607e-13
528 2.65038e-10 6.83785e-13
529 2.6504e-10 6.82495e-13
530 2.6503e-10 6.81282e-13
531 2.65048e-10 6.80242e-13
532 2.65018e-10 6.79601e-13
533 2.65029e-10 6.78405e-13
534 2.65041e-10 6.77242e-13
535 2.65045e-10 6.75988e-13
536 2.65056e-10 6.74825e-13
537 2.65063e-10 6.7361e-13
538 2.65073e-10 6.72434e-13
539 2.65105e-10 6.71908e-13
540 2.65072e-10 6.71455e-13
541 2.65056e-10 6.70402e-13
542 2.65033e-10 6.69578e-13
543 2.65062e-10 6.68997e-13
544 2.65067e-10 6.67789e-13
545 2.65027e-10 6.67769e-13
546 2.65034e-10 6.6658e-13
547 2.65035e-10 6.65363e-13
548 2.65054e-10 6.6443e-13
549 2.65065e-10 6.63301e-13
550 2.6505e-10 6.62257e-13
551 2.65032e-10 6.61313e-13
552 2.65016e-10 6.60313e-13
553 2.65034e-10 6.59368e-13
554 2.65067e-10 6.5904e-13
555 2.65071e-10 6.57866e-13
556 2.65078e-10 6.56718e-13
557 2.65106e-10 6.56115e-13
558 2.65065e-10 6.56222e-13
559 2.65072e-10 6.55092e-13
560 2.6503e-10 6.55268e-13
561 2.65037e-10 6.54137e-13
562 2.64982e-10 6.55305e-13
563 2.64951e-10 6.54875e-13
564 2.64932e-10 6.53974e-13
565 2.64931e-10 6.52819e-13
566 2.6495e-10 6.51949e-13
567 2.64966e-10 6.50994e-13
568 2.64931e-10 6.50783e-13
569 2.64885e-10 6.51258e-13
570 2.64906e-10 6.5045e-13
571 2.64927e-10 6.4964e-13
572 2.6488e-10 6.5022e-13
573 2.64884e-10 6.49102e-13
574 2.64876e-10 6.48028e-13
575 2.64883e-10 6.46949e-13
576 2.64912e-10 6.46479e-13
577 2.64906e-10 6.45389e-13
578 2.64919e-10 6.44392e-13
579 2.64904e-10 6.43444e-13
580 2.64865e-10 6.43548e-13
581 2.64842e-10 6.42831e-13
582 2.64803e-10 6.4293e-13
583 2.64757e-10 6.43477e-13
584 2.64741e-10 6.42564e-13
585 2.64708e-10 6.42335e-13
586 2.64694e-10 6.41383e-13
587 2.64703e-10 6.40354e-13
588 2.64734e-10 6.39977e-13
589 2.6469e-10 6.4036e-13
590 2.64679e-10 6.39378e-13
591 2.6467e-10 6.38363e-13
592 2.64691e-10 6.37657e-13
593 2.64676e-10 6.36774e-13
594 2.64677e-10 6.35703e-13
595 2.64696e-10 6.34943e-13
596 2.64699e-10 6.33886e-13
597 2.64736e-10 6.33889e-13
598 2.64739e-10 6.32838e-13
599 2.64733e-10 6.31815e-13
600 2.64723e-10 6.30839e-13
601 2.64684e-10 6.31006e-13
602 2.64691e-10 6.29995e-13
603 2.64643e-10 6.3078e-13
604 2.6463e-10 6.29865e-13
605 2.64623e-10 6.28864e-13
606 2.64605e-10 6.28083e-13
607 2.64607e-10 6.27054e-13
608 2.64619e-10 6.2613e-13
609 2.64604e-10 6.25283e-13
610 2.64609e-10 6.24276e-13
611 2.64596e-10 6.23377e-13
612 2.64576e-10 6.22695e-13
613 2.64561e-10 6.21859e-13
614 2.64542e-10 6.21129e-13
615 2.64527e-10 6.20319e-13
616 2.64561e-10 6.20282e-13
617 2.64564e-10 6.19282e-13
618 2.64527e-10 6.19364e-13
619 2.64525e-10 6.18369e-13
620 2.64556e-10 6.18171e-13
621 2.64571e-10 6.1736e-13
622 2.6458e-10 6.16433e-13
623 2.64583e-10 6.15452e-13
624 2.64619e-10 6.15529e-13
625 2.64655e-10 6.15577e-13
626 2.64644e-10 6.14693e-13
627 2.64648e-10 6.1373e-13
628 2.6467e-10 6.13132e-13
629 2.64636e-10 6.13076e-13
630 2.6461e-10 6.12662e-13
631 2.64619e-10 6.1176e-13
632 2.64638e-10 6.11067e-13
633 2.64645e-10 6.1015e-13
634 2.64648e-10 6.09195e-13
635 2.64671e-10 6.08656e-13
636 2.64668e-10 6.07705e-13
637 2.64654e-10 6.06912e-13
638 2.64627e-10 6.06551e-13
639 2.64647e-10 6.05906e-13
640 2.64654e-10 6.05001e-13
641 2.64652e-10 6.04059e-13
642 2.64668e-10 6.03311e-13
643 2.6464e-10 6.0302e-13
644 2.64617e-10 6.02497e-13
645 2.64618e-10 6.01563e-13
646 2.64623e-10 6.00658e-13
647 2.64602e-10 6.00133e-13
648 2.64622e-10 5.99547e-13
649 2.6462e-10 5.98626e-13
650 2.64607e-10 5.9785e-13
651 2.64584e-10 5.97356e-13
652 2.64568e-10 5.96665e-13
653 2.64532e-10 5.96859e-13
654 2.64535e-10 5.95958e-13
655 2.64509e-10 5.9562e-13
656 2.64488e-10 5.95076e-13
657 2.64489e-10 5.94172e-13
658 2.64493e-10 5.93282e-13
659 2.64506e-10 5.92519e-13
660 2.64473e-10 5.92543e-13
661 2.64475e-10 5.91653e-13
662 2.64465e-10 5.90857e-13
663 2.64475e-10 5.90064e-13
664 2.64496e-10 5.89542e-13
665 2.64499e-10 5.88662e-13
666 2.64513e-10 5.87964e-13
667 2.64516e-10 5.87089e-13
668 2.64505e-10 5.86317e-13
669 2.64522e-10 5.85685e-13
670 2.64587e-10 5.88391e-13
671 2.64591e-10 5.87533e-13
672 2.64582e-10 5.86732e-13
673 2.64558e-10 5.86343e-13
674 2.64613e-10 5.88004e-13
675 2.64645e-10 5.88004e-13
676 2.64651e-10 5.87173e-13
677 2.64687e-10 5.87382e-13
678 2.64706e-10 5.86816e-13
679 2.64699e-10 5.85995e-13
680 2.64695e-10 5.85144e-13
681 2.64683e-10 5.84409e-13
682 2.64668e-10 5.83758e-13
683 2.64717e-10 5.84981e-13
684 2.64713e-10 5.84141e-13
685 2.64701e-10 5.83407e-13
686 2.6474e-10 5.83891e-13
687 2.64754e-10 5.83209e-13
688 2.64766e-10 5.82482e-13
689 2.64758e-10 5.81697e-13
690 2.64795e-10 5.82026e-13
691 2.6479e-10 5.81203e-13
692 2.64789e-10 5.80364e-13
693 2.64785e-10 5.79544e-13
694 2.64771e-10 5.78872e-13
695 2.64825e-10 5.80533e-13
696 2.64843e-10 5.79963e-13
697 2.64857e-10 5.79299e-13
698 2.64891e-10 5.79473e-13
699 2.64893e-10 5.7865e-13
700 2.64899e-10 5.7785e-13
701 2.64876e-10 5.77462e-13
702 2.64847e-10 5.77367e-13
703 2.64882e-10 5.776e-13
704 2.64865e-10 5.77026e-13
705 2.64857e-10 5.76275e-13
706 2.649e-10 5.77055e-13
707 2.64883e-10 5.76479e-13
708 2.6489e-10 5.75709e-13
709 2.649e-10 5.74988e-13
710 2.64899e-10 5.7418e-13
711 2.64917e-10 5.73664e-13
712 2.64904e-10 5.7301e-13
713 2.64888e-10 5.72441e-13
714 2.64879e-10 5.717e-13
715 2.64871e-10 5.70957e-13
716 2.64896e-10 5.70678e-13
717 2.64899e-10 5.6989e-13
718 2.64905e-10 5.6913e-13
719 2.64933e-10 5.69066e-13
720 2.64944e-10 5.68379e-13
721 2.64951e-10 5.67636e-13
722 2.64988e-10 5.68013e-13
723 2.64964e-10 5.67723e-13
724 2.64951e-10 5.67089e-13
725 2.64947e-10 5.66321e-13
726 2.64958e-10 5.65644e-13
727 2.64925e-10 5.65848e-13
728 2.64936e-10 5.65186e-13
729 2.64952e-10 5.6464e-13
730 2.64977e-10 5.64414e-13
731 2.64965e-10 5.63766e-13
732 2.64971e-10 5.6303e-13
733 2.6498e-10 5.62336e-13
734 2.65016e-10 5.62681e-13
735 2.65026e-10 5.62018e-13
736 2.65006e-10 5.61634e-13
737 2.6502e-10 5.61066e-13
738 2.65012e-10 5.60374e-13
739 2.65015e-10 5.59625e-13
740 2.64998e-10 5.59119e-13
741 2.64978e-10 5.58741e-13
742 2.64987e-10 5.58067e-13
743 2.64981e-10 5.57349e-13
744 2.64964e-10 5.56858e-13
745 2.64966e-10 5.56116e-13
746 2.64988e-10 5.55788e-13
747 2.6498e-10 5.55096e-13
748 2.64959e-10 5.54757e-13
749 2.64945e-10 5.54191e-13
750 2.64935e-10 5.53552e-13
751 2.64943e-10 5.52873e-13
752 2.64966e-10 5.52649e-13
753 2.64985e-10 5.52245e-13
754 2.64996e-10 5.51621e-13
755 2.64986e-10 5.50992e-13
756 2.64959e-10 5.5089e-13
757 2.64991e-10 5.51068e-13
758 2.64962e-10 5.511e-13
759 2.64954e-10 5.50442e-13
760 2.64947e-10 5.49759e-13
761 2.64945e-10 5.49039e-13
762 2.64918e-10 5.48995e-13
763 2.64921e-10 5.48284e-13
764 2.64931e-10 5.47652e-13
765 2.64889e-10 5.48562e-13
766 2.64884e-10 5.47869e-13
767 2.64862e-10 5.47586e-13
768 2.64846e-10 5.47109e-13
769 2.64829e-10 5.46659e-13
770 2.64819e-10 5.46041e-13
771 2.64821e-10 5.45336e-13
772 2.64813e-10 5.44684e-13
773 2.6482e-10 5.44027e-13
774 2.64834e-10 5.435e-13
775 2.64865e-10 5.43708e-13
776 2.64847e-10 5.43312e-13
777 2.64816e-10 5.43531e-13
778 2.64853e-10 5.44092e-13
779 2.64883e-10 5.44265e-13
780 2.6488e-10 5.43576e-13
781 2.64879e-10 5.42882e-13
782 2.64868e-10 5.42308e-13
783 2.64866e-10 5.41621e-13
784 2.64857e-10 5.40997e-13
785 2.64851e-10 5.40337e-13
786 2.64847e-10 5.39666e-13
787 2.64842e-10 5.39003e-13
788 2.64824e-10 5.3863e-13
789 2.64797e-10 5.38649e-13
790 2.6477e-10 5.38653e-13
791 2.64753e-10 5.38218e-13
792 2.64745e-10 5.376e-13
793 2.64777e-10 5.37866e-13
794 2.64761e-10 5.37415e-13
795 2.64776e-10 5.36926e-13
796 2.64759e-10 5.36515e-13
797 2.64771e-10 5.35981e-13
798 2.64783e-10 5.35445e-13
799 2.64778e-10 5.348e-13
800 2.64796e-10 5.3445e-13
801 2.64806e-10 5.33875e-13
802 2.64826e-10 5.33567e-13
803 2.64848e-10 5.33379e-13
804 2.64837e-10 5.32829e-13
805 2.64858e-10 5.32564e-13
806 2.64909e-10 5.34397e-13
807 2.64948e-10 5.35106e-13
808 2.64939e-10 5.34514e-13
809 2.64964e-10 5.34425e-13
810 2.64967e-10 5.33777e-13
811 2.64945e-10 5.33592e-13
812 2.64936e-10 5.33011e-13
813 2.64925e-10 5.3247e-13
814 2.64917e-10 5.31877e-13
815 2.64906e-10 5.3134e-13
816 2.64901e-10 5.30714e-13
817 2.64881e-10 5.30433e-13
818 2.64855e-10 5.30426e-13
819 2.64848e-10 5.29823e-13
820 2.64847e-10 5.29178e-13
821 2.64823e-10 5.29077e-13
822 2.64823e-10 5.28434e-13
823 2.64798e-10 5.28355e-13
824 2.64825e-10 5.28412e-13
825 2.64843e-10 5.28082e-13
826 2.64832e-10 5.27576e-13
827 2.64865e-10 5.27982e-13
828 2.64847e-10 5.27646e-13
829 2.64851e-10 5.27028e-13
830 2.64862e-10 5.26503e-13
831 2.64866e-10 5.25882e-13
832 2.64874e-10 5.25314e-13
833 2.6488e-10 5.24723e-13
834 2.64877e-10 5.24106e-13
835 2.64866e-10 5.23585e-13
836 2.64861e-10 5.22988e-13
837 2.64856e-10 5.22384e-13
838 2.64868e-10 5.21895e-13
839 2.64851e-10 5.21551e-13
840 2.6485e-10 5.20932e-13
841 2.64903e-10 5.23014e-13
842 2.64885e-10 5.22689e-13
843 2.64852e-10 5.23134e-13
844 2.64867e-10 5.22733e-13
845 2.64876e-10 5.22189e-13
846 2.64861e-10 5.21776e-13
847 2.64849e-10 5.21311e-13
848 2.64848e-10 5.20697e-13
849 2.64848e-10 5.20085e-13
850 2.64872e-10 5.20003e-13
851 2.64873e-10 5.19393e-13
852 2.64887e-10 5.18983e-13
853 2.6487e-10 5.18646e-13
854 2.64841e-10 5.18856e-13
855 2.64819e-10 5.18724e-13
856 2.64828e-10 5.18193e-13
857 2.64805e-10 5.18084e-13
858 2.64816e-10 5.17587e-13
859 2.64812e-10 5.17003e-13
860 2.64789e-10 5.16896e-13
861 2.64782e-10 5.16339e-13
862 2.6479e-10 5.15795e-13
863 2.64784e-10 5.15229e-13
864 2.6478e-10 5.14653e-13
865 2.64833e-10 5.1686e-13
866 2.64811e-10 5.16741e-13
867 2.64799e-10 5.16282e-13
868 2.64803e-10 5.157e-13
869 2.64841e-10 5.16513e-13
870 2.64869e-10 5.16707e-13
871 2.64919e-10 5.18456e-13
872 2.64928e-10 5.1794e-13
873 2.64935e-10 5.174e-13
874 2.6492e-10 5.17022e-13
875 2.64918e-10 5.16435e-13
876 2.64907e-10 5.15961e-13
877 2.64903e-10 5.15391e-13
878 2.64873e-10 5.15697e-13
879 2.64887e-10 5.15294e-13
880 2.64856e-10 5.15627e-13
881 2.64858e-10 5.15047e-13
882 2.64848e-10 5.14552e-13
883 2.64853e-10 5.13988e-13
884 2.6486e-10 5.13464e-13
885 2.64845e-10 5.13124e-13
886 2.64818e-10 5.13219e-13
887 2.64806e-10 5.12783e-13
888 2.64778e-10 5.1298e-13
889 2.64794e-10 5.12652e-13
890 2.64828e-10 5.13193e-13
891 2.64831e-10 5.12629e-13
892 2.64785e-10 5.14164e-13
893 2.64804e-10 5.13962e-13
894 2.64816e-10 5.13523e-13
895 2.64827e-10 5.13065e-13
896 2.64826e-10 5.12494e-13
897 2.64819e-10 5.11975e-13
898 2.64809e-10 5.1149e-13
899 2.64813e-10 5.10934e-13
900 2.64835e-10 5.10829e-13
901 2.64832e-10 5.10267e-13
902 2.6486e-10 5.10448e-13
903 2.64851e-10 5.09957e-13
904 2.64862e-10 5.09514e-13
905 2.64873e-10 5.09058e-13
906 2.64888e-10 5.0871e-13
907 2.64891e-10 5.08163e-13
908 2.6492e-10 5.08394e-13
909 2.64905e-10 5.08056e-13
910 2.64915e-10 5.07603e-13
911 2.64914e-10 5.07048e-13
912 2.6493e-10 5.06755e-13
913 2.6496e-10 5.07112e-13
914 2.64947e-10 5.06722e-13
915 2.65008e-10 5.09751e-13
916 2.64984e-10 5.0974e-13
917 2.64962e-10 5.09665e-13
918 2.64958e-10 5.09129e-13
919 2.64951e-10 5.08614e-13
920 2.64933e-10 5.08403e-13
921 2.64951e-10 5.08188e-13
922 2.64975e-10 5.08213e-13
923 2.64996e-10 5.08095e-13
924 2.64983e-10 5.07718e-13
925 2.64995e-10 5.07318e-13
926 2.64965e-10 5.07689e-13
927 2.64956e-10 5.07219e-13
928 2.64954e-10 5.06678e-13
929 2.64932e-10 5.06605e-13
930 2.6492e-10 5.06191e-13
931 2.64928e-10 5.05707e-13
932 2.64928e-10 5.05165e-13
933 2.64931e-10 5.04634e-13
934 2.64954e-10 5.04598e-13
935 2.6494e-10 5.04261e-13
936 2.64928e-10 5.03864e-13
937 2.64934e-10 5.03364e-13
938 2.64918e-10 5.03062e-13
939 2.64916e-10 5.02534e-13
940 2.64907e-10 5.02069e-13
941 2.64881e-10 5.02205e-13
942 2.64889e-10 5.01735e-13
943 2.64899e-10 5.01289e-13
944 2.64945e-10 5.02897e-13
945 2.64955e-10 5.02466e-13
946 2.6496e-10 5.01964e-13
947 2.64944e-10 5.01714e-13
948 2.64913e-10 5.02096e-13
949 2.64931e-10 5.0188e-13
950 2.64923e-10 5.01415e-13
951 2.64912e-10 5.01001e-13
952 2.64919e-10 5.00513e-13
953 2.6491e-10 5.00066e-13
954 2.64877e-10 5.00622e-13
955 2.64903e-10 5.00761e-13
956 2.64909e-10 5.00276e-13
957 2.64949e-10 5.01342e-13
958 2.64956e-10 5.00877e-13
959 2.64976e-10 5.00754e-13
960 2.6494e-10 5.0152e-13
961 2.64956e-10 5.01231e-13
962 2.64969e-10 5.00877e-13
963 2.64948e-10 5.00778e-13
964 2.64939e-10 5.00348e-13
965 2.64928e-10 4.99936e-13
966 2.64938e-10 4.99512e-13
967 2.64904e-10 5.00173e-13
968 2.64916e-10 4.99806e-13
969 2.64933e-10 4.99585e-13
970 2.64931e-10 4.99074e-13
971 2.64946e-10 4.98778e-13
972 2.64949e-10 4.98273e-13
973 2.64948e-10 4.97761e-13
974 2.64928e-10 4.97659e-13
975 2.64907e-10 4.97606e-13
976 2.64911e-10 4.97119e-13
977 2.6492e-10 4.96691e-13
978 2.64936e-10 4.96441e-13
979 2.64912e-10 4.96514e-13
980 2.64908e-10 4.9603e-13
981 2.64922e-10 4.95738e-13
982 2.64918e-10 4.95254e-13
983 2.64938e-10 4.95151e-13
984 2.64939e-10 4.94652e-13
985 2.64947e-10 4.94208e-13
986 2.64941e-10 4.93747e-13
987 2.64908e-10 4.94348e-13
988 2.64884e-10 4.94422e-13
989 2.64872e-10 4.94069e-13
990 2.64857e-10 4.93796e-13
991 2.64833e-10 4.93897e-13
992 2.6486e-10 4.94166e-13
993 2.64864e-10 4.93683e-13
994 2.64869e-10 4.93216e-13
995 2.64883e-10 4.92911e-13
996 2.64876e-10 4.92471e-13
997 2.64868e-10 4.92043e-13
998 2.64849e-10 4.91916e-13
999 2.6484e-10 4.91496e-13
