0 2.78033e-10 0
1 2.64134e-10 1.38989e-11
2 2.65436e-10 8.12949e-12
3 2.65103e-10 5.75807e-12
4 2.66551e-10 4.68926e-12
5 2.62679e-10 5.44507e-12
6 2.63266e-10 4.63917e-12
7 2.63655e-10 4.03646e-12
8 2.65071e-10 3.83122e-12
9 2.69614e-10 5.69025e-12
10 2.68434e-10 5.28054e-12
11 2.65324e-10 5.73649e-12
12 2.65448e-10 5.27824e-12
13 2.64896e-10 4.91774e-12
14 2.64387e-10 4.60636e-12
15 2.63355e-10 4.43082e-12
16 2.61182e-10 4.69485e-12
17 2.60701e-10 4.45244e-12
18 2.62089e-10 4.43438e-12
19 2.62028e-10 4.20726e-12
20 2.62316e-10 4.01226e-12
21 2.63851e-10 4.12197e-12
22 2.64393e-10 3.97584e-12
23 2.63518e-10 3.90589e-12
24 2.62641e-10 3.84767e-12
25 2.62784e-10 3.69949e-12
26 2.635e-10 3.63103e-12
27 2.62518e-10 3.63395e-12
28 2.63751e-10 3.7166e-12
29 2.6436e-10 3.64196e-12
30 2.64543e-10 3.52728e-12
31 2.65575e-10 3.56775e-12
32 2.65428e-10 3.46108e-12
33 2.65395e-10 3.35791e-12
34 2.66074e-10 3.33043e-12
35 2.65941e-10 3.23929e-12
36 2.66377e-10 3.18046e-12
37 2.66003e-10 3.11813e-12
38 2.65971e-10 3.03729e-12
39 2.66024e-10 2.96087e-12
40 2.65658e-10 2.91087e-12
41 2.6596e-10 2.85674e-12
42 2.65602e-10 2.81238e-12
43 2.652e-10 2.77696e-12
44 2.66082e-10 2.85418e-12
45 2.6613e-10 2.79184e-12
46 2.65672e-10 2.76979e-12
47 2.65931e-10 2.7238e-12
48 2.66072e-10 2.67134e-12
49 2.65944e-10 2.62048e-12
50 2.66231e-10 2.58459e-12
51 2.65781e-10 2.57413e-12
52 2.65448e-10 2.54694e-12
53 2.66465e-10 2.69825e-12
54 2.66512e-10 2.64917e-12
55 2.66532e-10 2.6015e-12
56 2.66802e-10 2.56973e-12
57 2.66907e-10 2.52722e-12
58 2.66831e-10 2.48518e-12
59 2.66776e-10 2.44403e-12
60 2.66425e-10 2.42912e-12
61 2.66122e-10 2.4087e-12
62 2.65943e-10 2.37692e-12
63 2.65888e-10 2.34014e-12
64 2.65858e-10 2.30405e-12
65 2.66081e-10 2.27974e-12
66 2.66009e-10 2.2466e-12
67 2.65815e-10 2.22183e-12
68 2.6551e-10 2.21053e-12
69 2.65467e-10 2.17915e-12
70 2.65896e-10 2.19075e-12
71 2.65456e-10 2.20442e-12
72 2.65362e-10 2.17604e-12
73 2.65038e-10 2.17083e-12
74 2.65188e-10 2.14692e-12
75 2.65275e-10 2.12029e-12
76 2.65067e-10 2.1029e-12
77 2.64604e-10 2.12685e-12
78 2.64461e-10 2.1046e-12
79 2.64386e-10 2.07947e-12
80 2.64403e-10 2.05372e-12
81 2.64394e-10 2.02853e-12
82 2.64459e-10 2.00499e-12
83 2.6445e-10 1.98099e-12
84 2.641e-10 1.98874e-12
85 2.64641e-10 2.03874e-12
86 2.64521e-10 2.01877e-12
87 2.64385e-10 2.00031e-12
88 2.64119e-10 1.99553e-12
89 2.63782e-10 2.00169e-12
90 2.63634e-10 1.98511e-12
91 2.63244e-10 2.0019e-12
92 2.63036e-10 1.99107e-12
93 2.63501e-10 2.02375e-12
94 2.63334e-10 2.00925e-12
95 2.63492e-10 1.99449e-12
96 2.63666e-10 1.98143e-12
97 2.63742e-10 1.96259e-12
98 2.63744e-10 1.94267e-12
99 2.63927e-10 1.93188e-12
100 2.63771e-10 1.91904e-12
101 2.63855e-10 1.90198e-12
102 2.63779e-10 1.88494e-12
103 2.63861e-10 1.86851e-12
104 2.63953e-10 1.85292e-12
105 2.63822e-10 1.84002e-12
106 2.63796e-10 1.82292e-12
107 2.63823e-10 1.80615e-12
108 2.63861e-10 1.78991e-12
109 2.63754e-10 1.77677e-12
110 2.63719e-10 1.76104e-12
111 2.63882e-10 1.75286e-12
112 2.63775e-10 1.74056e-12
113 2.63651e-10 1.72974e-12
114 2.63676e-10 1.71481e-12
115 2.63857e-10 1.70966e-12
116 2.63786e-10 1.6965e-12
117 2.63779e-10 1.68207e-12
118 2.63752e-10 1.6681e-12
119 2.63812e-10 1.65522e-12
120 2.64023e-10 1.65496e-12
121 2.64079e-10 1.6423e-12
122 2.64089e-10 1.62892e-12
123 2.64126e-10 1.61617e-12
124 2.63875e-10 1.62275e-12
125 2.64041e-10 1.61839e-12
126 2.64061e-10 1.60572e-12
127 2.63986e-10 1.59491e-12
128 2.64065e-10 1.5845e-12
129 2.64085e-10 1.57239e-12
130 2.63946e-10 1.56656e-12
131 2.63885e-10 1.55586e-12
132 2.64081e-10 1.55652e-12
133 2.63997e-10 1.54709e-12
134 2.63989e-10 1.53561e-12
135 2.64329e-10 1.56172e-12
136 2.64307e-10 1.55042e-12
137 2.6427e-10 1.53961e-12
138 2.64226e-10 1.52912e-12
139 2.64174e-10 1.51906e-12
140 2.64178e-10 1.50825e-12
141 2.64236e-10 1.49871e-12
142 2.64127e-10 1.4922e-12
143 2.63999e-10 1.4873e-12
144 2.63998e-10 1.47701e-12
145 2.64052e-10 1.46786e-12
146 2.64054e-10 1.45784e-12
147 2.64222e-10 1.45768e-12
148 2.64169e-10 1.44884e-12
149 2.64128e-10 1.43974e-12
150 2.64285e-10 1.43887e-12
151 2.64283e-10 1.42937e-12
152 2.6435e-10 1.42156e-12
153 2.64555e-10 1.42719e-12
154 2.64426e-10 1.4238e-12
155 2.64205e-10 1.4319e-12
156 2.64153e-10 1.42368e-12
157 2.64385e-10 1.43357e-12
158 2.64429e-10 1.42521e-12
159 2.64458e-10 1.41657e-12
160 2.6477e-10 1.44182e-12
161 2.64781e-10 1.43293e-12
162 2.64672e-10 1.42828e-12
163 2.64663e-10 1.41957e-12
164 2.64663e-10 1.41094e-12
165 2.64654e-10 1.40244e-12
166 2.64534e-10 1.3991e-12
167 2.64398e-10 1.39745e-12
168 2.64335e-10 1.39057e-12
169 2.64533e-10 1.39645e-12
170 2.64632e-10 1.39177e-12
171 2.64533e-10 1.38714e-12
172 2.64484e-10 1.37998e-12
173 2.64388e-10 1.37536e-12
174 2.64439e-10 1.36843e-12
175 2.64388e-10 1.36158e-12
176 2.64483e-10 1.35721e-12
177 2.6439e-10 1.35281e-12
178 2.64258e-10 1.35164e-12
179 2.643e-10 1.34475e-12
180 2.64296e-10 1.3373e-12
181 2.64371e-10 1.33207e-12
182 2.6433e-10 1.32542e-12
183 2.64317e-10 1.31826e-12
184 2.64271e-10 1.31191e-12
185 2.64256e-10 1.30492e-12
186 2.64155e-10 1.30189e-12
187 2.64121e-10 1.29539e-12
188 2.63897e-10 1.30778e-12
189 2.63938e-10 1.30152e-12
190 2.63795e-10 1.30252e-12
191 2.63591e-10 1.31172e-12
192 2.63756e-10 1.31527e-12
193 2.63734e-10 1.30865e-12
194 2.63882e-10 1.31025e-12
195 2.63971e-10 1.30659e-12
196 2.6395e-10 1.30011e-12
197 2.63975e-10 1.29378e-12
198 2.64305e-10 1.32893e-12
199 2.64419e-10 1.32711e-12
200 2.64366e-10 1.32152e-12
201 2.64522e-10 1.32418e-12
202 2.64569e-10 1.31847e-12
203 2.64701e-10 1.31857e-12
204 2.64626e-10 1.31426e-12
205 2.64496e-10 1.31426e-12
206 2.64429e-10 1.30961e-12
207 2.64422e-10 1.30332e-12
208 2.64457e-10 1.29753e-12
209 2.64499e-10 1.29202e-12
210 2.64613e-10 1.29095e-12
211 2.64591e-10 1.28503e-12
212 2.64619e-10 1.27927e-12
213 2.64531e-10 1.27625e-12
214 2.64463e-10 1.27216e-12
215 2.64768e-10 1.30246e-12
216 2.64795e-10 1.29672e-12
217 2.64902e-10 1.29521e-12
218 2.64897e-10 1.28929e-12
219 2.64807e-10 1.28653e-12
220 2.64788e-10 1.28085e-12
221 2.64801e-10 1.27513e-12
222 2.64842e-10 1.27008e-12
223 2.6478e-10 1.2659e-12
224 2.64606e-10 1.27231e-12
225 2.64548e-10 1.26795e-12
226 2.64641e-10 1.26571e-12
227 2.64609e-10 1.26055e-12
228 2.64642e-10 1.25548e-12
229 2.64714e-10 1.25208e-12
230 2.64708e-10 1.24667e-12
231 2.64798e-10 1.24457e-12
232 2.64767e-10 1.23961e-12
233 2.64728e-10 1.23491e-12
234 2.6481e-10 1.23234e-12
235 2.64732e-10 1.22957e-12
236 2.64707e-10 1.22461e-12
237 2.64836e-10 1.2262e-12
238 2.64885e-10 1.22205e-12
239 2.64892e-10 1.21697e-12
240 2.6487e-10 1.2121e-12
241 2.64873e-10 1.20709e-12
242 2.64751e-10 1.20824e-12
243 2.64807e-10 1.20459e-12
244 2.6473e-10 1.20216e-12
245 2.64652e-10 1.19977e-12
246 2.64688e-10 1.19545e-12
247 2.64762e-10 1.19292e-12
248 2.64752e-10 1.18816e-12
249 2.64718e-10 1.1839e-12
250 2.64579e-10 1.18727e-12
251 2.64616e-10 1.18312e-12
252 2.64656e-10 1.1791e-12
253 2.64587e-10 1.17649e-12
254 2.64598e-10 1.17192e-12
255 2.64564e-10 1.16782e-12
256 2.64541e-10 1.16351e-12
257 2.6456e-10 1.15916e-12
258 2.6457e-10 1.15472e-12
259 2.64706e-10 1.15826e-12
260 2.64634e-10 1.15607e-12
261 2.64578e-10 1.153e-12
262 2.64671e-10 1.1524e-12
263 2.64665e-10 1.14804e-12
264 2.64695e-10 1.14409e-12
265 2.64661e-10 1.14029e-12
266 2.64707e-10 1.13695e-12
267 2.64642e-10 1.1346e-12
268 2.6458e-10 1.13206e-12
269 2.64524e-10 1.12926e-12
270 2.64531e-10 1.12511e-12
271 2.64512e-10 1.12112e-12
272 2.64545e-10 1.11748e-12
273 2.64681e-10 1.12159e-12
274 2.64714e-10 1.11802e-12
275 2.64793e-10 1.11675e-12
276 2.64684e-10 1.11811e-12
277 2.64761e-10 1.11678e-12
278 2.64893e-10 1.12052e-12
279 2.64817e-10 1.11907e-12
280 2.64804e-10 1.11516e-12
281 2.64731e-10 1.11362e-12
282 2.64733e-10 1.10968e-12
283 2.64852e-10 1.11225e-12
284 2.64864e-10 1.10841e-12
285 2.64897e-10 1.10501e-12
286 2.6474e-10 1.11225e-12
287 2.6483e-10 1.11198e-12
288 2.64919e-10 1.11174e-12
289 2.64869e-10 1.10903e-12
290 2.6483e-10 1.10591e-12
291 2.64868e-10 1.10276e-12
292 2.64824e-10 1.09987e-12
293 2.64804e-10 1.0963e-12
294 2.64758e-10 1.09356e-12
295 2.64713e-10 1.09078e-12
296 2.64618e-10 1.09126e-12
297 2.64642e-10 1.08786e-12
298 2.64651e-10 1.08425e-12
299 2.64714e-10 1.08249e-12
300 2.6473e-10 1.079e-12
301 2.64673e-10 1.07691e-12
302 2.64578e-10 1.07752e-12
303 2.64602e-10 1.07424e-12
304 2.64517e-10 1.07409e-12
305 2.64481e-10 1.07117e-12
306 2.64466e-10 1.06779e-12
307 2.64457e-10 1.06435e-12
308 2.64454e-10 1.06091e-12
309 2.64426e-10 1.05784e-12
310 2.64508e-10 1.05759e-12
311 2.64483e-10 1.05449e-12
312 2.64459e-10 1.05139e-12
313 2.64512e-10 1.04934e-12
314 2.64497e-10 1.0461e-12
315 2.64471e-10 1.04312e-12
316 2.64403e-10 1.04201e-12
317 2.64441e-10 1.03942e-12
318 2.64423e-10 1.03632e-12
319 2.64438e-10 1.03319e-12
320 2.64398e-10 1.03076e-12
321 2.64519e-10 1.03473e-12
322 2.64464e-10 1.03302e-12
323 2.64467e-10 1.02983e-12
324 2.64456e-10 1.02671e-12
325 2.64407e-10 1.02475e-12
326 2.64403e-10 1.02162e-12
327 2.64696e-10 1.05992e-12
328 2.64626e-10 1.05904e-12
329 2.64656e-10 1.05626e-12
330 2.64736e-10 1.05612e-12
331 2.64797e-10 1.05472e-12
332 2.64827e-10 1.05196e-12
333 2.64763e-10 1.05075e-12
334 2.64803e-10 1.04838e-12
335 2.64788e-10 1.04537e-12
336 2.64784e-10 1.04227e-12
337 2.64731e-10 1.04057e-12
338 2.64714e-10 1.03763e-12
339 2.64745e-10 1.03503e-12
340 2.64712e-10 1.0325e-12
341 2.64714e-10 1.02948e-12
342 2.64749e-10 1.02705e-12
343 2.64769e-10 1.02427e-12
344 2.64759e-10 1.02134e-12
345 2.64718e-10 1.01921e-12
346 2.64722e-10 1.01628e-12
347 2.6471e-10 1.01342e-12
348 2.64699e-10 1.01057e-12
349 2.64611e-10 1.01149e-12
350 2.6464e-10 1.00902e-12
351 2.64612e-10 1.00654e-12
352 2.64695e-10 1.00715e-12
353 2.64666e-10 1.00472e-12
354 2.64679e-10 1.00197e-12
355 2.64706e-10 9.99524e-13
356 2.64637e-10 9.99148e-13
357 2.6461e-10 9.96713e-13
358 2.64555e-10 9.95463e-13
359 2.64661e-10 9.9839e-13
360 2.6473e-10 9.97996e-13
361 2.64684e-10 9.96309e-13
362 2.64679e-10 9.93574e-13
363 2.64726e-10 9.91979e-13
364 2.64717e-10 9.893e-13
365 2.64723e-10 9.86614e-13
366 2.64719e-10 9.83934e-13
367 2.64665e-10 9.82746e-13
368 2.6462e-10 9.81094e-13
369 2.64709e-10 9.82483e-13
370 2.64668e-10 9.80682e-13
371 2.64583e-10 9.81704e-13
372 2.6462e-10 9.79742e-13
373 2.64604e-10 9.77254e-13
374 2.64537e-10 9.76912e-13
375 2.64597e-10 9.76133e-13
376 2.64591e-10 9.73555e-13
377 2.64544e-10 9.72132e-13
378 2.64566e-10 9.69809e-13
379 2.64595e-10 9.67682e-13
380 2.64616e-10 9.65367e-13
381 2.64621e-10 9.62852e-13
382 2.64585e-10 9.61025e-13
383 2.64646e-10 9.60484e-13
384 2.64584e-10 9.59992e-13
385 2.64547e-10 9.58224e-13
386 2.64563e-10 9.55883e-13
387 2.64569e-10 9.53432e-13
388 2.6461e-10 9.51891e-13
389 2.64594e-10 9.49596e-13
390 2.64605e-10 9.47237e-13
391 2.64639e-10 9.45423e-13
392 2.64583e-10 9.44679e-13
393 2.64518e-10 9.44524e-13
394 2.64463e-10 9.4373e-13
395 2.64467e-10 9.41351e-13
396 2.64454e-10 9.3906e-13
397 2.64458e-10 9.36705e-13
398 2.64449e-10 9.344e-13
399 2.6444e-10 9.32101e-13
400 2.64468e-10 9.30195e-13
401 2.64465e-10 9.27884e-13
402 2.64445e-10 9.25792e-13
403 2.64422e-10 9.2378e-13
404 2.64417e-10 9.2151e-13
405 2.64419e-10 9.19239e-13
406 2.64444e-10 9.17316e-13
407 2.64441e-10 9.15073e-13
408 2.64407e-10 9.13444e-13
409 2.64378e-10 9.11668e-13
410 2.64422e-10 9.10482e-13
411 2.64448e-10 9.08661e-13
412 2.64458e-10 9.06506e-13
413 2.6444e-10 9.04495e-13
414 2.64509e-10 9.05016e-13
415 2.64469e-10 9.03766e-13
416 2.64466e-10 9.01599e-13
417 2.64395e-10 9.02285e-13
418 2.64401e-10 9.00152e-13
419 2.64438e-10 8.98781e-13
420 2.64438e-10 8.96643e-13
421 2.64396e-10 8.95515e-13
422 2.64349e-10 8.94617e-13
423 2.64332e-10 8.92666e-13
424 2.64309e-10 8.90856e-13
425 2.64373e-10 8.91075e-13
426 2.64445e-10 8.91845e-13
427 2.64478e-10 8.90403e-13
428 2.64557e-10 8.91776e-13
429 2.64549e-10 8.89731e-13
430 2.64518e-10 8.88199e-13
431 2.64517e-10 8.86143e-13
432 2.64524e-10 8.8412e-13
433 2.64517e-10 8.82104e-13
434 2.6448e-10 8.80876e-13
435 2.64566e-10 8.83048e-13
436 2.64531e-10 8.81697e-13
437 2.645e-10 8.80243e-13
438 2.6444e-10 8.8026e-13
439 2.64505e-10 8.80637e-13
440 2.64534e-10 8.79125e-13
441 2.64552e-10 8.77322e-13
442 2.64554e-10 8.75341e-13
443 2.64546e-10 8.73402e-13
444 2.64569e-10 8.71745e-13
445 2.64678e-10 8.76531e-13
446 2.64715e-10 8.75371e-13
447 2.64678e-10 8.74198e-13
448 2.64707e-10 8.72727e-13
449 2.64779e-10 8.73697e-13
450 2.64732e-10 8.7301e-13
451 2.64789e-10 8.72949e-13
452 2.64814e-10 8.71386e-13
453 2.648e-10 8.69588e-13
454 2.64769e-10 8.68222e-13
455 2.64694e-10 8.69537e-13
456 2.64704e-10 8.67687e-13
457 2.64693e-10 8.65855e-13
458 2.64661e-10 8.64562e-13
459 2.64752e-10 8.67484e-13
460 2.64706e-10 8.66808e-13
461 2.64715e-10 8.64972e-13
462 2.64706e-10 8.63148e-13
463 2.64836e-10 8.71089e-13
464 2.64772e-10 8.71601e-13
465 2.6475e-10 8.70013e-13
466 2.64763e-10 8.68249e-13
467 2.64724e-10 8.67238e-13
468 2.64741e-10 8.65546e-13
469 2.64689e-10 8.65261e-13
470 2.64679e-10 8.63486e-13
471 2.64683e-10 8.61667e-13
472 2.64642e-10 8.6081e-13
473 2.646e-10 8.60044e-13
474 2.64639e-10 8.59107e-13
475 2.6463e-10 8.57346e-13
476 2.64557e-10 8.58659e-13
477 2.64649e-10 8.61749e-13
478 2.64702e-10 8.61582e-13
479 2.64626e-10 8.6306e-13
480 2.64613e-10 8.61377e-13
481 2.64663e-10 8.61054e-13
482 2.64629e-10 8.59913e-13
483 2.64671e-10 8.5912e-13
484 2.64644e-10 8.57744e-13
485 2.64678e-10 8.56618e-13
486 2.64691e-10 8.54959e-13
487 2.64681e-10 8.53266e-13
488 2.64615e-10 8.54024e-13
489 2.6458e-10 8.53015e-13
490 2.64575e-10 8.5129e-13
491 2.64565e-10 8.49614e-13
492 2.64556e-10 8.47938e-13
493 2.64568e-10 8.46306e-13
494 2.64556e-10 8.44677e-13
495 2.64554e-10 8.42976e-13
496 2.64571e-10 8.41454e-13
497 2.64535e-10 8.40543e-13
498 2.64605e-10 8.4183e-13
499 2.64562e-10 8.41286e-13
500 2.64557e-10 8.39621e-13
501 2.64573e-10 8.38107e-13
502 2.64551e-10 8.36731e-13
503 2.64554e-10 8.35075e-13
504 2.64595e-10 8.34424e-13
505 2.64606e-10 8.32843e-13
506 2.64635e-10 8.31704e-13
507 2.64627e-10 8.30105e-13
508 2.6462e-10 8.28502e-13
509 2.64615e-10 8.26889e-13
510 2.64559e-10 8.27141e-13
511 2.64535e-10 8.25896e-13
512 2.64539e-10 8.24298e-13
513 2.64607e-10 8.25446e-13
514 2.64638e-10 8.24428e-13
515 2.64706e-10 8.25672e-13
516 2.64658e-10 8.25489e-13
517 2.64649e-10 8.23941e-13
518 2.64597e-10 8.24032e-13
519 2.64611e-10 8.22568e-13
520 2.64636e-10 8.21375e-13
521 2.64628e-10 8.19836e-13
522 2.64606e-10 8.18568e-13
523 2.64587e-10 8.17227e-13
524 2.64658e-10 8.18783e-13
525 2.64644e-10 8.17353e-13
526 2.64591e-10 8.17524e-13
527 2.64576e-10 8.16115e-13
528 2.64573e-10 8.14576e-13
529 2.64543e-10 8.13565e-13
530 2.64554e-10 8.12096e-13
531 2.64582e-10 8.11069e-13
532 2.64647e-10 8.12129e-13
533 2.64629e-10 8.10812e-13
534 2.64599e-10 8.0982e-13
535 2.64598e-10 8.08308e-13
536 2.64578e-10 8.07051e-13
537 2.64602e-10 8.05886e-13
538 2.646e-10 8.04391e-13
539 2.64616e-10 8.03053e-13
540 2.6464e-10 8.01938e-13
541 2.64657e-10 8.00636e-13
542 2.64738e-10 8.03247e-13
543 2.64726e-10 8.0186e-13
544 2.64783e-10 8.02418e-13
545 2.648e-10 8.01133e-13
546 2.64803e-10 7.99672e-13
547 2.64814e-10 7.98291e-13
548 2.64855e-10 7.97902e-13
549 2.64844e-10 7.96536e-13
550 2.64829e-10 7.95221e-13
551 2.64851e-10 7.94085e-13
552 2.64815e-10 7.93499e-13
553 2.64801e-10 7.9218e-13
554 2.64836e-10 7.91539e-13
555 2.64826e-10 7.90182e-13
556 2.64788e-10 7.89668e-13
557 2.6478e-10 7.88295e-13
558 2.64736e-10 7.8809e-13
559 2.64698e-10 7.87635e-13
560 2.64731e-10 7.8692e-13
561 2.64708e-10 7.85835e-13
562 2.64698e-10 7.84501e-13
563 2.64723e-10 7.83506e-13
564 2.64703e-10 7.82388e-13
565 2.64772e-10 7.8404e-13
566 2.64781e-10 7.8271e-13
567 2.64791e-10 7.81402e-13
568 2.6483e-10 7.8097e-13
569 2.64845e-10 7.79755e-13
570 2.64831e-10 7.78521e-13
571 2.64834e-10 7.77164e-13
572 2.64791e-10 7.76979e-13
573 2.6477e-10 7.759e-13
574 2.64753e-10 7.74753e-13
575 2.64726e-10 7.73856e-13
576 2.64721e-10 7.72535e-13
577 2.64756e-10 7.72003e-13
578 2.64779e-10 7.71011e-13
579 2.64792e-10 7.69801e-13
580 2.64821e-10 7.69014e-13
581 2.64792e-10 7.68254e-13
582 2.64776e-10 7.67103e-13
583 2.64754e-10 7.66107e-13
584 2.64702e-10 7.66547e-13
585 2.64716e-10 7.65363e-13
586 2.64674e-10 7.65201e-13
587 2.64615e-10 7.6616e-13
588 2.64631e-10 7.65017e-13
589 2.64625e-10 7.63739e-13
590 2.64623e-10 7.6245e-13
591 2.64628e-10 7.61178e-13
592 2.64602e-10 7.60334e-13
593 2.64577e-10 7.59456e-13
594 2.64622e-10 7.59492e-13
595 2.64616e-10 7.58234e-13
596 2.6459e-10 7.5741e-13
597 2.64597e-10 7.56172e-13
598 2.64583e-10 7.55048e-13
599 2.64575e-10 7.53828e-13
600 2.6459e-10 7.52716e-13
601 2.64587e-10 7.51467e-13
602 2.64604e-10 7.50393e-13
603 2.64662e-10 7.51432e-13
604 2.64724e-10 7.52761e-13
605 2.64739e-10 7.5166e-13
606 2.64744e-10 7.50436e-13
607 2.64771e-10 7.49706e-13
608 2.64735e-10 7.49354e-13
609 2.64761e-10 7.48572e-13
610 2.64766e-10 7.47362e-13
611 2.64737e-10 7.46678e-13
612 2.647e-10 7.4639e-13
613 2.64726e-10 7.45629e-13
614 2.64672e-10 7.46396e-13
615 2.64697e-10 7.45598e-13
616 2.64737e-10 7.45509e-13
617 2.64716e-10 7.44611e-13
618 2.64671e-10 7.44769e-13
619 2.64672e-10 7.43567e-13
620 2.64679e-10 7.42407e-13
621 2.64657e-10 7.41537e-13
622 2.64685e-10 7.40871e-13
623 2.64669e-10 7.39851e-13
624 2.647e-10 7.39305e-13
625 2.64705e-10 7.38142e-13
626 2.64726e-10 7.37245e-13
627 2.647e-10 7.36525e-13
628 2.64675e-10 7.35768e-13
629 2.64661e-10 7.34728e-13
630 2.64617e-10 7.34894e-13
631 2.64586e-10 7.34377e-13
632 2.64585e-10 7.33217e-13
633 2.64627e-10 7.33265e-13
634 2.64621e-10 7.32136e-13
635 2.64645e-10 7.31396e-13
636 2.64646e-10 7.30247e-13
637 2.64621e-10 7.2953e-13
638 2.64657e-10 7.293e-13
639 2.64642e-10 7.28331e-13
640 2.64626e-10 7.27352e-13
641 2.6462e-10 7.26244e-13
642 2.64653e-10 7.2583e-13
643 2.64635e-10 7.24922e-13
644 2.64617e-10 7.24016e-13
645 2.64625e-10 7.22935e-13
646 2.64677e-10 7.23713e-13
647 2.64632e-10 7.23974e-13
648 2.64611e-10 7.23177e-13
649 2.64626e-10 7.22216e-13
650 2.64646e-10 7.21397e-13
651 2.64616e-10 7.20909e-13
652 2.64618e-10 7.19805e-13
653 2.64621e-10 7.18713e-13
654 2.6464e-10 7.17867e-13
655 2.64679e-10 7.17832e-13
656 2.64686e-10 7.16774e-13
657 2.64701e-10 7.15824e-13
658 2.64689e-10 7.14836e-13
659 2.64678e-10 7.1383e-13
660 2.64648e-10 7.13404e-13
661 2.64637e-10 7.12401e-13
662 2.64631e-10 7.11353e-13
663 2.64639e-10 7.10326e-13
664 2.64599e-10 7.10377e-13
665 2.64598e-10 7.09311e-13
666 2.64633e-10 7.09095e-13
667 2.64645e-10 7.08136e-13
668 2.6472e-10 7.1102e-13
669 2.64672e-10 7.11527e-13
670 2.64691e-10 7.10714e-13
671 2.64704e-10 7.09762e-13
672 2.64707e-10 7.08716e-13
673 2.64707e-10 7.07663e-13
674 2.64708e-10 7.06615e-13
675 2.64723e-10 7.05722e-13
676 2.64749e-10 7.05162e-13
677 2.64736e-10 7.04236e-13
678 2.64726e-10 7.03269e-13
679 2.64702e-10 7.02663e-13
680 2.64678e-10 7.02041e-13
681 2.64706e-10 7.01563e-13
682 2.64698e-10 7.00574e-13
683 2.64686e-10 6.99659e-13
684 2.64644e-10 6.99895e-13
685 2.64642e-10 6.98875e-13
686 2.6464e-10 6.97861e-13
687 2.64614e-10 6.97352e-13
688 2.64617e-10 6.96348e-13
689 2.64616e-10 6.95339e-13
690 2.64615e-10 6.94333e-13
691 2.64602e-10 6.93454e-13
692 2.64603e-10 6.92454e-13
693 2.64552e-10 6.93381e-13
694 2.64564e-10 6.92487e-13
695 2.64557e-10 6.91528e-13
696 2.64523e-10 6.91334e-13
697 2.64493e-10 6.91028e-13
698 2.64495e-10 6.90043e-13
699 2.64524e-10 6.89656e-13
700 2.64526e-10 6.88674e-13
701 2.64535e-10 6.87751e-13
702 2.64518e-10 6.86968e-13
703 2.64485e-10 6.86813e-13
704 2.64489e-10 6.85856e-13
705 2.64486e-10 6.84895e-13
706 2.64496e-10 6.83999e-13
707 2.64459e-10 6.84006e-13
708 2.64475e-10 6.83222e-13
709 2.64535e-10 6.84926e-13
710 2.64496e-10 6.85119e-13
711 2.64475e-10 6.84452e-13
712 2.64476e-10 6.83491e-13
713 2.64466e-10 6.826e-13
714 2.64475e-10 6.81699e-13
715 2.64458e-10 6.80941e-13
716 2.64478e-10 6.80286e-13
717 2.64475e-10 6.79349e-13
718 2.6445e-10 6.78833e-13
719 2.64467e-10 6.78099e-13
720 2.64458e-10 6.7722e-13
721 2.64475e-10 6.76488e-13
722 2.6451e-10 6.76449e-13
723 2.64519e-10 6.75578e-13
724 2.64536e-10 6.74852e-13
725 2.64485e-10 6.75797e-13
726 2.64454e-10 6.75577e-13
727 2.64441e-10 6.74776e-13
728 2.64459e-10 6.7409e-13
729 2.6443e-10 6.73808e-13
730 2.6443e-10 6.72886e-13
731 2.64426e-10 6.71977e-13
732 2.64464e-10 6.72095e-13
733 2.64478e-10 6.71328e-13
734 2.64488e-10 6.70493e-13
735 2.64489e-10 6.69581e-13
736 2.64473e-10 6.68859e-13
737 2.64454e-10 6.68229e-13
738 2.64432e-10 6.67674e-13
739 2.64465e-10 6.67572e-13
740 2.64486e-10 6.67013e-13
741 2.64467e-10 6.66387e-13
742 2.64467e-10 6.6549e-13
743 2.64502e-10 6.65523e-13
744 2.64487e-10 6.648e-13
745 2.64507e-10 6.64206e-13
746 2.64494e-10 6.63449e-13
747 2.64532e-10 6.63667e-13
748 2.64508e-10 6.63201e-13
749 2.64497e-10 6.62407e-13
750 2.64554e-10 6.63917e-13
751 2.64568e-10 6.63193e-13
752 2.64585e-10 6.62532e-13
753 2.64574e-10 6.61752e-13
754 2.64578e-10 6.60884e-13
755 2.6465e-10 6.63998e-13
756 2.64677e-10 6.63643e-13
757 2.6465e-10 6.63294e-13
758 2.64652e-10 6.62422e-13
759 2.6466e-10 6.61605e-13
760 2.64669e-10 6.60789e-13
761 2.6468e-10 6.60017e-13
762 2.64647e-10 6.60004e-13
763 2.64649e-10 6.59144e-13
764 2.64615e-10 6.59126e-13
765 2.64613e-10 6.58269e-13
766 2.6459e-10 6.57801e-13
767 2.64634e-10 6.58391e-13
768 2.64628e-10 6.57566e-13
769 2.64611e-10 6.56922e-13
770 2.64602e-10 6.56133e-13
771 2.64635e-10 6.56118e-13
772 2.64659e-10 6.55723e-13
773 2.64677e-10 6.55114e-13
774 2.64668e-10 6.54334e-13
775 2.64676e-10 6.53544e-13
776 2.6468e-10 6.52714e-13
777 2.64667e-10 6.52002e-13
778 2.64677e-10 6.51243e-13
779 2.64669e-10 6.5046e-13
780 2.64655e-10 6.4977e-13
781 2.6465e-10 6.48958e-13
782 2.64673e-10 6.48525e-13
783 2.6464e-10 6.48542e-13
784 2.64621e-10 6.48004e-13
785 2.64589e-10 6.47942e-13
786 2.64585e-10 6.47131e-13
787 2.64551e-10 6.47219e-13
788 2.64562e-10 6.46505e-13
789 2.64614e-10 6.47767e-13
790 2.64621e-10 6.46982e-13
791 2.64622e-10 6.46166e-13
792 2.64606e-10 6.45553e-13
793 2.64624e-10 6.44976e-13
794 2.64611e-10 6.44298e-13
795 2.64599e-10 6.43598e-13
796 2.6463e-10 6.43575e-13
797 2.6466e-10 6.43436e-13
798 2.64715e-10 6.44986e-13
799 2.64705e-10 6.44258e-13
800 2.64681e-10 6.43903e-13
801 2.64671e-10 6.43166e-13
802 2.64637e-10 6.43301e-13
803 2.64637e-10 6.42501e-13
804 2.6464e-10 6.41708e-13
805 2.64642e-10 6.40913e-13
806 2.64661e-10 6.40424e-13
807 2.64706e-10 6.41199e-13
808 2.64683e-10 6.40843e-13
809 2.647e-10 6.40294e-13
810 2.64697e-10 6.39512e-13
811 2.64701e-10 6.38739e-13
812 2.64696e-10 6.37974e-13
813 2.64715e-10 6.37461e-13
814 2.64738e-10 6.37108e-13
815 2.64746e-10 6.36377e-13
816 2.6474e-10 6.35623e-13
817 2.64747e-10 6.3488e-13
818 2.64783e-10 6.35095e-13
819 2.64763e-10 6.34626e-13
820 2.64779e-10 6.34058e-13
821 2.6475e-10 6.33938e-13
822 2.64798e-10 6.34985e-13
823 2.64833e-10 6.35178e-13
824 2.64817e-10 6.3461e-13
825 2.64802e-10 6.34031e-13
826 2.64806e-10 6.33279e-13
827 2.64787e-10 6.32784e-13
828 2.64764e-10 6.32473e-13
829 2.64759e-10 6.31726e-13
830 2.64767e-10 6.31014e-13
831 2.64787e-10 6.3058e-13
832 2.64826e-10 6.31012e-13
833 2.64835e-10 6.30323e-13
834 2.6492e-10 6.35255e-13
835 2.64902e-10 6.3474e-13
836 2.64916e-10 6.34136e-13
837 2.6493e-10 6.33536e-13
838 2.64896e-10 6.33727e-13
839 2.64901e-10 6.32991e-13
840 2.64937e-10 6.33282e-13
841 2.64916e-10 6.32867e-13
842 2.64925e-10 6.32179e-13
843 2.6493e-10 6.31445e-13
844 2.64937e-10 6.30735e-13
845 2.64939e-10 6.29991e-13
846 2.64915e-10 6.29687e-13
847 2.6495e-10 6.29933e-13
848 2.64945e-10 6.29215e-13
849 2.64939e-10 6.28501e-13
850 2.64925e-10 6.27912e-13
851 2.64888e-10 6.28279e-13
852 2.64924e-10 6.28599e-13
853 2.64914e-10 6.27942e-13
854 2.64911e-10 6.27218e-13
855 2.64925e-10 6.26652e-13
856 2.64943e-10 6.2618e-13
857 2.64926e-10 6.25686e-13
858 2.64959e-10 6.25801e-13
859 2.64971e-10 6.25186e-13
860 2.64958e-10 6.24587e-13
861 2.64953e-10 6.23878e-13
862 2.64943e-10 6.23241e-13
863 2.64937e-10 6.22546e-13
864 2.64956e-10 6.22098e-13
865 2.64978e-10 6.21794e-13
866 2.64976e-10 6.2108e-13
867 2.65026e-10 6.2238e-13
868 2.65025e-10 6.21665e-13
869 2.65054e-10 6.21608e-13
870 2.65065e-10 6.20991e-13
871 2.651e-10 6.21262e-13
872 2.65123e-10 6.20988e-13
873 2.65111e-10 6.20399e-13
874 2.65106e-10 6.19703e-13
875 2.65115e-10 6.19058e-13
876 2.65135e-10 6.18658e-13
877 2.6511e-10 6.18456e-13
878 2.65096e-10 6.17908e-13
879 2.65095e-10 6.17205e-13
880 2.65101e-10 6.16529e-13
881 2.65117e-10 6.1604e-13
882 2.65143e-10 6.1589e-13
883 2.65129e-10 6.1535e-13
884 2.65085e-10 6.16199e-13
885 2.65103e-10 6.15754e-13
886 2.651e-10 6.15067e-13
887 2.6511e-10 6.14458e-13
888 2.65127e-10 6.14002e-13
889 2.65117e-10 6.13398e-13
890 2.65127e-10 6.12805e-13
891 2.65158e-10 6.12874e-13
892 2.6513e-10 6.1283e-13
893 2.65086e-10 6.13693e-13
894 2.65078e-10 6.1306e-13
895 2.65097e-10 6.12664e-13
896 2.6509e-10 6.12014e-13
897 2.65074e-10 6.11554e-13
898 2.65112e-10 6.12049e-13
899 2.65107e-10 6.1139e-13
900 2.65109e-10 6.10716e-13
901 2.65141e-10 6.1088e-13
902 2.65125e-10 6.10414e-13
903 2.65134e-10 6.09811e-13
904 2.65126e-10 6.09192e-13
905 2.65093e-10 6.09444e-13
906 2.65108e-10 6.08952e-13
907 2.65083e-10 6.08781e-13
908 2.65056e-10 6.08704e-13
909 2.65031e-10 6.08556e-13
910 2.65006e-10 6.08375e-13
911 2.64975e-10 6.08507e-13
912 2.65009e-10 6.08759e-13
913 2.65038e-10 6.08789e-13
914 2.65054e-10 6.08327e-13
915 2.65009e-10 6.09266e-13
916 2.64984e-10 6.0912e-13
917 2.64959e-10 6.08991e-13
918 2.64965e-10 6.08361e-13
919 2.6496e-10 6.07725e-13
920 2.64983e-10 6.07529e-13
921 2.64986e-10 6.06874e-13
922 2.64975e-10 6.06316e-13
923 2.64969e-10 6.05684e-13
924 2.6496e-10 6.05095e-13
925 2.64954e-10 6.04473e-13
926 2.64941e-10 6.03959e-13
927 2.64923e-10 6.03573e-13
928 2.64927e-10 6.02937e-13
929 2.64898e-10 6.03015e-13
930 2.64873e-10 6.02858e-13
931 2.64872e-10 6.02211e-13
932 2.64884e-10 6.01675e-13
933 2.64888e-10 6.01047e-13
934 2.64891e-10 6.0041e-13
935 2.64874e-10 6.00011e-13
936 2.64878e-10 5.99385e-13
937 2.64899e-10 5.99102e-13
938 2.64931e-10 5.9931e-13
939 2.64912e-10 5.98978e-13
940 2.64909e-10 5.98347e-13
941 2.64899e-10 5.97793e-13
942 2.64916e-10 5.97389e-13
943 2.64924e-10 5.96816e-13
944 2.64941e-10 5.96409e-13
945 2.64945e-10 5.95793e-13
946 2.6492e-10 5.95692e-13
947 2.6493e-10 5.95146e-13
948 2.64895e-10 5.95544e-13
949 2.64889e-10 5.9495e-13
950 2.6487e-10 5.94598e-13
951 2.64861e-10 5.94049e-13
952 2.64845e-10 5.93641e-13
953 2.64877e-10 5.93902e-13
954 2.64875e-10 5.93286e-13
955 2.64906e-10 5.93522e-13
956 2.64915e-10 5.9296e-13
957 2.6489e-10 5.9285e-13
958 2.64876e-10 5.92395e-13
959 2.64871e-10 5.91799e-13
960 2.64903e-10 5.92056e-13
961 2.64896e-10 5.91483e-13
962 2.64894e-10 5.90872e-13
963 2.64889e-10 5.90282e-13
964 2.64884e-10 5.8969e-13
965 2.6492e-10 5.90198e-13
966 2.64923e-10 5.89596e-13
967 2.64921e-10 5.88993e-13
968 2.64888e-10 5.89317e-13
969 2.64887e-10 5.88709e-13
970 2.64906e-10 5.88384e-13
971 2.6492e-10 5.87956e-13
972 2.64918e-10 5.87353e-13
973 2.64903e-10 5.86953e-13
974 2.64905e-10 5.86353e-13
975 2.64909e-10 5.85768e-13
976 2.64899e-10 5.85255e-13
977 2.64895e-10 5.84669e-13
978 2.64909e-10 5.84229e-13
979 2.64904e-10 5.83648e-13
980 2.64936e-10 5.83908e-13
981 2.64915e-10 5.83699e-13
982 2.64874e-10 5.84545e-13
983 2.6485e-10 5.84431e-13
984 2.64852e-10 5.83842e-13
985 2.64877e-10 5.83778e-13
986 2.64889e-10 5.83298e-13
987 2.64887e-10 5.82711e-13
988 2.6488e-10 5.82154e-13
989 2.64896e-10 5.81778e-13
990 2.64883e-10 5.81335e-13
991 2.64926e-10 5.82326e-13
992 2.64914e-10 5.8187e-13
993 2.64917e-10 5.81292e-13
994 2.64902e-10 5.80906e-13
995 2.64891e-10 5.80419e-13
996 2.64898e-10 5.79874e-13
997 2.64874e-10 5.79773e-13
998 2.64898e-10 5.79666e-13
999 2.64919e-10 5.795e-13
