2 1 0 1
2 0.0469337 0.00228163 1
1.994 0.241419 0.00907501 0.0469337
1.98802 6.1882 0.0224017 0.0469337
1.98205 0.307271 0.0104678 0.0469337
1.97611 -0.262626 0.00185509 0.0469337
1.97018 -0.114471 0.00572497 -0.262626
1.96427 -0.234418 0.00301214 -0.262626
1.95838 1.14215 0.0184608 -0.262626
1.9525 0.436032 0.0129968 -0.262626
1.94664 0.539162 0.0112147 -0.262626
1.9408 0.539162 0.0824517 -0.262626
1.93498 0.133977 0.00243215 -0.262626
1.92918 0.30211 0.00299985 -0.262626
1.92339 0.291238 0.00484861 -0.262626
1.91762 -0.360016 0.00201879 -0.262626
1.91187 -0.205387 0.00379382 -0.360016
1.90613 -0.205387 0.0206464 -0.360016
1.90041 -0.28281 0.00297744 -0.360016
1.89471 -0.151577 0.00479218 -0.360016
1.88903 0.192736 0.00894187 -0.360016
1.88336 0.192736 0.0917139 -0.360016
1.87771 0.142543 0.00984522 -0.360016
1.87208 0.142543 0.0208807 -0.360016
1.86646 0.874943 0.01912 -0.360016
1.86086 0.44081 0.0124881 -0.360016
1.85528 0.44081 0.0309114 -0.360016
1.84971 0.44081 0.0182923 -0.360016
1.84416 0.520825 0.00977097 -0.360016
1.83863 0.520825 0.0160932 -0.360016
1.83311 0.0818104 0.00635751 -0.360016
1.82762 0.0818104 0.064849 -0.360016
1.82213 -0.265869 0.00118341 -0.360016
1.81667 -0.265869 0.0159023 -0.360016
1.81122 -0.215839 0.00170925 -0.360016
1.80578 -0.215839 0.0218676 -0.360016
1.80036 -0.253822 0.00149323 -0.360016
1.79496 -0.139299 0.00162462 -0.360016
1.78958 -0.139299 0.00918467 -0.360016
1.78421 0.139112 0.00797481 -0.360016
1.77886 0.139112 0.0146682 -0.360016
1.77352 0.139112 0.0334437 -0.360016
1.7682 0.426766 0.013864 -0.360016
1.7629 2.06866 0.0331622 -0.360016
1.75761 2.06866 0.0418764 -0.360016
1.75233 0.956673 0.0203462 -0.360016
1.74708 0.0736259 0.00920269 -0.360016
1.74184 -0.247954 0.00250488 -0.360016
1.73661 -0.123191 0.00169588 -0.360016
1.7314 -0.123191 0.00261837 -0.360016
1.72621 -0.123191 0.00733542 -0.360016
1.72103 -0.271695 0.00189291 -0.360016
1.71586 -0.271695 0.0019523 -0.360016
1.71072 0.969574 0.0101848 -0.360016
1.70559 0.969574 0.0249975 -0.360016
1.70047 0.969574 0.0675795 -0.360016
1.69537 0.142278 0.00888318 -0.360016
1.69028 0.142278 0.0487059 -0.360016
1.68521 0.291123 0.0112215 -0.360016
1.68015 -0.251868 0.0025722 -0.360016
1.67511 0.391537 0.0124272 -0.360016
1.67009 3.10021 0.0420657 -0.360016
1.66508 3.10021 0.129963 -0.360016
1.66008 5.84158 0.0738458 -0.360016
1.6551 5.84158 0.13698 -0.360016
1.65014 5.84158 0.100686 -0.360016
1.64519 4.35222 0.0570097 -0.360016
1.64025 4.55089 0.0603904 -0.360016
1.63533 2.21593 0.0315883 -0.360016
1.63042 2.21593 0.118149 -0.360016
1.62553 2.21593 0.0341373 -0.360016
1.62066 3.67856 0.0462168 -0.360016
1.61579 1.16429 0.0218203 -0.360016
1.61095 0.0672235 0.00779097 -0.360016
1.60611 -0.0886373 0.0059661 -0.360016
1.6013 -0.20262 0.00174631 -0.360016
1.59649 -0.22984 0.00343549 -0.360016
1.5917 -0.22984 0.0131819 -0.360016
1.58693 -0.22984 0.0154582 -0.360016
1.58217 -0.223257 0.00154096 -0.360016
1.57742 -0.0544578 0.00673942 -0.360016
1.57269 0.528828 0.0131928 -0.360016
1.56797 -0.243649 0.00198876 -0.360016
1.56327 0.253363 0.0103583 -0.360016
1.55858 -0.224827 0.00152291 -0.360016
1.5539 -0.224827 0.00366792 -0.360016
1.54924 -0.00647922 0.00653896 -0.360016
1.54459 0.627387 0.0153326 -0.360016
1.53996 0.464977 0.0129981 -0.360016
1.53534 1.71125 0.0286795 -0.360016
1.53073 1.71125 0.031377 -0.360016
1.52614 1.20667 0.0192085 -0.360016
1.52156 -0.0577668 0.00523707 -0.360016
1.517 -0.0577668 0.0110402 -0.360016
1.51245 -0.192998 0.00438551 -0.360016
1.50791 -0.253202 0.00265445 -0.360016
1.50338 -0.253202 0.00889305 -0.360016
1.49887 -0.055667 0.00637222 -0.360016
1.49438 -0.247473 0.00218592 -0.360016
1.48989 -0.247473 0.0176705 -0.360016
1.48542 -0.174682 0.00437066 -0.360016
1.48097 0.468745 0.0126628 -0.360016
1.47653 1.90103 0.0284215 -0.360016
1.4721 0.49664 0.013346 -0.360016
1.46768 0.501195 0.0135381 -0.360016
1.46328 1.78031 0.0273447 -0.360016
1.45889 1.78031 0.0820736 -0.360016
1.45451 1.33917 0.0234114 -0.360016
1.45015 1.80305 0.028135 -0.360016
1.4458 1.80305 0.0451121 -0.360016
1.44146 0.400318 0.0124896 -0.360016
1.43713 -0.0354216 0.00639092 -0.360016
1.43282 -0.224423 0.00177756 -0.360016
1.42852 0.01188 0.00798553 -0.360016
1.42424 0.01188 0.0252461 -0.360016
1.41997 -0.246754 0.00180451 -0.360016
1.41571 -0.421379 0.0012389 -0.360016
1.41146 2.14955 0.0181437 -0.421379
1.40722 0.254558 0.00973325 -0.421379
1.403 0.168077 0.00911614 -0.421379
1.39879 0.168077 0.0481878 -0.421379
1.3946 0.711498 0.015815 -0.421379
1.39041 0.143348 0.00934993 -0.421379
1.38624 0.140463 0.00940409 -0.421379
1.38208 0.334823 0.0113882 -0.421379
1.37794 0.334823 0.0175501 -0.421379
1.3738 0.334823 0.0402093 -0.421379
1.36968 -0.258194 0.00225335 -0.421379
1.36557 0.121066 0.00247194 -0.421379
1.36148 0.121066 0.00369891 -0.421379
1.35739 0.121066 0.00521873 -0.421379
1.35332 0.161322 0.00344259 -0.421379
1.34926 0.161322 0.0324771 -0.421379
1.34521 -0.225348 0.00240174 -0.421379
1.34118 -0.221882 0.00131493 -0.421379
1.33715 -0.221882 0.017117 -0.421379
1.33314 1.22465 0.00668265 -0.421379
1.32914 -0.0860895 0.0032418 -0.421379
1.32516 0.6632 0.00373923 -0.421379
1.32118 0.6632 0.0238771 -0.421379
1.31722 -0.139829 0.00158418 -0.421379
1.31326 -0.0871269 0.00521523 -0.421379
1.30932 -0.24947 0.00197296 -0.421379
1.3054 -0.167235 0.00167083 -0.421379
1.30148 -0.246803 0.00346861 -0.421379
1.29758 -0.089718 0.00187771 -0.421379
1.29368 -0.250355 0.00202085 -0.421379
1.2898 -0.250355 0.0146754 -0.421379
1.28593 -0.251801 0.00221198 -0.421379
1.28207 -0.033913 0.00549465 -0.421379
1.27823 -0.033913 0.0394848 -0.421379
1.27439 -0.033913 0.0220392 -0.421379
1.27057 -0.324533 0.00281138 -0.421379
1.26676 -0.324533 0.00735259 -0.421379
1.26296 -0.102318 0.00146066 -0.421379
1.25917 -0.0289856 0.00470841 -0.421379
1.25539 0.0770329 0.00153398 -0.421379
1.25163 -0.334006 0.00249778 -0.421379
1.24787 -0.180049 0.00150823 -0.421379
1.24413 0.621834 0.00611553 -0.421379
1.2404 0.621834 0.00473859 -0.421379
1.23667 -0.390051 0.000905186 -0.421379
1.23296 -0.390051 0.00554158 -0.421379
1.22927 -0.390051 0.00314901 -0.421379
1.22558 -0.390051 0.00364758 -0.421379
1.2219 0.382467 0.00383075 -0.421379
1.21824 0.382467 0.00840692 -0.421379
1.21458 -0.259538 0.00228497 -0.421379
1.21094 -0.0150555 0.00210342 -0.421379
1.2073 -0.143954 0.00503956 -0.421379
1.20368 -0.143954 0.0187356 -0.421379
1.20007 -0.143954 0.0106165 -0.421379
1.19647 -0.22595 0.00182556 -0.421379
1.19288 -0.209834 0.00172763 -0.421379
1.1893 -0.232149 0.00314359 -0.421379
1.18573 -0.134043 0.00505445 -0.421379
1.18218 -0.248783 0.00212743 -0.421379
1.17863 -0.248193 0.001973 -0.421379
1.1751 -0.210493 0.0037836 -0.421379
1.17157 -0.123375 0.00549151 -0.421379
1.16806 -0.271717 0.00242951 -0.421379
1.16455 -0.0189051 0.00203237 -0.421379
1.16106 -0.218775 0.0017932 -0.421379
1.15757 -0.236249 0.00185543 -0.421379
1.1541 -0.219076 0.0034 -0.421379
1.15064 -0.233991 0.00312344 -0.421379
1.14719 0.0201842 0.00723767 -0.421379
1.14375 0.373884 0.0120543 -0.421379
1.14031 0.525078 0.0143649 -0.421379
1.13689 -0.0424012 0.0067528 -0.421379
1.13348 -0.154623 0.00453739 -0.421379
1.13008 -0.154623 0.023715 -0.421379
1.12669 -0.154623 0.0130404 -0.421379
1.12331 -0.154623 0.0225271 -0.421379
1.11994 -0.154623 0.0071786 -0.421379
1.11658 -0.21854 0.00164946 -0.421379
1.11323 -0.048301 0.0019334 -0.421379
1.10989 -0.048301 0.00511567 -0.421379
1.10656 -0.223422 0.00160366 -0.421379
1.10324 -0.328293 0.00102344 -0.421379
1.09993 -0.328293 0.00146762 -0.421379
1.09663 -0.265683 0.00170848 -0.421379
1.09334 -0.265683 0.00224961 -0.421379
1.09006 -0.33209 0.00212874 -0.421379
1.08679 -0.378907 0.00185833 -0.421379
1.08353 -0.270494 0.00181154 -0.421379
1.08028 -0.259155 0.00286465 -0.421379
1.07704 -0.126751 0.00543782 -0.421379
1.07381 -0.0591442 0.00623474 -0.421379
1.07059 -0.246503 0.00197531 -0.421379
1.06738 -0.241609 0.00273565 -0.421379
1.06418 -0.112053 0.00552019 -0.421379
1.06098 -0.24293 0.00195033 -0.421379
1.0578 -0.285151 0.00173549 -0.421379
1.05463 -0.406393 0.000894088 -0.421379
1.05146 0.589172 0.00826033 -0.421379
1.04831 0.589172 0.0264332 -0.421379
1.04516 -0.133836 0.00152281 -0.421379
1.04203 -0.369776 0.00138329 -0.421379
1.0389 -0.369776 0.00631266 -0.421379
1.03579 -0.30038 0.00143921 -0.421379
1.03268 -0.30038 0.00759651 -0.421379
1.02958 -0.332956 0.00136703 -0.421379
1.02649 -0.332956 0.00386307 -0.421379
1.02341 -0.220782 0.00142162 -0.421379
1.02034 -0.178392 0.00443057 -0.421379
1.01728 -0.178392 0.0118142 -0.421379
1.01423 -0.178392 0.0125912 -0.421379
1.01119 -0.178392 0.00733302 -0.421379
1.00815 0.298117 0.0105218 -0.421379
1.00513 0.298117 0.0261624 -0.421379
1.00211 0.066365 0.00734968 -0.421379
0.999106 -0.0867726 0.00589202 -0.421379
0.996109 1.0633 0.0197663 -0.421379
0.99312 0.127012 0.00864143 -0.421379
0.990141 0.127012 0.0157303 -0.421379
0.987171 0.127012 0.0176799 -0.421379
0.984209 0.122616 0.00833855 -0.421379
0.981256 -0.0569026 0.00681852 -0.421379
0.978313 0.0749227 0.00863215 -0.421379
0.975378 0.699229 0.0166334 -0.421379
0.972452 0.00347017 0.00731326 -0.421379
0.969534 -0.253885 0.00217499 -0.421379
0.966626 -0.0710643 0.00599627 -0.421379
0.963726 -0.0710643 0.0109383 -0.421379
0.960835 -0.0317736 0.00629051 -0.421379
0.957952 -0.232892 0.00323927 -0.421379
0.955078 -0.165135 0.00475896 -0.421379
0.952213 -0.232726 0.00340748 -0.421379
0.949356 -0.211398 0.0037583 -0.421379
0.946508 -0.177251 0.00175476 -0.421379
0.943669 0.103343 0.0024274 -0.421379
0.940838 -0.246298 0.00194609 -0.421379
0.938015 -0.262437 0.00316535 -0.421379
0.935201 -0.112823 0.00464007 -0.421379
0.932396 -0.112823 0.00741292 -0.421379
0.929598 1.50506 0.0178023 -0.421379
0.92681 1.17312 0.0146208 -0.421379
0.924029 0.478349 0.0109068 -0.421379
0.921257 0.478349 0.0113897 -0.421379
0.918493 0.478349 0.0388826 -0.421379
0.915738 -0.310894 0.00224108 -0.421379
0.912991 -0.245273 0.00171774 -0.421379
0.910252 -0.194462 0.00164378 -0.421379
0.907521 -0.156146 0.00178636 -0.421379
0.904798 -0.292298 0.00111087 -0.421379
0.902084 -0.292298 0.00345731 -0.421379
0.899378 -0.166821 0.0017655 -0.421379
0.89668 -0.242491 0.00188368 -0.421379
0.89399 -0.263647 0.0015601 -0.421379
0.891308 -0.223488 0.00178397 -0.421379
0.888634 -0.238763 0.00320651 -0.421379
0.885968 -0.241198 0.00184103 -0.421379
0.88331 -0.222192 0.00358178 -0.421379
0.88066 -0.206568 0.00379868 -0.421379
0.878018 -0.249308 0.00233945 -0.421379
0.875384 -0.249308 0.00195713 -0.421379
0.872758 -0.199623 0.00178453 -0.421379
0.870139 -0.0949682 0.00185377 -0.421379
0.867529 0.209598 0.00271908 -0.421379
0.864926 -0.129756 0.00167475 -0.421379
0.862332 -0.241744 0.00131274 -0.421379
0.859745 -0.394657 0.0010342 -0.421379
0.857165 -0.109043 0.00320888 -0.421379
0.854594 -0.0731285 0.00481686 -0.421379
0.85203 -0.0826772 0.00561216 -0.421379
0.849474 -0.101963 0.00487978 -0.421379
0.846926 -0.158677 0.00439499 -0.421379
0.844385 -0.348205 0.00216863 -0.421379
0.841852 -0.422051 0.000975444 -0.421379
0.839326 -0.177381 0.00298188 -0.422051
0.836808 -0.320629 0.00285485 -0.422051
0.834298 -0.27666 0.00131838 -0.422051
0.831795 -0.428015 0.00104706 -0.422051
0.829299 -0.428015 0.00275139 -0.428015
0.826812 -0.144976 0.0016782 -0.428015
0.824331 -0.144976 0.00388621 -0.428015
0.821858 -0.144976 0.00273592 -0.428015
0.819393 -0.239453 0.00132344 -0.428015
0.816934 -0.210453 0.0015838 -0.428015
0.814484 -0.195783 0.00166144 -0.428015
0.81204 -0.389094 0.00184172 -0.428015
0.809604 -0.360278 0.00167791 -0.428015
0.807175 -0.360278 0.00215077 -0.428015
0.804754 -0.43418 0.00105782 -0.428015
0.802339 -0.250389 0.00167049 -0.43418
0.799932 -0.383317 0.000885073 -0.43418
0.797533 -0.169877 0.00417242 -0.43418
0.79514 -0.198361 0.00423176 -0.43418
0.792755 -0.111558 0.00537177 -0.43418
0.790376 -0.279578 0.00254286 -0.43418
0.788005 -0.0823166 0.00193211 -0.43418
0.785641 -0.419307 0.000847567 -0.43418
0.783284 -0.229285 0.00125743 -0.43418
0.780934 -0.335864 0.00169535 -0.43418
0.778592 -0.335864 0.00494474 -0.43418
0.776256 -0.275889 0.00203026 -0.43418
0.773927 -0.0518714 0.00182361 -0.43418
0.771605 -0.244299 0.00126352 -0.43418
0.76929 0.381051 0.00304417 -0.43418
0.766983 0.669636 0.00402263 -0.43418
0.764682 0.669636 0.0176091 -0.43418
0.762388 0.995515 0.00490521 -0.43418
0.7601 0.995515 0.00758313 -0.43418
0.75782 0.995515 0.0224987 -0.43418
0.755547 0.752844 0.00435035 -0.43418
0.75328 0.00365722 0.00213889 -0.43418
0.75102 -0.0934737 0.0018043 -0.43418
0.748767 -0.353596 0.00121594 -0.43418
0.746521 -0.353596 0.00161782 -0.43418
0.744281 -0.234776 0.00137802 -0.43418
0.742048 -0.356851 0.0010806 -0.43418
0.739822 -0.41925 0.00139462 -0.43418
0.737603 -0.317578 0.00241666 -0.43418
0.73539 -0.289979 0.00197523 -0.43418
0.733184 -0.345357 0.00236396 -0.43418
0.730984 -0.352778 0.00222467 -0.43418
0.728791 -0.320844 0.00191593 -0.43418
0.726605 0.104367 0.00577498 -0.43418
0.724425 0.104367 0.00844614 -0.43418
0.722252 0.02967 0.00510805 -0.43418
0.720085 0.605041 0.00592691 -0.43418
0.717925 0.605041 0.0138523 -0.43418
0.715771 -0.0160171 0.00435611 -0.43418
0.713624 -0.0160171 0.00954368 -0.43418
0.711483 -0.424309 0.000956179 -0.43418
0.709348 -0.424309 0.00426265 -0.43418
0.70722 0.0589956 0.00469504 -0.43418
0.705099 0.0589956 0.0084778 -0.43418
0.702983 0.0589956 0.0123841 -0.43418
0.700874 -0.110429 0.00518758 -0.43418
0.698772 -0.22278 0.00369502 -0.43418
0.696676 -0.212631 0.00172612 -0.43418
0.694586 0.0379746 0.00220356 -0.43418
0.692502 0.0379746 0.00306073 -0.43418
0.690424 -0.113787 0.00180289 -0.43418
0.688353 -0.240108 0.00198257 -0.43418
0.686288 -0.209605 0.00184417 -0.43418
0.684229 -0.259767 0.00212922 -0.43418
0.682176 -0.237218 0.00178208 -0.43418
0.68013 -0.236013 0.00195044 -0.43418
0.678089 -0.219282 0.00394402 -0.43418
0.676055 -0.2556 0.0023449 -0.43418
0.674027 -0.2556 0.0060521 -0.43418
0.672005 -0.261113 0.00251126 -0.43418
0.669989 -0.261113 0.00533541 -0.43418
0.667979 -0.228995 0.00319256 -0.43418
0.665975 -0.244289 0.00284541 -0.43418
0.663977 -0.0557984 0.00643139 -0.43418
0.661985 0.019769 0.00800433 -0.43418
0.659999 0.255925 0.01106 -0.43418
0.658019 0.0847163 0.00893768 -0.43418
0.656045 0.0071985 0.00703768 -0.43418
0.654077 0.0526558 0.00803465 -0.43418
0.652115 -0.135535 0.00544985 -0.43418
0.650158 -0.284456 0.00224768 -0.43418
0.648208 -0.191349 0.00171914 -0.43418
0.646263 -0.245063 0.00188342 -0.43418
0.644325 -0.266163 0.00252025 -0.43418
0.642392 -0.252853 0.00343605 -0.43418
0.640464 -0.322711 0.00126044 -0.43418
0.638543 -0.322711 0.00227405 -0.43418
0.636627 -0.200502 0.00164132 -0.43418
0.634717 -0.02954 0.00207149 -0.43418
0.632813 -0.239102 0.00126397 -0.43418
0.630915 -0.31752 0.00274598 -0.43418
0.629022 -0.38192 0.00081399 -0.43418
0.627135 -0.407057 0.00138 -0.43418
0.625254 -0.351886 0.00131245 -0.43418
0.623378 0.152128 0.00171549 -0.43418
0.621508 0.44217 0.00441872 -0.43418
0.619643 0.192072 0.00336511 -0.43418
0.617784 0.0569664 0.00151159 -0.43418
0.615931 0.569688 0.00271037 -0.43418
0.614083 2.67267 0.00726024 -0.43418
0.612241 1.53033 0.00605069 -0.43418
0.610404 1.53033 0.00877527 -0.43418
0.608573 1.09336 0.005851 -0.43418
0.606747 0.848996 0.00623156 -0.43418
0.604927 0.752837 0.00544554 -0.43418
0.603112 0.752837 0.00923438 -0.43418
0.601303 0.752837 0.0103019 -0.43418
0.599499 0.752837 0.00691651 -0.43418
0.597701 0.752837 0.0077848 -0.43418
0.595907 0.752837 0.0118035 -0.43418
0.59412 -0.071704 0.00403722 -0.43418
0.592337 -0.071704 0.00510687 -0.43418
0.59056 -0.071704 0.0117487 -0.43418
0.588789 -0.071704 0.0104208 -0.43418
0.587022 -0.071704 0.00327033 -0.43418
0.585261 -0.071704 0.0121316 -0.43418
0.583505 -0.071704 0.0110592 -0.43418
0.581755 -0.0104466 0.00347553 -0.43418
0.58001 -0.0104466 0.00803091 -0.43418
0.57827 -0.0104466 0.00436871 -0.43418
0.576535 -0.367143 0.00220638 -0.43418
0.574805 -0.217481 0.00217825 -0.43418
0.573081 -0.271025 0.00221649 -0.43418
0.571362 -0.271025 0.00431348 -0.43418
0.569647 -0.271025 0.00359088 -0.43418
0.567939 -0.271025 0.00256396 -0.43418
0.566235 -0.280237 0.00134145 -0.43418
0.564536 -0.259803 0.00138382 -0.43418
0.562842 -0.402606 0.000855752 -0.43418
0.561154 -0.230258 0.00129303 -0.43418
0.55947 -0.0857679 0.00174602 -0.43418
0.557792 -0.40823 0.000961625 -0.43418
0.556119 -0.438404 0.000903789 -0.43418
0.55445 -0.438404 0.0051835 -0.438404
0.552787 -0.133849 0.00154627 -0.438404
0.551129 -0.268401 0.00147808 -0.438404
0.549475 -0.268401 0.00442529 -0.438404
0.547827 -0.414643 0.000977188 -0.438404
0.546183 -0.332582 0.0011999 -0.438404
0.544545 -0.346879 0.00231682 -0.438404
0.542911 -0.368331 0.0019243 -0.438404
0.541282 -0.444382 0.000757037 -0.438404
0.539658 -0.341151 0.00171615 -0.444382
0.53804 -0.108719 0.00185538 -0.444382
0.536425 -0.199576 0.00139491 -0.444382
0.534816 -0.308811 0.00141823 -0.444382
0.533212 0.119873 0.00413608 -0.444382
0.531612 0.0155606 0.00300154 -0.444382
0.530017 0.18327 0.00295246 -0.444382
0.528427 -0.331269 0.00229758 -0.444382
0.526842 -0.331269 0.00207223 -0.444382
0.525261 -0.438889 0.000797576 -0.444382
0.523686 -0.259259 0.0025507 -0.444382
0.522115 -0.162547 0.00376417 -0.444382
0.520548 -0.162547 0.00733546 -0.444382
0.518987 -0.333335 0.00153443 -0.444382
0.51743 -0.372158 0.00181572 -0.444382
0.515877 -0.323271 0.00246821 -0.444382
0.51433 0.021936 0.00566563 -0.444382
0.512787 0.021936 0.0115631 -0.444382
0.511248 -0.335558 0.00243726 -0.444382
0.509715 -0.335558 0.00616734 -0.444382
0.508185 -0.346785 0.00156446 -0.444382
0.506661 -0.414376 0.00144121 -0.444382
0.505141 -0.414376 0.00203154 -0.444382
0.503625 -0.355875 0.00155664 -0.444382
0.502115 -0.414585 0.000754502 -0.444382
0.500608 -0.356931 0.00248757 -0.444382
0.499106 -0.335996 0.000974538 -0.444382
0.497609 -0.147113 0.00159546 -0.444382
0.496116 -0.281186 0.0011785 -0.444382
0.494628 -0.407476 0.000861311 -0.444382
0.493144 -0.437102 0.000979035 -0.444382
0.491665 -0.35678 0.00134941 -0.444382
0.49019 -0.375864 0.00130515 -0.444382
0.488719 -0.375864 0.00409913 -0.444382
0.487253 -0.404707 0.00117956 -0.444382
0.485791 -0.251183 0.00367266 -0.444382
0.484334 -0.25056 0.00334368 -0.444382
0.482881 -0.279909 0.00312687 -0.444382
0.481432 -0.322132 0.00171267 -0.444382
0.479988 -0.35095 0.00224971 -0.444382
0.478548 -0.362272 0.00106471 -0.444382
0.477112 -0.291177 0.00114874 -0.444382
0.475681 -0.318191 0.00140291 -0.444382
0.474254 -0.205676 0.00167593 -0.444382
0.472831 -0.257711 0.00200172 -0.444382
0.471413 -0.29787 0.00216455 -0.444382
0.469998 -0.26454 0.00183142 -0.444382
0.468588 -0.24161 0.00164207 -0.444382
0.467183 -0.267548 0.00202258 -0.444382
0.465781 -0.277856 0.00295309 -0.444382
0.464384 -0.0497597 0.00570149 -0.444382
0.462991 -0.00285323 0.005575 -0.444382
0.461602 -0.224444 0.00341265 -0.444382
0.460217 -0.20081 0.00422317 -0.444382
0.458836 -0.212562 0.00387058 -0.444382
0.45746 -0.187741 0.0045644 -0.444382
0.456087 -0.110567 0.00572524 -0.444382
0.454719 -0.0122988 0.00719279 -0.444382
0.453355 -0.151643 0.00482682 -0.444382
0.451995 0.0334603 0.00813905 -0.444382
0.450639 0.162721 0.00916198 -0.444382
0.449287 0.162721 0.0102534 -0.444382
0.447939 0.305526 0.0119342 -0.444382
0.446595 0.155581 0.0100477 -0.444382
0.445255 0.00719564 0.00771887 -0.444382
0.44392 0.0720667 0.00850178 -0.444382
0.442588 0.254942 0.0113217 -0.444382
0.44126 0.367584 0.0123701 -0.444382
0.439936 0.450297 0.0127158 -0.444382
0.438616 0.707272 0.0159635 -0.444382
0.437301 0.713872 0.016979 -0.444382
0.435989 0.764096 0.0182926 -0.444382
0.434681 0.764096 0.022382 -0.444382
0.433377 0.764096 0.0204781 -0.444382
0.432077 0.270034 0.011203 -0.444382
0.43078 0.0643826 0.00819156 -0.444382
0.429488 -0.141511 0.00500019 -0.444382
0.4282 -0.136617 0.00514921 -0.444382
0.426915 -0.15627 0.00511888 -0.444382
0.425634 -0.150041 0.00530615 -0.444382
0.424357 -0.221947 0.00341719 -0.444382
0.423084 -0.10682 0.00573548 -0.444382
0.421815 -0.165678 0.00446179 -0.444382
0.42055 -0.205705 0.00391194 -0.444382
0.419288 -0.224557 0.00404407 -0.444382
0.41803 -0.131897 0.00510033 -0.444382
0.416776 -0.128519 0.00521356 -0.444382
0.415526 -0.213628 0.00386883 -0.444382
0.414279 -0.155853 0.00461921 -0.444382
0.413036 -0.0873528 0.00624485 -0.444382
0.411797 -0.203959 0.0040832 -0.444382
0.410562 -0.123614 0.00536097 -0.444382
0.40933 -0.0518376 0.0068739 -0.444382
0.408102 -0.0354125 0.00701481 -0.444382
0.406878 -0.109995 0.00565194 -0.444382
0.405657 -0.221784 0.00342765 -0.444382
0.40444 -0.243648 0.0027396 -0.444382
0.403227 -0.247428 0.00262401 -0.444382
0.402017 -0.241522 0.00282189 -0.444382
0.400811 -0.24521 0.00191494 -0.444382
0.399609 -0.224671 0.00184492 -0.444382
0.39841 -0.249172 0.00205876 -0.444382
0.397215 -0.249172 0.00293823 -0.444382
0.396023 -0.212105 0.00180383 -0.444382
0.394835 -0.238178 0.00197706 -0.444382
0.39365 -0.220617 0.00172819 -0.444382
0.392469 -0.249351 0.00246957 -0.444382
0.391292 -0.251874 0.00248175 -0.444382
0.390118 -0.240376 0.00313986 -0.444382
0.388948 -0.259197 0.00242164 -0.444382
0.387781 -0.244155 0.0016659 -0.444382
0.386618 -0.231865 0.00160071 -0.444382
0.385458 -0.293024 0.00190338 -0.444382
0.384301 -0.184626 0.00431264 -0.444382
0.383148 -0.202865 0.00413448 -0.444382
0.381999 -0.211148 0.00371765 -0.444382
0.380853 -0.175508 0.0046125 -0.444382
0.37971 -0.175508 0.0081454 -0.444382
0.378571 -0.00883132 0.00662631 -0.444382
0.377436 0.0654463 0.00766126 -0.444382
0.376303 0.0970702 0.00807655 -0.444382
0.375174 0.0970702 0.0102685 -0.444382
0.374049 -0.0815926 0.00633704 -0.444382
0.372927 -0.213642 0.0037215 -0.444382
0.371808 -0.246688 0.00264061 -0.444382
0.370693 -0.246688 0.00533161 -0.444382
0.36958 -0.253044 0.00215553 -0.444382
0.368472 -0.230426 0.00345598 -0.444382
0.367366 -0.187627 0.00460472 -0.444382
0.366264 -0.226217 0.0033851 -0.444382
0.365165 -0.226217 0.00560844 -0.444382
0.36407 -0.246882 0.00305713 -0.444382
0.362978 -0.268072 0.00236493 -0.444382
0.361889 -0.25017 0.00170602 -0.444382
0.360803 -0.295049 0.00211721 -0.444382
0.359721 -0.295049 0.00287824 -0.444382
0.358642 -0.281979 0.00174239 -0.444382
0.357566 -0.267815 0.00198351 -0.444382
0.356493 -0.260827 0.00283685 -0.444382
0.355423 -0.247801 0.00338695 -0.444382
0.354357 -0.214954 0.00389282 -0.444382
0.353294 -0.27073 0.0033114 -0.444382
0.352234 -0.332166 0.00199715 -0.444382
0.351177 -0.272895 0.00206711 -0.444382
0.350124 -0.272895 0.0022638 -0.444382
0.349074 -0.265668 0.00197386 -0.444382
0.348026 -0.240109 0.00175474 -0.444382
0.346982 -0.209645 0.00171405 -0.444382
0.345941 -0.232002 0.00160564 -0.444382
0.344904 -0.25987 0.00236473 -0.444382
0.343869 -0.229962 0.00162198 -0.444382
0.342837 -0.167636 0.0017882 -0.444382
0.341809 -0.14592 0.00183556 -0.444382
0.340783 -0.215614 0.00168044 -0.444382
0.339761 -0.21792 0.00177375 -0.444382
0.338742 -0.237051 0.00174414 -0.444382
0.337725 -0.157352 0.00181723 -0.444382
0.336712 -0.191494 0.00173613 -0.444382
0.335702 -0.23916 0.00176717 -0.444382
0.334695 -0.251623 0.00224273 -0.444382
0.333691 -0.245157 0.00286416 -0.444382
0.33269 -0.23487 0.00302861 -0.444382
0.331692 -0.248317 0.00275088 -0.444382
0.330697 -0.253298 0.00214392 -0.444382
0.329705 -0.239334 0.00292214 -0.444382
0.328715 -0.178568 0.00445829 -0.444382
0.327729 -0.242259 0.00281157 -0.444382
0.326746 -0.254081 0.00212722 -0.444382
0.325766 -0.251359 0.00212774 -0.444382
0.324789 -0.242657 0.00186637 -0.444382
0.323814 -0.232518 0.003201 -0.444382
0.322843 -0.228495 0.00317451 -0.444382
0.321874 -0.19371 0.00428674 -0.444382
0.320909 -0.143413 0.00517524 -0.444382
0.319946 -0.143413 0.00625065 -0.444382
0.318986 -0.143413 0.00843841 -0.444382
0.318029 -0.138093 0.00501109 -0.444382
0.317075 -0.198637 0.00403154 -0.444382
0.316124 -0.193041 0.00415111 -0.444382
0.315175 -0.234517 0.00318229 -0.444382
0.31423 -0.21893 0.00346714 -0.444382
0.313287 -0.118367 0.00545733 -0.444382
0.312347 -0.203573 0.00407194 -0.444382
0.31141 -0.24705 0.00265138 -0.444382
0.310476 -0.213362 0.00389067 -0.444382
0.309545 -0.21175 0.00404619 -0.444382
0.308616 -0.175755 0.00435714 -0.444382
0.30769 -0.175755 0.00675952 -0.444382
0.306767 -0.202774 0.00425461 -0.444382
0.305847 -0.248146 0.00269342 -0.444382
0.304929 -0.244778 0.00203322 -0.444382
0.304014 -0.24598 0.00261623 -0.444382
0.303102 -0.246937 0.00194411 -0.444382
0.302193 -0.252015 0.00232943 -0.444382
0.301287 -0.2516 0.00237941 -0.444382
0.300383 -0.24803 0.002169 -0.444382
0.299482 -0.243498 0.00180243 -0.444382
0.298583 -0.215721 0.00176381 -0.444382
0.297687 -0.233685 0.00177578 -0.444382
0.296794 -0.233685 0.00179987 -0.444382
0.295904 -0.218906 0.00185615 -0.444382
0.295016 -0.242536 0.00198222 -0.444382
0.294131 -0.229608 0.00177912 -0.444382
0.293249 -0.249951 0.00214081 -0.444382
0.292369 -0.236491 0.00320852 -0.444382
0.291492 -0.235151 0.00317481 -0.444382
0.290617 -0.24906 0.00244061 -0.444382
0.289746 -0.248838 0.00263129 -0.444382
0.288876 -0.244654 0.00277157 -0.444382
0.28801 -0.240934 0.00284719 -0.444382
0.287146 -0.217555 0.00353995 -0.444382
0.286284 -0.217555 0.00597263 -0.444382
0.285425 -0.207297 0.00361163 -0.444382
0.284569 -0.156834 0.00464261 -0.444382
0.283715 -0.162535 0.00474326 -0.444382
0.282864 -0.105781 0.00615829 -0.444382
0.282016 -0.117217 0.00527163 -0.444382
0.28117 -0.0905796 0.00586811 -0.444382
0.280326 -0.139317 0.00529164 -0.444382
0.279485 -0.139317 0.00595374 -0.444382
0.278647 -0.105207 0.00567284 -0.444382
0.277811 -0.105207 0.00753902 -0.444382
0.276977 -0.202162 0.00405972 -0.444382
0.276146 -0.235273 0.00347845 -0.444382
0.275318 -0.237475 0.0030563 -0.444382
0.274492 -0.220994 0.00342153 -0.444382
0.273668 -0.239171 0.00327312 -0.444382
0.272847 -0.201181 0.00389925 -0.444382
0.272029 -0.195137 0.00404217 -0.444382
0.271213 -0.234804 0.00326996 -0.444382
0.270399 -0.256738 0.00228204 -0.444382
0.269588 -0.256149 0.00235018 -0.444382
0.268779 -0.240445 0.00272054 -0.444382
0.267973 -0.248794 0.00249928 -0.444382
0.267169 -0.239085 0.00253342 -0.444382
0.266367 -0.251707 0.0022535 -0.444382
0.265568 -0.25536 0.00245961 -0.444382
0.264772 -0.25536 0.00200468 -0.444382
0.263977 -0.233007 0.00323444 -0.444382
0.263185 -0.248135 0.00308777 -0.444382
0.262396 -0.183438 0.00425537 -0.444382
0.261609 -0.183438 0.00631536 -0.444382
0.260824 -0.22371 0.00374604 -0.444382
0.260041 -0.115976 0.00551012 -0.444382
0.259261 -0.244704 0.00330159 -0.444382
0.258483 -0.23796 0.00367806 -0.444382
0.257708 -0.262016 0.00277528 -0.444382
0.256935 -0.243125 0.0035857 -0.444382
0.256164 -0.287081 0.00245609 -0.444382
0.255396 -0.298931 0.00225475 -0.444382
0.254629 -0.276144 0.00156728 -0.444382
0.253866 -0.27141 0.00184986 -0.444382
0.253104 -0.268122 0.00194628 -0.444382
0.252345 -0.256638 0.00292143 -0.444382
0.251588 -0.260856 0.00227742 -0.444382
0.250833 -0.239333 0.00175063 -0.444382
0.25008 -0.248777 0.00182603 -0.444382
0.24933 -0.233449 0.00167742 -0.444382
0.248582 -0.234229 0.00194187 -0.444382
0.247836 -0.239802 0.00226295 -0.444382
0.247093 -0.24624 0.0019869 -0.444382
0.246352 -0.218737 0.00177885 -0.444382
0.245613 -0.172518 0.00170133 -0.444382
0.244876 -0.137102 0.00174642 -0.444382
0.244141 -0.134684 0.00182993 -0.444382
0.243409 -0.15577 0.00171168 -0.444382
0.242678 -0.19318 0.00166861 -0.444382
0.24195 -0.217697 0.00175564 -0.444382
0.241225 -0.243704 0.00170113 -0.444382
0.240501 -0.279279 0.00167611 -0.444382
0.239779 -0.289249 0.00199321 -0.444382
0.23906 -0.306475 0.00213474 -0.444382
0.238343 -0.347004 0.00190112 -0.444382
0.237628 -0.301532 0.0020033 -0.444382
0.236915 -0.324748 0.0020731 -0.444382
0.236204 -0.300162 0.00216578 -0.444382
0.235496 -0.272673 0.00282013 -0.444382
0.234789 -0.276167 0.00182647 -0.444382
0.234085 -0.229113 0.00149187 -0.444382
0.233382 -0.256309 0.00140898 -0.444382
0.232682 -0.207625 0.00149272 -0.444382
0.231984 -0.273082 0.00137263 -0.444382
0.231288 -0.306057 0.00131149 -0.444382
0.230594 -0.356553 0.00127225 -0.444382
0.229903 -0.338883 0.00132731 -0.444382
0.229213 -0.268597 0.00133739 -0.444382
0.228525 -0.265235 0.00140665 -0.444382
0.22784 -0.282372 0.0014554 -0.444382
0.227156 -0.249218 0.00153081 -0.444382
0.226475 -0.261431 0.00160858 -0.444382
0.225795 -0.223338 0.00168446 -0.444382
0.225118 -0.180867 0.00166361 -0.444382
0.224443 -0.224699 0.00168472 -0.444382
0.223769 -0.263387 0.0019988 -0.444382
0.223098 -0.266012 0.0018317 -0.444382
0.222429 -0.265608 0.00186564 -0.444382
0.221761 -0.269101 0.0024433 -0.444382
0.221096 -0.247024 0.00309791 -0.444382
0.220433 -0.242416 0.00310767 -0.444382
0.219771 -0.252898 0.00279544 -0.444382
0.219112 -0.22679 0.00367141 -0.444382
0.218455 -0.169711 0.00444979 -0.444382
0.217799 -0.126481 0.00523429 -0.444382
0.217146 -0.111579 0.00587725 -0.444382
0.216495 -0.0770725 0.00577182 -0.444382
0.215845 -0.0770725 0.00681703 -0.444382
0.215198 -0.181148 0.00415653 -0.444382
0.214552 -0.214228 0.00364982 -0.444382
0.213908 -0.222864 0.00337628 -0.444382
0.213267 -0.236736 0.00329128 -0.444382
0.212627 -0.244885 0.00283923 -0.444382
0.211989 -0.247152 0.00288146 -0.444382
0.211353 -0.258707 0.00246741 -0.444382
0.210719 -0.258707 0.00263403 -0.444382
0.210087 -0.252794 0.00248895 -0.444382
0.209457 -0.250483 0.00229992 -0.444382
0.208828 -0.248004 0.0018932 -0.444382
0.208202 -0.24713 0.00191178 -0.444382
0.207577 -0.24635 0.00196484 -0.444382
0.206954 -0.234674 0.0018342 -0.444382
0.206333 -0.249972 0.00196169 -0.444382
0.205714 -0.242581 0.00184146 -0.444382
0.205097 -0.245866 0.00207189 -0.444382
0.204482 -0.251684 0.0022725 -0.444382
0.203869 -0.24497 0.00198128 -0.444382
0.203257 -0.232869 0.00176289 -0.444382
0.202647 -0.248883 0.00195398 -0.444382
0.202039 -0.247447 0.00211813 -0.444382
0.201433 -0.245464 0.00198112 -0.444382
0.200829 -0.245172 0.00194045 -0.444382
0.200226 -0.249359 0.00188391 -0.444382
0.199626 -0.236603 0.00183281 -0.444382
0.199027 -0.240615 0.00176291 -0.444382
0.19843 -0.219086 0.00175597 -0.444382
0.197834 -0.212587 0.00169702 -0.444382
0.197241 -0.235848 0.00189133 -0.444382
0.196649 -0.246168 0.00196233 -0.444382
0.196059 -0.231431 0.00177664 -0.444382
0.195471 -0.22445 0.00180406 -0.444382
0.194885 -0.235606 0.00189646 -0.444382
0.1943 -0.235516 0.00188557 -0.444382
0.193717 -0.24794 0.00197082 -0.444382
0.193136 -0.246674 0.00264828 -0.444382
0.192557 -0.253552 0.00276229 -0.444382
0.191979 -0.257043 0.00264261 -0.444382
0.191403 -0.259201 0.00269683 -0.444382
0.190829 -0.280866 0.00209806 -0.444382
0.190256 -0.260546 0.00277677 -0.444382
0.189685 -0.251525 0.00305795 -0.444382
0.189116 -0.221385 0.00361219 -0.444382
0.188549 -0.206492 0.00395491 -0.444382
0.187983 -0.199284 0.00406321 -0.444382
0.187419 -0.247266 0.00288641 -0.444382
0.186857 -0.261634 0.00248963 -0.444382
0.186297 -0.256812 0.00277356 -0.444382
0.185738 -0.225348 0.00365815 -0.444382
0.185181 -0.225348 0.00493967 -0.444382
0.184625 -0.20461 0.00415183 -0.444382
0.184071 -0.186321 0.00392284 -0.444382
0.183519 -0.162705 0.00476797 -0.444382
0.182968 -0.130288 0.00501513 -0.444382
0.182419 -0.129692 0.00485288 -0.444382
0.181872 -0.141474 0.00501306 -0.444382
0.181327 -0.132225 0.00501247 -0.444382
0.180783 -0.109565 0.0051441 -0.444382
0.18024 -0.188394 0.00423474 -0.444382
0.1797 -0.181052 0.00433133 -0.444382
0.17916 -0.0732769 0.00572737 -0.444382
0.178623 -0.138671 0.00549624 -0.444382
0.178087 -0.207418 0.00412929 -0.444382
0.177553 -0.193199 0.00432601 -0.444382
0.17702 -0.153903 0.00479481 -0.444382
0.176489 -0.153903 0.00521161 -0.444382
0.17596 -0.223228 0.0035271 -0.444382
0.175432 -0.196913 0.00412202 -0.444382
0.174905 -0.155668 0.00494297 -0.444382
0.174381 -0.169811 0.00449742 -0.444382
0.173858 -0.163899 0.00464292 -0.444382
0.173336 -0.143845 0.00498237 -0.444382
0.172816 -0.169299 0.0046524 -0.444382
0.172298 -0.239975 0.00348324 -0.444382
0.171781 -0.225593 0.00355748 -0.444382
0.171265 -0.249325 0.002857 -0.444382
0.170752 -0.252284 0.00266536 -0.444382
0.170239 -0.25748 0.00259205 -0.444382
0.169729 -0.249993 0.00305683 -0.444382
0.169219 -0.250154 0.00264571 -0.444382
0.168712 -0.241094 0.00276364 -0.444382
0.168206 -0.224876 0.00336353 -0.444382
0.167701 -0.236961 0.00311289 -0.444382
0.167198 -0.231428 0.00317767 -0.444382
0.166696 -0.231288 0.00313252 -0.444382
0.166196 -0.227955 0.00350157 -0.444382
0.165698 -0.1786 0.00445981 -0.444382
0.165201 -0.148302 0.00507063 -0.444382
0.164705 -0.191377 0.00417034 -0.444382
0.164211 -0.192653 0.0038482 -0.444382
0.163718 -0.182952 0.00454008 -0.444382
0.163227 -0.205611 0.00362142 -0.444382
0.162737 -0.196032 0.00410888 -0.444382
0.162249 -0.222728 0.00321387 -0.444382
0.161762 -0.226889 0.00312695 -0.444382
0.161277 -0.219677 0.00348279 -0.444382
0.160793 -0.236779 0.00297437 -0.444382
0.160311 -0.231286 0.00325199 -0.444382
0.15983 -0.242274 0.00293995 -0.444382
0.15935 -0.242274 0.00339779 -0.444382
0.158872 -0.251904 0.00218541 -0.444382
0.158396 -0.248562 0.00198106 -0.444382
0.157921 -0.24438 0.00180706 -0.444382
0.157447 -0.248293 0.00199992 -0.444382
0.156974 -0.235113 0.00174228 -0.444382
0.156504 -0.24377 0.00207915 -0.444382
0.156034 -0.246131 0.00186271 -0.444382
0.155566 -0.237844 0.00192953 -0.444382
0.155099 -0.226315 0.00182045 -0.444382
0.154634 -0.226315 0.00186194 -0.444382
0.15417 -0.19807 0.00186081 -0.444382
0.153708 -0.19897 0.00167158 -0.444382
0.153246 -0.182193 0.00179836 -0.444382
0.152787 -0.181725 0.00176101 -0.444382
0.152328 -0.152326 0.00180928 -0.444382
0.151871 -0.185694 0.00168577 -0.444382
0.151416 -0.150922 0.00175037 -0.444382
0.150961 -0.144975 0.00177958 -0.444382
0.150509 -0.138411 0.0018471 -0.444382
0.150057 -0.101551 0.00186881 -0.444382
0.149607 -0.0611769 0.00194106 -0.444382
0.149158 -0.0662101 0.0019108 -0.444382
0.148711 -0.109152 0.00181807 -0.444382
0.148264 -0.129448 0.00172727 -0.444382
0.14782 -0.16392 0.00167324 -0.444382
0.147376 -0.12267 0.00185598 -0.444382
0.146934 -0.0459535 0.00197462 -0.444382
0.146493 -0.104937 0.00176488 -0.444382
0.146054 -0.190726 0.00148979 -0.444382
0.145616 -0.244413 0.00135137 -0.444382
0.145179 -0.231284 0.00144187 -0.444382
0.144743 -0.257469 0.00132594 -0.444382
0.144309 -0.210738 0.00144634 -0.444382
0.143876 -0.255099 0.00134954 -0.444382
0.143444 -0.255099 0.001566 -0.444382
0.143014 -0.215942 0.00143397 -0.444382
0.142585 -0.245081 0.00138238 -0.444382
0.142157 -0.245081 0.00153882 -0.444382
0.141731 -0.229991 0.00139498 -0.444382
0.141306 -0.252727 0.00142297 -0.444382
0.140882 -0.291997 0.001312 -0.444382
0.140459 -0.299822 0.00138128 -0.444382
0.140038 -0.317571 0.00144475 -0.444382
0.139618 -0.334422 0.0018348 -0.444382
0.139199 -0.315452 0.00206724 -0.444382
0.138781 -0.299794 0.00189653 -0.444382
0.138365 -0.283806 0.00178971 -0.444382
0.13795 -0.283806 0.00165711 -0.444382
0.137536 -0.292928 0.00182778 -0.444382
0.137123 -0.309145 0.00171729 -0.444382
0.136712 -0.309145 0.00177699 -0.444382
0.136302 -0.301351 0.00163507 -0.444382
0.135893 -0.293465 0.00187932 -0.444382
0.135485 -0.288776 0.00174833 -0.444382
0.135079 -0.3005 0.00231089 -0.444382
0.134674 -0.280905 0.00224075 -0.444382
0.134269 -0.287979 0.00225621 -0.444382
0.133867 -0.279134 0.00176697 -0.444382
0.133465 -0.290634 0.00170814 -0.444382
0.133065 -0.289791 0.00162627 -0.444382
0.132665 -0.294203 0.00190532 -0.444382
0.132267 -0.285311 0.00268652 -0.444382
0.131871 -0.258412 0.00324188 -0.444382
0.131475 -0.286519 0.00248961 -0.444382
0.131081 -0.279199 0.00242814 -0.444382
0.130687 -0.275778 0.00214976 -0.444382
0.130295 -0.266122 0.00226632 -0.444382
0.129904 -0.263176 0.0024717 -0.444382
0.129515 -0.271752 0.00239226 -0.444382
0.129126 -0.261634 0.00177798 -0.444382
0.128739 -0.243005 0.00176826 -0.444382
0.128353 -0.251812 0.00174254 -0.444382
0.127968 -0.259363 0.00186512 -0.444382
0.127584 -0.238653 0.00172594 -0.444382
0.127201 -0.236867 0.00171629 -0.444382
0.126819 -0.208963 0.00162651 -0.444382
0.126439 -0.208787 0.0017029 -0.444382
0.12606 -0.201667 0.00162112 -0.444382
0.125681 -0.161518 0.00173544 -0.444382
0.125304 -0.157705 0.00177583 -0.444382
0.124928 -0.157705 0.00175119 -0.444382
0.124554 -0.162132 0.00172227 -0.444382
0.12418 -0.162132 0.00182997 -0.444382
0.123807 -0.144615 0.00179654 -0.444382
0.123436 -0.0951286 0.00198147 -0.444382
0.123066 -0.0931519 0.00185702 -0.444382
0.122696 -0.0931519 0.00203821 -0.444382
0.122328 -0.143209 0.00177442 -0.444382
0.121961 -0.139445 0.00184314 -0.444382
0.121596 -0.0967176 0.00182129 -0.444382
0.121231 -0.0851214 0.00190808 -0.444382
0.120867 -0.0484379 0.00197331 -0.444382
0.120504 -0.0330341 0.00201732 -0.444382
0.120143 -0.0485505 0.00201074 -0.444382
0.119782 -0.0685058 0.00182829 -0.444382
0.119423 -0.0897805 0.00186882 -0.444382
0.119065 -0.124493 0.00181073 -0.444382
0.118708 -0.148287 0.00179541 -0.444382
0.118352 -0.121812 0.00187435 -0.444382
0.117996 -0.121458 0.00189878 -0.444382
0.117643 -0.159378 0.00174979 -0.444382
0.11729 -0.146881 0.00168502 -0.444382
0.116938 -0.146881 0.00189537 -0.444382
0.116587 -0.164563 0.00176391 -0.444382
0.116237 -0.174538 0.00171572 -0.444382
0.115888 -0.1763 0.00166175 -0.444382
0.115541 -0.177417 0.00181716 -0.444382
0.115194 -0.178795 0.00179635 -0.444382
0.114849 -0.194606 0.00170612 -0.444382
0.114504 -0.193253 0.0016765 -0.444382
0.114161 -0.198905 0.00165215 -0.444382
0.113818 -0.207289 0.00177416 -0.444382
0.113477 -0.227983 0.00179117 -0.444382
0.113136 -0.236931 0.00173304 -0.444382
0.112797 -0.249373 0.0018661 -0.444382
0.112458 -0.248538 0.00205079 -0.444382
0.112121 -0.251278 0.00208689 -0.444382
0.111785 -0.24879 0.00232863 -0.444382
0.111449 -0.246015 0.00266586 -0.444382
0.111115 -0.242918 0.0028989 -0.444382
0.110782 -0.247654 0.0027581 -0.444382
0.110449 -0.247642 0.00258429 -0.444382
0.110118 -0.251675 0.00227374 -0.444382
0.109788 -0.250694 0.00230326 -0.444382
0.109458 -0.250694 0.00258487 -0.444382
0.10913 -0.250576 0.00225233 -0.444382
0.108802 -0.247335 0.00208044 -0.444382
0.108476 -0.252931 0.00208164 -0.444382
0.108151 -0.252931 0.00211269 -0.444382
0.107826 -0.253567 0.00245788 -0.444382
0.107503 -0.24574 0.002699 -0.444382
0.10718 -0.243392 0.00273328 -0.444382
0.106859 -0.250307 0.00241541 -0.444382
0.106538 -0.249315 0.00245785 -0.444382
0.106218 -0.23952 0.00303322 -0.444382
0.1059 -0.232564 0.00307771 -0.444382
0.105582 -0.229518 0.00321418 -0.444382
0.105265 -0.232242 0.00336764 -0.444382
0.104949 -0.244159 0.0028832 -0.444382
0.104635 -0.245058 0.00298353 -0.444382
0.104321 -0.245013 0.00263417 -0.444382
0.104008 -0.248448 0.00267895 -0.444382
0.103696 -0.241398 0.0029073 -0.444382
0.103385 -0.247846 0.00283292 -0.444382
0.103075 -0.250197 0.00243838 -0.444382
0.102765 -0.249699 0.00271611 -0.444382
0.102457 -0.247996 0.00227634 -0.444382
0.10215 -0.250183 0.00221184 -0.444382
0.101843 -0.252154 0.00231168 -0.444382
0.101538 -0.252213 0.00230572 -0.444382
0.101233 -0.249115 0.00235368 -0.444382
0.100929 -0.248758 0.00251116 -0.444382
0.100627 -0.246256 0.00237776 -0.444382
0.100325 -0.249124 0.0025143 -0.444382
0.100024 -0.250828 0.00207204 -0.444382
0.0997236 -0.248469 0.00259437 -0.444382
0.0994244 -0.251389 0.00220829 -0.444382
0.0991262 -0.246987 0.00226681 -0.444382
0.0988288 -0.251182 0.00230565 -0.444382
0.0985323 -0.253949 0.00229915 -0.444382
0.0982367 -0.248641 0.00233375 -0.444382
0.097942 -0.248342 0.00223905 -0.444382
0.0976482 -0.24589 0.0025757 -0.444382
0.0973552 -0.248283 0.0024507 -0.444382
0.0970632 -0.250486 0.00242686 -0.444382
0.096772 -0.252238 0.00228617 -0.444382
0.0964817 -0.249823 0.00232334 -0.444382
0.0961922 -0.247886 0.00250098 -0.444382
0.0959036 -0.24866 0.00198687 -0.444382
0.0956159 -0.250449 0.00177255 -0.444382
0.0953291 -0.245128 0.00185714 -0.444382
0.0950431 -0.245128 0.00182847 -0.444382
0.094758 -0.235105 0.00190016 -0.444382
0.0944737 -0.233701 0.00187258 -0.444382
0.0941903 -0.237543 0.00188854 -0.444382
0.0939077 -0.241587 0.00196212 -0.444382
0.093626 -0.241587 0.00186494 -0.444382
0.0933451 -0.237778 0.00190888 -0.444382
0.0930651 -0.238855 0.0018177 -0.444382
0.0927859 -0.239517 0.00190056 -0.444382
0.0925075 -0.236819 0.0017686 -0.444382
0.09223 -0.243456 0.00183659 -0.444382
0.0919533 -0.247952 0.00203907 -0.444382
0.0916774 -0.247296 0.00202919 -0.444382
0.0914024 -0.242403 0.00213262 -0.444382
0.0911282 -0.244245 0.0019787 -0.444382
0.0908548 -0.24767 0.00199236 -0.444382
0.0905822 -0.249887 0.00204276 -0.444382
0.0903105 -0.245557 0.00194837 -0.444382
0.0900396 -0.241469 0.00196455 -0.444382
0.0897694 -0.236637 0.0018907 -0.444382
0.0895001 -0.23855 0.00193467 -0.444382
0.0892316 -0.247181 0.00194434 -0.444382
0.0889639 -0.246855 0.00221738 -0.444382
0.088697 -0.244147 0.00209423 -0.444382
0.088431 -0.243499 0.00190177 -0.444382
0.0881657 -0.245984 0.00191937 -0.444382
0.0879012 -0.247017 0.00194664 -0.444382
0.0876375 -0.253806 0.00187587 -0.444382
0.0873746 -0.251632 0.00209378 -0.444382
0.0871124 -0.250134 0.00219737 -0.444382
0.0868511 -0.24688 0.00198563 -0.444382
0.0865905 -0.241731 0.00188228 -0.444382
0.0863308 -0.243704 0.00187364 -0.444382
0.0860718 -0.243704 0.00189461 -0.444382
0.0858136 -0.232259 0.00190796 -0.444382
0.0855561 -0.239151 0.00197573 -0.444382
0.0852994 -0.241132 0.00203013 -0.444382
0.0850436 -0.237658 0.00188658 -0.444382
0.0847884 -0.241733 0.00208195 -0.444382
0.0845341 -0.245578 0.00185792 -0.444382
0.0842805 -0.244066 0.00229238 -0.444382
0.0840276 -0.242687 0.00216261 -0.444382
0.0837755 -0.249889 0.00200706 -0.444382
0.0835242 -0.249387 0.00212048 -0.444382
0.0832736 -0.248345 0.0023026 -0.444382
0.0830238 -0.248574 0.0021755 -0.444382
0.0827747 -0.252348 0.0022822 -0.444382
0.0825264 -0.247863 0.00206556 -0.444382
0.0822788 -0.246267 0.0019578 -0.444382
0.082032 -0.247014 0.00229465 -0.444382
0.0817859 -0.252482 0.00230117 -0.444382
0.0815405 -0.245647 0.00285643 -0.444382
0.0812959 -0.249456 0.00258698 -0.444382
0.081052 -0.249014 0.00253598 -0.444382
0.0808089 -0.247997 0.00284708 -0.444382
0.0805665 -0.241896 0.00274888 -0.444382
0.0803248 -0.244743 0.00265619 -0.444382
0.0800838 -0.232451 0.00311302 -0.444382
0.0798435 -0.220241 0.00342595 -0.444382
0.079604 -0.224813 0.00331403 -0.444382
0.0793652 -0.227854 0.0034745 -0.444382
0.0791271 -0.246529 0.00275251 -0.444382
0.0788897 -0.239031 0.00292421 -0.444382
0.078653 -0.230913 0.00355287 -0.444382
0.0784171 -0.230425 0.00309412 -0.444382
0.0781818 -0.235276 0.00317183 -0.444382
0.0779473 -0.234373 0.00309873 -0.444382
0.0777134 -0.231633 0.00331006 -0.444382
0.0774803 -0.229677 0.00326771 -0.444382
0.0772479 -0.226093 0.00324704 -0.444382
0.0770161 -0.230972 0.00331269 -0.444382
0.0767851 -0.236876 0.00290995 -0.444382
0.0765547 -0.230849 0.00310424 -0.444382
0.076325 -0.226903 0.00315847 -0.444382
0.0760961 -0.231305 0.00309185 -0.444382
0.0758678 -0.222766 0.00359579 -0.444382
0.0756402 -0.231148 0.00311338 -0.444382
0.0754133 -0.233382 0.00327159 -0.444382
0.075187 -0.234796 0.00323542 -0.444382
0.0749615 -0.227419 0.00343963 -0.444382
0.0747366 -0.237351 0.00296358 -0.444382
0.0745124 -0.228575 0.00332957 -0.444382
0.0742888 -0.227923 0.00335414 -0.444382
0.074066 -0.225439 0.00346153 -0.444382
0.0738438 -0.231196 0.00312109 -0.444382
0.0736222 -0.235785 0.00289618 -0.444382
0.0734014 -0.237192 0.00306049 -0.444382
0.0731812 -0.225923 0.00356603 -0.444382
0.0729616 -0.219562 0.00351892 -0.444382
0.0727427 -0.207607 0.0039951 -0.444382
0.0725245 -0.21343 0.00367266 -0.444382
0.0723069 -0.210613 0.00378293 -0.444382
0.07209 -0.213652 0.00362758 -0.444382
0.0718737 -0.20316 0.0038356 -0.444382
0.0716581 -0.21108 0.00379481 -0.444382
0.0714431 -0.21525 0.0037187 -0.444382
0.0712288 -0.209777 0.00385834 -0.444382
0.0710151 -0.226818 0.00326696 -0.444382
0.0708021 -0.211752 0.00367888 -0.444382
0.0705897 -0.221124 0.00329702 -0.444382
0.0703779 -0.20605 0.00392667 -0.444382
0.0701668 -0.222438 0.00354964 -0.444382
0.0699563 -0.196446 0.00425645 -0.444382
0.0697464 -0.19598 0.00396853 -0.444382
0.0695372 -0.196584 0.00398717 -0.444382
0.0693286 -0.196584 0.00432612 -0.444382
0.0691206 -0.184489 0.00433798 -0.444382
0.0689132 -0.18178 0.00421865 -0.444382
0.0687065 -0.188262 0.00411477 -0.444382
0.0685003 -0.174904 0.00451125 -0.444382
0.0682948 -0.173029 0.00447993 -0.444382
0.06809 -0.169147 0.00459544 -0.444382
0.0678857 -0.174854 0.00446778 -0.444382
0.067682 -0.191056 0.00405898 -0.444382
0.067479 -0.191138 0.00433101 -0.444382
0.0672766 -0.199579 0.00404552 -0.444382
0.0670747 -0.191455 0.00406214 -0.444382
0.0668735 -0.187245 0.00417754 -0.444382
0.0666729 -0.173148 0.00427816 -0.444382
0.0664729 -0.151042 0.00508267 -0.444382
0.0662734 -0.148888 0.00498609 -0.444382
0.0660746 -0.159015 0.00489129 -0.444382
0.0658764 -0.160172 0.00482101 -0.444382
0.0656788 -0.152963 0.00491302 -0.444382
0.0654817 -0.157093 0.0047607 -0.444382
0.0652853 -0.166265 0.00452245 -0.444382
0.0650894 -0.161318 0.00456987 -0.444382
0.0648942 -0.171938 0.00476382 -0.444382
0.0646995 -0.175386 0.00454773 -0.444382
0.0645054 -0.162599 0.00470618 -0.444382
0.0643119 -0.172132 0.00467006 -0.444382
0.0641189 -0.176453 0.00436545 -0.444382
0.0639266 -0.154331 0.0050416 -0.444382
0.0637348 -0.163828 0.00483206 -0.444382
0.0635436 -0.181762 0.00423283 -0.444382
0.063353 -0.18622 0.00429905 -0.444382
0.0631629 -0.187188 0.00429327 -0.444382
0.0629734 -0.202931 0.00379223 -0.444382
0.0627845 -0.203241 0.00395754 -0.444382
0.0625961 -0.199051 0.00402381 -0.444382
0.0624083 -0.203173 0.00402476 -0.444382
0.0622211 -0.196239 0.00412095 -0.444382
0.0620345 -0.215599 0.00355589 -0.444382
0.0618484 -0.197383 0.00413614 -0.444382
0.0616628 -0.200088 0.00390058 -0.444382
0.0614778 -0.196423 0.00387562 -0.444382
0.0612934 -0.193223 0.00465789 -0.444382
0.0611095 -0.200724 0.00417888 -0.444382
0.0609262 -0.198915 0.0040176 -0.444382
0.0607434 -0.202507 0.00386689 -0.444382
0.0605612 -0.21 0.00381528 -0.444382
0.0603795 -0.210018 0.00359869 -0.444382
0.0601983 -0.215379 0.00391793 -0.444382
0.0600178 -0.216655 0.00355991 -0.444382
0.0598377 -0.217487 0.00348747 -0.444382
0.0596582 -0.217487 0.00381378 -0.444382
0.0594792 -0.218452 0.00363171 -0.444382
0.0593008 -0.222003 0.00348783 -0.444382
0.0591229 -0.217413 0.0035928 -0.444382
0.0589455 -0.219843 0.00364556 -0.444382
0.0587687 -0.219843 0.00384755 -0.444382
0.0585924 -0.225042 0.00361209 -0.444382
0.0584166 -0.214844 0.00390903 -0.444382
0.0582413 -0.217237 0.00398151 -0.444382
0.0580666 -0.213814 0.0035675 -0.444382
0.0578924 -0.219969 0.00357292 -0.444382
0.0577187 -0.211374 0.0038454 -0.444382
0.0575456 -0.224035 0.00353448 -0.444382
0.0573729 -0.226218 0.00321462 -0.444382
0.0572008 -0.226278 0.00328546 -0.444382
0.0570292 -0.228436 0.00332293 -0.444382
0.0568581 -0.219823 0.00358558 -0.444382
0.0566876 -0.224367 0.00370509 -0.444382
0.0565175 -0.217141 0.00380451 -0.444382
0.0563479 -0.223007 0.00345156 -0.444382
0.0561789 -0.22649 0.00314671 -0.444382
0.0560104 -0.227753 0.00335751 -0.444382
0.0558423 -0.219158 0.00362649 -0.444382
0.0556748 -0.232785 0.00338581 -0.444382
0.0555078 -0.23311 0.00298743 -0.444382
0.0553413 -0.231753 0.0031189 -0.444382
0.0551752 -0.230275 0.00327395 -0.444382
0.0550097 -0.234055 0.00368721 -0.444382
0.0548447 -0.222607 0.00332621 -0.444382
0.0546801 -0.221013 0.00352989 -0.444382
0.0545161 -0.22221 0.00352179 -0.444382
0.0543526 -0.220405 0.00334111 -0.444382
0.0541895 -0.195121 0.00454284 -0.444382
0.0540269 -0.192046 0.00432011 -0.444382
0.0538648 -0.20568 0.00386387 -0.444382
0.0537033 -0.201889 0.00409168 -0.444382
0.0535421 -0.201889 0.0047224 -0.444382
0.0533815 -0.201889 0.00436026 -0.444382
0.0532214 -0.206812 0.00418152 -0.444382
0.0530617 -0.18949 0.00409505 -0.444382
0.0529025 -0.189375 0.00433217 -0.444382
0.0527438 -0.195379 0.00398887 -0.444382
0.0525856 -0.203288 0.00389024 -0.444382
0.0524278 -0.205572 0.0038731 -0.444382
0.0522705 -0.205208 0.00393869 -0.444382
0.0521137 -0.193822 0.00390518 -0.444382
0.0519574 -0.193806 0.00436235 -0.444382
0.0518015 -0.177695 0.00432612 -0.444382
0.0516461 -0.177281 0.00436707 -0.444382
0.0514912 -0.173122 0.00456141 -0.444382
0.0513367 -0.168321 0.0046479 -0.444382
0.0511827 -0.144623 0.00525805 -0.444382
0.0510291 -0.146267 0.00499299 -0.444382
0.0508761 -0.133079 0.0054224 -0.444382
0.0507234 -0.144246 0.00497243 -0.444382
0.0505713 -0.115506 0.00585224 -0.444382
0.0504195 -0.11042 0.00560129 -0.444382
0.0502683 -0.128133 0.00520532 -0.444382
0.0501175 -0.128133 0.00560949 -0.444382
0.0499671 -0.128133 0.00620331 -0.444382
0.0498172 -0.114583 0.00672957 -0.444382
0.0496678 -0.131407 0.00512091 -0.444382
0.0495188 -0.0984259 0.0056351 -0.444382
0.0493702 -0.099024 0.00591153 -0.444382
0.0492221 -0.0911919 0.00591349 -0.444382
0.0490744 -0.0954641 0.00554592 -0.444382
0.0489272 -0.107761 0.0055161 -0.444382
0.0487804 -0.0944123 0.00591017 -0.444382
0.0486341 -0.0908822 0.00572569 -0.444382
0.0484882 -0.073236 0.00629583 -0.444382
0.0483427 -0.074861 0.00692757 -0.444382
0.0481977 -0.0619538 0.00650161 -0.444382
0.0480531 -0.0811737 0.00638527 -0.444382
0.0479089 -0.107113 0.00603028 -0.444382
0.0477652 -0.110978 0.0057397 -0.444382
0.0476219 -0.118696 0.00564743 -0.444382
0.0474791 -0.114756 0.00562947 -0.444382
0.0473366 -0.128406 0.0059281 -0.444382
0.0471946 -0.128406 0.00540603 -0.444382
0.047053 -0.128406 0.00611052 -0.444382
0.0469119 -0.133151 0.00501004 -0.444382
0.0467711 -0.127724 0.00542774 -0.444382
0.0466308 -0.127724 0.00578011 -0.444382
0.0464909 -0.120232 0.00530527 -0.444382
0.0463515 -0.108141 0.00588657 -0.444382
0.0462124 -0.128311 0.00515395 -0.444382
0.0460738 -0.138235 0.00542265 -0.444382
0.0459355 -0.129478 0.00543264 -0.444382
0.0457977 -0.126819 0.00519776 -0.444382
0.0456603 -0.126819 0.00593412 -0.444382
0.0455234 -0.129838 0.00502746 -0.444382
0.0453868 -0.128092 0.00521829 -0.444382
0.0452506 -0.128298 0.00543874 -0.444382
0.0451149 -0.142875 0.00514644 -0.444382
0.0449795 -0.144182 0.00502256 -0.444382
0.0448446 -0.148148 0.00532671 -0.444382
0.0447101 -0.167751 0.00485557 -0.444382
0.0445759 -0.148897 0.0049667 -0.444382
0.0444422 -0.164142 0.00489359 -0.444382
0.0443089 -0.172625 0.00454648 -0.444382
0.0441759 -0.173725 0.00457623 -0.444382
0.0440434 -0.182896 0.00421832 -0.444382
0.0439113 -0.175099 0.00514097 -0.444382
0.0437796 -0.198449 0.00394115 -0.444382
0.0436482 -0.207085 0.00383646 -0.444382
0.0435173 -0.207085 0.0042024 -0.444382
0.0433867 -0.213911 0.00371905 -0.444382
0.0432566 -0.211987 0.00353456 -0.444382
0.0431268 -0.203324 0.00363362 -0.444382
0.0429974 -0.19563 0.00415134 -0.444382
0.0428684 -0.19563 0.00425818 -0.444382
0.0427398 -0.20478 0.00432864 -0.444382
0.0426116 -0.20478 0.00386133 -0.444382
0.0424838 -0.216164 0.00368085 -0.444382
0.0423563 -0.220171 0.00364274 -0.444382
0.0422292 -0.214197 0.00380405 -0.444382
0.0421026 -0.221845 0.00332059 -0.444382
0.0419762 -0.224483 0.00352956 -0.444382
0.0418503 -0.229349 0.00330713 -0.444382
0.0417248 -0.229349 0.00346447 -0.444382
0.0415996 -0.231927 0.00329515 -0.444382
0.0414748 -0.231807 0.00327076 -0.444382
0.0413504 -0.231433 0.00312181 -0.444382
0.0412263 -0.2302 0.00337756 -0.444382
0.0411026 -0.232004 0.00322086 -0.444382
0.0409793 -0.231921 0.00306428 -0.444382
0.0408564 -0.231921 0.00338211 -0.444382
0.0407338 -0.230104 0.00369822 -0.444382
0.0406116 -0.235802 0.00314919 -0.444382
0.0404898 -0.233081 0.00323193 -0.444382
0.0403683 -0.222768 0.00358955 -0.444382
0.0402472 -0.225135 0.00365038 -0.444382
0.0401265 -0.224694 0.00328875 -0.444382
0.0400061 -0.229293 0.00361239 -0.444382
0.0398861 -0.231754 0.00320141 -0.444382
0.0397664 -0.23681 0.00306969 -0.444382
0.0396471 -0.238386 0.00296533 -0.444382
0.0395282 -0.235696 0.00301012 -0.444382
0.0394096 -0.23453 0.0030902 -0.444382
0.0392914 -0.231997 0.00387403 -0.444382
0.0391735 -0.232625 0.00330909 -0.444382
0.039056 -0.218274 0.00336138 -0.444382
0.0389388 -0.222592 0.0032903 -0.444382
0.038822 -0.212886 0.00380756 -0.444382
0.0387055 -0.22128 0.00364319 -0.444382
0.0385894 -0.219877 0.00364589 -0.444382
0.0384736 -0.220042 0.00351545 -0.444382
0.0383582 -0.211321 0.00384421 -0.444382
0.0382431 -0.216949 0.00348633 -0.444382
0.0381284 -0.222289 0.0034465 -0.444382
0.038014 -0.222705 0.00342892 -0.444382
0.0379 -0.222705 0.00366684 -0.444382
0.0377863 -0.219397 0.00372047 -0.444382
0.0376729 -0.223219 0.00353805 -0.444382
0.0375599 -0.228092 0.00327719 -0.444382
0.0374472 -0.24053 0.00309037 -0.444382
0.0373349 -0.23946 0.0029571 -0.444382
0.0372229 -0.244469 0.00279523 -0.444382
0.0371112 -0.240398 0.00296286 -0.444382
0.0369999 -0.240398 0.00314933 -0.444382
0.0368889 -0.237981 0.0031769 -0.444382
0.0367782 -0.243726 0.00283135 -0.444382
0.0366679 -0.243726 0.00281313 -0.444382
0.0365579 -0.237475 0.003114 -0.444382
0.0364482 -0.231964 0.00325533 -0.444382
0.0363389 -0.233693 0.00307035 -0.444382
0.0362298 -0.223165 0.00341134 -0.444382
0.0361211 -0.229977 0.0037779 -0.444382
0.0360128 -0.23514 0.00288962 -0.444382
0.0359047 -0.23514 0.00323503 -0.444382
0.035797 -0.237113 0.00279295 -0.444382
0.0356896 -0.236329 0.00299952 -0.444382
0.0355826 -0.238635 0.00311225 -0.444382
0.0354758 -0.240525 0.00281191 -0.444382
0.0353694 -0.240285 0.00279474 -0.444382
0.0352633 -0.234318 0.00323728 -0.444382
0.0351575 -0.24379 0.00287536 -0.444382
0.035052 -0.240652 0.00272649 -0.444382
0.0349469 -0.244595 0.00275342 -0.444382
0.034842 -0.237323 0.00300746 -0.444382
0.0347375 -0.240804 0.00293006 -0.444382
0.0346333 -0.242908 0.00307357 -0.444382
0.0345294 -0.243798 0.00272672 -0.444382
0.0344258 -0.241552 0.00303344 -0.444382
0.0343225 -0.247672 0.00289908 -0.444382
0.0342196 -0.24562 0.00278566 -0.444382
0.0341169 -0.246389 0.00267908 -0.444382
0.0340145 -0.2416 0.00262873 -0.444382
0.0339125 -0.2488 0.00254353 -0.444382
0.0338108 -0.244712 0.00277351 -0.444382
0.0337093 -0.251571 0.00251311 -0.444382
0.0336082 -0.251759 0.00224797 -0.444382
0.0335074 -0.250358 0.00241389 -0.444382
0.0334069 -0.247947 0.00258118 -0.444382
0.0333066 -0.24672 0.00260143 -0.444382
0.0332067 -0.250057 0.00243609 -0.444382
0.0331071 -0.249264 0.00243782 -0.444382
0.0330078 -0.246303 0.00266778 -0.444382
0.0329088 -0.248728 0.00248804 -0.444382
0.03281 -0.245003 0.00271172 -0.444382
0.0327116 -0.253174 0.00248483 -0.444382
0.0326135 -0.245917 0.00233584 -0.444382
0.0325156 -0.250189 0.0024293 -0.444382
0.0324181 -0.251336 0.0022375 -0.444382
0.0323208 -0.25064 0.00227542 -0.444382
0.0322239 -0.247324 0.00241196 -0.444382
0.0321272 -0.252615 0.00244946 -0.444382
0.0320308 -0.25035 0.00258984 -0.444382
0.0319347 -0.248534 0.00272788 -0.444382
0.0318389 -0.243834 0.00267992 -0.444382
0.0317434 -0.246801 0.00247348 -0.444382
0.0316482 -0.248425 0.00239602 -0.444382
0.0315532 -0.248418 0.00231152 -0.444382
0.0314586 -0.249112 0.00230969 -0.444382
0.0313642 -0.247726 0.00260995 -0.444382
0.0312701 -0.253762 0.00221565 -0.444382
0.0311763 -0.247022 0.00262474 -0.444382
0.0310827 -0.249147 0.00247452 -0.444382
0.0309895 -0.250941 0.00245096 -0.444382
0.0308965 -0.247483 0.00248556 -0.444382
0.0308038 -0.249926 0.00255444 -0.444382
0.0307114 -0.250606 0.0024642 -0.444382
0.0306193 -0.247529 0.00259925 -0.444382
0.0305274 -0.247264 0.00259206 -0.444382
0.0304359 -0.246962 0.0025915 -0.444382
0.0303445 -0.247711 0.00252033 -0.444382
0.0302535 -0.249517 0.00227393 -0.444382
0.0301628 -0.251376 0.0022952 -0.444382
0.0300723 -0.247636 0.00234204 -0.444382
0.029982 -0.251703 0.00213568 -0.444382
0.0298921 -0.24677 0.00231364 -0.444382
0.0298024 -0.247596 0.00252879 -0.444382
0.029713 -0.247804 0.00242992 -0.444382
0.0296239 -0.248585 0.00247122 -0.444382
0.029535 -0.245096 0.00248574 -0.444382
0.0294464 -0.250427 0.00250126 -0.444382
0.0293581 -0.253933 0.00247062 -0.444382
0.02927 -0.250247 0.00235036 -0.444382
0.0291822 -0.247888 0.00246937 -0.444382
0.0290946 -0.249293 0.00239068 -0.444382
0.0290074 -0.255614 0.00228677 -0.444382
0.0289203 -0.250947 0.00223783 -0.444382
0.0288336 -0.248982 0.00225688 -0.444382
0.0287471 -0.248069 0.00247913 -0.444382
0.0286608 -0.249752 0.00237709 -0.444382
0.0285748 -0.249869 0.00227285 -0.444382
0.0284891 -0.248501 0.00240535 -0.444382
0.0284037 -0.24824 0.00250715 -0.444382
0.0283184 -0.252105 0.0024727 -0.444382
0.0282335 -0.247309 0.0025842 -0.444382
0.0281488 -0.251343 0.00240287 -0.444382
0.0280643 -0.249052 0.00255668 -0.444382
0.0279801 -0.248511 0.00255858 -0.444382
0.0278962 -0.251394 0.00215683 -0.444382
0.0278125 -0.245438 0.0023293 -0.444382
0.0277291 -0.250249 0.00218175 -0.444382
0.0276459 -0.250078 0.0021908 -0.444382
0.027563 -0.252269 0.00261368 -0.444382
0.0274803 -0.251752 0.00213779 -0.444382
0.0273978 -0.24959 0.00221138 -0.444382
0.0273156 -0.24959 0.00234116 -0.444382
0.0272337 -0.250594 0.00259893 -0.444382
0.027152 -0.248033 0.0023733 -0.444382
0.0270705 -0.251858 0.00199238 -0.444382
0.0269893 -0.249077 0.0019928 -0.444382
0.0269083 -0.251097 0.00204862 -0.444382
0.0268276 -0.250133 0.00241944 -0.444382
0.0267471 -0.248677 0.00206813 -0.444382
0.0266669 -0.247501 0.00277278 -0.444382
0.0265869 -0.252092 0.00211361 -0.444382
0.0265071 -0.250231 0.00313951 -0.444382
0.0264276 -0.247694 0.00222152 -0.444382
0.0263483 -0.247092 0.00224017 -0.444382
0.0262693 -0.252411 0.00210204 -0.444382
0.0261905 -0.247518 0.00209557 -0.444382
0.0261119 -0.250984 0.00218377 -0.444382
0.0260336 -0.250984 0.00230502 -0.444382
0.0259555 -0.25321 0.00203936 -0.444382
0.0258776 -0.25321 0.00204645 -0.444382
0.0258 -0.245784 0.00212503 -0.444382
0.0257226 -0.249164 0.00208862 -0.444382
0.0256454 -0.249164 0.00214137 -0.444382
0.0255685 -0.250766 0.00203243 -0.444382
0.0254918 -0.250379 0.00206269 -0.444382
0.0254153 -0.25085 0.00201783 -0.444382
0.025339 -0.24847 0.00204993 -0.444382
0.025263 -0.245488 0.00220928 -0.444382
0.0251872 -0.251562 0.00206435 -0.444382
0.0251117 -0.250156 0.00204216 -0.444382
0.0250363 -0.251794 0.00210507 -0.444382
0.0249612 -0.250147 0.00223057 -0.444382
0.0248863 -0.251129 0.00203105 -0.444382
0.0248117 -0.251129 0.00230776 -0.444382
0.0247373 -0.251407 0.00206006 -0.444382
0.024663 -0.250576 0.00202424 -0.444382
0.0245891 -0.250673 0.00224578 -0.444382
0.0245153 -0.248767 0.00197046 -0.444382
0.0244417 -0.249919 0.00216236 -0.444382
0.0243684 -0.246221 0.00198484 -0.444382
0.0242953 -0.251461 0.0021162 -0.444382
0.0242224 -0.249598 0.0021299 -0.444382
0.0241498 -0.253018 0.00210744 -0.444382
0.0240773 -0.253764 0.0020592 -0.444382
0.0240051 -0.249592 0.00213683 -0.444382
0.0239331 -0.25036 0.00225379 -0.444382
0.0238613 -0.246611 0.00219801 -0.444382
0.0237897 -0.248924 0.00218544 -0.444382
0.0237183 -0.249689 0.00225276 -0.444382
0.0236472 -0.252327 0.00209836 -0.444382
0.0235762 -0.245712 0.00231117 -0.444382
0.0235055 -0.246705 0.00245367 -0.444382
0.023435 -0.251555 0.00211188 -0.444382
0.0233647 -0.249536 0.00221907 -0.444382
0.0232946 -0.250301 0.00206022 -0.444382
0.0232247 -0.249557 0.00209796 -0.444382
0.023155 -0.246169 0.0023042 -0.444382
0.0230855 -0.245614 0.00208652 -0.444382
0.0230163 -0.243676 0.00219344 -0.444382
0.0229472 -0.249191 0.00181938 -0.444382
0.0228784 -0.249903 0.00200126 -0.444382
0.0228098 -0.243326 0.00219105 -0.444382
0.0227413 -0.249274 0.00195103 -0.444382
0.0226731 -0.24279 0.00191338 -0.444382
0.0226051 -0.244774 0.00184266 -0.444382
0.0225373 -0.244861 0.00199566 -0.444382
0.0224697 -0.245074 0.00226866 -0.444382
0.0224023 -0.24751 0.0020387 -0.444382
0.022335 -0.244858 0.00211315 -0.444382
0.022268 -0.245563 0.00205683 -0.444382
0.0222012 -0.249877 0.00208024 -0.444382
0.0221346 -0.249543 0.00199198 -0.444382
0.0220682 -0.248583 0.00203288 -0.444382
0.022002 -0.247853 0.00225117 -0.444382
0.021936 -0.249123 0.00235074 -0.444382
0.0218702 -0.256011 0.00203872 -0.444382
0.0218046 -0.247161 0.00243187 -0.444382
0.0217392 -0.251964 0.00232673 -0.444382
0.021674 -0.253196 0.00207858 -0.444382
0.0216089 -0.25153 0.0020741 -0.444382
0.0215441 -0.246876 0.00210913 -0.444382
0.0214795 -0.250833 0.00218195 -0.444382
0.021415 -0.249546 0.00235578 -0.444382
0.0213508 -0.250624 0.00225449 -0.444382
0.0212868 -0.247547 0.00228175 -0.444382
0.0212229 -0.24802 0.00216655 -0.444382
0.0211592 -0.251859 0.00211316 -0.444382
0.0210957 -0.249394 0.00229466 -0.444382
0.0210325 -0.249797 0.00234042 -0.444382
0.0209694 -0.252475 0.00228545 -0.444382
0.0209065 -0.249287 0.00251457 -0.444382
0.0208437 -0.249455 0.00238711 -0.444382
0.0207812 -0.250225 0.00224887 -0.444382
0.0207189 -0.250004 0.00235715 -0.444382
0.0206567 -0.250677 0.00226484 -0.444382
0.0205947 -0.251067 0.00241398 -0.444382
0.0205329 -0.250333 0.00241367 -0.444382
0.0204713 -0.24798 0.00243073 -0.444382
0.0204099 -0.251553 0.00245268 -0.444382
0.0203487 -0.251553 0.00232442 -0.444382
0.0202877 -0.251553 0.00219819 -0.444382
0.0202268 -0.24806 0.00239426 -0.444382
0.0201661 -0.250388 0.00240447 -0.444382
0.0201056 -0.251816 0.00236932 -0.444382
0.0200453 -0.251835 0.0022534 -0.444382
0.0199852 -0.248556 0.00239732 -0.444382
0.0199252 -0.252498 0.00221355 -0.444382
0.0198654 -0.254788 0.00224513 -0.444382
0.0198058 -0.254864 0.00197036 -0.444382
0.0197464 -0.254864 0.00231998 -0.444382
0.0196872 -0.249725 0.00249187 -0.444382
0.0196281 -0.253299 0.00215052 -0.444382
0.0195692 -0.247486 0.00268395 -0.444382
0.0195105 -0.251085 0.00232919 -0.444382
0.019452 -0.251937 0.00225486 -0.444382
0.0193936 -0.247408 0.00248002 -0.444382
0.0193355 -0.252148 0.00226598 -0.444382
0.0192775 -0.252109 0.00244588 -0.444382
0.0192196 -0.251816 0.00231759 -0.444382
0.019162 -0.253374 0.00225566 -0.444382
0.0191045 -0.247667 0.00243643 -0.444382
0.0190472 -0.253231 0.00232313 -0.444382
0.01899 -0.253231 0.00249074 -0.444382
0.018933 -0.253442 0.00247943 -0.444382
0.0188762 -0.245357 0.00279446 -0.444382
0.0188196 -0.251959 0.00223847 -0.444382
0.0187632 -0.250814 0.00243583 -0.444382
0.0187069 -0.248768 0.00241881 -0.444382
0.0186508 -0.249398 0.00257516 -0.444382
0.0185948 -0.249081 0.00242973 -0.444382
0.018539 -0.252324 0.00240788 -0.444382
0.0184834 -0.251236 0.00239358 -0.444382
0.0184279 -0.250311 0.00231311 -0.444382
0.0183727 -0.253544 0.0023013 -0.444382
0.0183175 -0.249056 0.00231179 -0.444382
0.0182626 -0.246091 0.00272045 -0.444382
0.0182078 -0.247818 0.0024855 -0.444382
0.0181532 -0.249221 0.00269216 -0.444382
0.0180987 -0.245791 0.0025458 -0.444382
0.0180444 -0.2551 0.00236985 -0.444382
0.0179903 -0.251188 0.00246097 -0.444382
0.0179363 -0.250289 0.00250902 -0.444382
0.0178825 -0.246922 0.00260215 -0.444382
0.0178289 -0.253732 0.00228944 -0.444382
0.0177754 -0.246089 0.00305796 -0.444382
0.0177221 -0.250531 0.00235432 -0.444382
0.0176689 -0.244844 0.00276375 -0.444382
0.0176159 -0.249792 0.00240603 -0.444382
0.017563 -0.247333 0.00253842 -0.444382
0.0175103 -0.249265 0.00250285 -0.444382
0.0174578 -0.251678 0.00238571 -0.444382
0.0174054 -0.251157 0.00263145 -0.444382
0.0173532 -0.24705 0.00268193 -0.444382
0.0173012 -0.248091 0.00269742 -0.444382
0.0172493 -0.246504 0.00257043 -0.444382
0.0171975 -0.246823 0.00288342 -0.444382
0.0171459 -0.245313 0.00280589 -0.444382
0.0170945 -0.248222 0.00252382 -0.444382
0.0170432 -0.24707 0.00249863 -0.444382
0.0169921 -0.246993 0.00252271 -0.444382
0.0169411 -0.250493 0.00254206 -0.444382
0.0168903 -0.250493 0.00286354 -0.444382
0.0168396 -0.250474 0.00227071 -0.444382
0.0167891 -0.250258 0.00253232 -0.444382
0.0167387 -0.249073 0.00239517 -0.444382
0.0166885 -0.247414 0.00257521 -0.444382
0.0166384 -0.246535 0.00251278 -0.444382
0.0165885 -0.247732 0.00255765 -0.444382
0.0165387 -0.241053 0.00292855 -0.444382
0.0164891 -0.250219 0.00255786 -0.444382
0.0164397 -0.247396 0.00286546 -0.444382
0.0163903 -0.249801 0.00264871 -0.444382
0.0163412 -0.248145 0.00256927 -0.444382
0.0162922 -0.248864 0.0024495 -0.444382
0.0162433 -0.24344 0.00354227 -0.444382
0.0161945 -0.247653 0.00265923 -0.444382
0.016146 -0.244559 0.00313485 -0.444382
0.0160975 -0.243818 0.0027447 -0.444382
0.0160492 -0.253377 0.00243782 -0.444382
0.0160011 -0.250848 0.00253605 -0.444382
0.0159531 -0.24529 0.00246587 -0.444382
0.0159052 -0.252537 0.00260859 -0.444382
0.0158575 -0.252537 0.00271217 -0.444382
0.0158099 -0.252537 0.00243577 -0.444382
0.0157625 -0.245629 0.00265347 -0.444382
0.0157152 -0.253067 0.00241293 -0.444382
0.0156681 -0.24653 0.00250327 -0.444382
0.0156211 -0.250961 0.00254087 -0.444382
0.0155742 -0.248339 0.00263998 -0.444382
0.0155275 -0.248339 0.00289513 -0.444382
0.0154809 -0.251076 0.00252365 -0.444382
0.0154345 -0.250197 0.00260741 -0.444382
0.0153882 -0.252055 0.00250697 -0.444382
0.015342 -0.252055 0.00253042 -0.444382
0.015296 -0.252055 0.00242727 -0.444382
0.0152501 -0.249264 0.00239458 -0.444382
0.0152043 -0.24653 0.00268315 -0.444382
0.0151587 -0.24804 0.00258374 -0.444382
0.0151132 -0.247893 0.00246259 -0.444382
0.0150679 -0.247514 0.00251532 -0.444382
0.0150227 -0.2505 0.00250626 -0.444382
0.0149776 -0.247121 0.00261824 -0.444382
0.0149327 -0.24926 0.00255585 -0.444382
0.0148879 -0.251931 0.00247038 -0.444382
0.0148432 -0.251499 0.00273502 -0.444382
0.0147987 -0.24815 0.00315155 -0.444382
0.0147543 -0.250255 0.00250286 -0.444382
0.01471 -0.251559 0.0024903 -0.444382
0.0146659 -0.251408 0.00248261 -0.444382
0.0146219 -0.251408 0.00259202 -0.444382
0.014578 -0.246987 0.00251534 -0.444382
0.0145343 -0.248093 0.00256487 -0.444382
0.0144907 -0.250513 0.00239275 -0.444382
0.0144472 -0.246701 0.0027904 -0.444382
0.0144039 -0.24794 0.00245701 -0.444382
0.0143607 -0.246884 0.00275535 -0.444382
0.0143176 -0.2463 0.00258887 -0.444382
0.0142746 -0.249419 0.00276357 -0.444382
0.0142318 -0.244209 0.00282297 -0.444382
0.0141891 -0.241303 0.00274248 -0.444382
0.0141466 -0.244772 0.00273958 -0.444382
0.0141041 -0.247957 0.00259065 -0.444382
0.0140618 -0.246327 0.00266375 -0.444382
0.0140196 -0.251478 0.00253251 -0.444382
0.0139776 -0.251478 0.00271489 -0.444382
0.0139356 -0.24884 0.00255544 -0.444382
0.0138938 -0.249049 0.00251207 -0.444382
0.0138521 -0.247083 0.0025431 -0.444382
0.0138106 -0.248136 0.00263276 -0.444382
0.0137692 -0.246791 0.00266153 -0.444382
0.0137278 -0.246791 0.00279085 -0.444382
0.0136867 -0.24881 0.00253895 -0.444382
0.0136456 -0.24881 0.00285512 -0.444382
0.0136047 -0.248701 0.00257663 -0.444382
0.0135639 -0.246231 0.00265885 -0.444382
0.0135232 -0.246283 0.003 -0.444382
0.0134826 -0.250404 0.00247098 -0.444382
0.0134421 -0.2487 0.00251468 -0.444382
0.0134018 -0.243743 0.00297059 -0.444382
0.0133616 -0.243037 0.00268417 -0.444382
0.0133215 -0.247785 0.00259941 -0.444382
0.0132816 -0.247785 0.00308938 -0.444382
0.0132417 -0.249179 0.0027516 -0.444382
0.013202 -0.245402 0.00268552 -0.444382
0.0131624 -0.244968 0.00280299 -0.444382
0.0131229 -0.248194 0.00254212 -0.444382
0.0130835 -0.248194 0.00310124 -0.444382
0.0130443 -0.249352 0.00273199 -0.444382
0.0130051 -0.245696 0.00262975 -0.444382
0.0129661 -0.24709 0.0028588 -0.444382
0.0129272 -0.246103 0.00293291 -0.444382
0.0128885 -0.241888 0.00308711 -0.444382
0.0128498 -0.244698 0.00273647 -0.444382
0.0128112 -0.241024 0.00276125 -0.444382
0.0127728 -0.242882 0.00288202 -0.444382
0.0127345 -0.245745 0.00280551 -0.444382
0.0126963 -0.250189 0.00276442 -0.444382
0.0126582 -0.250847 0.00250874 -0.444382
0.0126202 -0.248844 0.00258937 -0.444382
0.0125824 -0.244942 0.00266789 -0.444382
0.0125446 -0.247256 0.00265897 -0.444382
0.012507 -0.247256 0.00268993 -0.444382
0.0124695 -0.245825 0.00268699 -0.444382
0.012432 -0.246839 0.00282828 -0.444382
0.0123948 -0.243144 0.00255394 -0.444382
0.0123576 -0.245171 0.00287885 -0.444382
0.0123205 -0.24652 0.00253878 -0.444382
0.0122835 -0.245699 0.002543 -0.444382
0.0122467 -0.246899 0.00269429 -0.444382
0.0122099 -0.249792 0.00259645 -0.444382
0.0121733 -0.249792 0.00323045 -0.444382
0.0121368 -0.249289 0.00257805 -0.444382
0.0121004 -0.247337 0.00263653 -0.444382
0.0120641 -0.248944 0.0026501 -0.444382
0.0120279 -0.247819 0.00247698 -0.444382
0.0119918 -0.247819 0.00263034 -0.444382
0.0119558 -0.242788 0.00271375 -0.444382
0.01192 -0.246375 0.00272709 -0.444382
0.0118842 -0.246418 0.00267246 -0.444382
0.0118486 -0.24811 0.00257967 -0.444382
0.011813 -0.248076 0.00249476 -0.444382
0.0117776 -0.253845 0.00237163 -0.444382
0.0117422 -0.253845 0.00251076 -0.444382
0.011707 -0.24883 0.0026687 -0.444382
0.0116719 -0.249852 0.00232632 -0.444382
0.0116369 -0.243987 0.00259928 -0.444382
0.011602 -0.245873 0.00280679 -0.444382
0.0115672 -0.250685 0.00248691 -0.444382
0.0115325 -0.250685 0.00284318 -0.444382
0.0114979 -0.247207 0.00258889 -0.444382
0.0114634 -0.247367 0.00285211 -0.444382
0.011429 -0.246781 0.00269794 -0.444382
0.0113947 -0.245923 0.00301668 -0.444382
0.0113605 -0.248501 0.00242007 -0.444382
0.0113264 -0.248128 0.00267237 -0.444382
0.0112924 -0.245925 0.00283907 -0.444382
0.0112586 -0.245189 0.00257573 -0.444382
0.0112248 -0.244947 0.00266597 -0.444382
0.0111911 -0.244106 0.0027741 -0.444382
0.0111575 -0.244008 0.0028808 -0.444382
0.0111241 -0.245267 0.00261809 -0.444382
0.0110907 -0.246131 0.00272733 -0.444382
0.0110574 -0.243972 0.00276513 -0.444382
0.0110242 -0.241817 0.0029599 -0.444382
0.0109912 -0.241622 0.00315971 -0.444382
0.0109582 -0.250123 0.00259239 -0.444382
0.0109253 -0.250123 0.00274283 -0.444382
0.0108926 -0.250123 0.0030017 -0.444382
0.0108599 -0.243145 0.00275876 -0.444382
0.0108273 -0.243051 0.00265588 -0.444382
0.0107948 -0.247576 0.00271216 -0.444382
0.0107624 -0.250139 0.00261218 -0.444382
0.0107301 -0.250139 0.00262673 -0.444382
0.010698 -0.246689 0.00280533 -0.444382
0.0106659 -0.246689 0.00282574 -0.444382
0.0106339 -0.247142 0.00279717 -0.444382
0.010602 -0.243897 0.00283918 -0.444382
0.0105702 -0.241829 0.00311057 -0.444382
0.0105384 -0.2436 0.0029362 -0.444382
0.0105068 -0.241946 0.00290899 -0.444382
0.0104753 -0.249913 0.0025767 -0.444382
0.0104439 -0.249113 0.00256029 -0.444382
0.0104125 -0.244737 0.00282529 -0.444382
0.0103813 -0.246351 0.00288619 -0.444382
0.0103502 -0.248511 0.00274707 -0.444382
0.0103191 -0.248511 0.00307864 -0.444382
0.0102882 -0.245809 0.00264356 -0.444382
0.0102573 -0.243027 0.0030805 -0.444382
0.0102265 -0.248392 0.00259706 -0.444382
0.0101958 -0.249387 0.00276813 -0.444382
0.0101653 -0.249387 0.00263397 -0.444382
0.0101348 -0.246408 0.00268575 -0.444382
0.0101044 -0.248577 0.00241107 -0.444382
0.010074 -0.248577 0.00251788 -0.444382
0.0100438 -0.250182 0.00266347 -0.444382
0.0100137 -0.247164 0.00262828 -0.444382
