0 -0.461215 0
1 -0.465622 0.00440678
2 -0.464737 0.00269392
3 -0.456044 0.00889872
4 -0.451379 0.00832303
5 -0.447735 0.00771134
6 -0.445175 0.00700175
7 -0.446501 0.00620689
8 -0.443659 0.00616798
9 -0.441628 0.00587858
10 -0.444161 0.00588975
11 -0.440342 0.00659461
12 -0.443324 0.00675929
13 -0.44572 0.0067008
14 -0.444527 0.00635111
15 -0.444009 0.00596345
16 -0.442386 0.00583203
17 -0.442133 0.00550433
18 -0.439773 0.00571625
19 -0.439891 0.00542419
20 -0.440434 0.00518797
21 -0.440683 0.00495278
22 -0.442263 0.00498939
23 -0.441704 0.00480956
24 -0.441054 0.00465875
25 -0.441275 0.00448143
26 -0.441324 0.00431253
27 -0.441743 0.00417672
28 -0.441024 0.00409376
29 -0.44178 0.00402658
30 -0.440535 0.00408868
31 -0.440696 0.00396213
32 -0.440647 0.00384051
33 -0.440818 0.00372979
34 -0.439978 0.00371784
35 -0.440015 0.00361328
36 -0.440277 0.00352396
37 -0.439741 0.00347158
38 -0.440286 0.003425
39 -0.440885 0.00339161
40 -0.440615 0.00331887
41 -0.440891 0.0032507
42 -0.440792 0.00317576
43 -0.441414 0.00316451
44 -0.441864 0.00312599
45 -0.442291 0.00308694
46 -0.442329 0.00302078
47 -0.442448 0.00295957
48 -0.442556 0.00290055
49 -0.442669 0.00284422
50 -0.441656 0.00296627
51 -0.442109 0.00294372
52 -0.442068 0.00288793
53 -0.441988 0.00283509
54 -0.441662 0.00280206
55 -0.440962 0.00283937
56 -0.440984 0.0027892
57 -0.441199 0.00274917
58 -0.441646 0.00273882
59 -0.440733 0.00284342
60 -0.441384 0.00287127
61 -0.442016 0.00289438
62 -0.442245 0.0028573
63 -0.441997 0.00282325
64 -0.442204 0.00278716
65 -0.442193 0.00274463
66 -0.442171 0.00270344
67 -0.441873 0.00267998
68 -0.440997 0.00278234
69 -0.440367 0.00281366
70 -0.440575 0.00278147
71 -0.440991 0.002774
72 -0.440809 0.00274177
73 -0.440425 0.00273163
74 -0.44051 0.0026963
75 -0.440778 0.00267406
76 -0.440489 0.0026548
77 -0.440413 0.00262166
78 -0.440294 0.00259099
79 -0.440771 0.00260253
80 -0.43967 0.00279609
81 -0.439773 0.00276369
82 -0.439655 0.0027327
83 -0.43943 0.00270932
84 -0.439247 0.00268355
85 -0.439342 0.00265386
86 -0.439343 0.00262318
87 -0.439568 0.0026029
88 -0.439298 0.00258754
89 -0.439404 0.0025608
90 -0.439718 0.00255187
91 -0.439492 0.00253405
92 -0.439748 0.00251965
93 -0.440106 0.00251828
94 -0.440031 0.00249274
95 -0.439991 0.00246697
96 -0.439611 0.00247074
97 -0.439873 0.00245942
98 -0.440181 0.00245379
99 -0.440238 0.00242981
100 -0.440206 0.00240584
101 -0.439956 0.00239523
102 -0.439886 0.00237291
103 -0.43946 0.00238828
104 -0.439487 0.00236558
105 -0.439597 0.00234575
106 -0.439549 0.00232423
107 -0.439872 0.0023252
108 -0.439765 0.00230629
109 -0.440191 0.00232474
110 -0.440208 0.00230376
111 -0.440148 0.00228389
112 -0.440557 0.00230041
113 -0.440551 0.00228015
114 -0.440256 0.0022794
115 -0.440357 0.00226192
116 -0.440383 0.00224265
117 -0.440223 0.00222934
118 -0.440092 0.00221439
119 -0.44002 0.00219705
120 -0.44002 0.00217882
121 -0.439959 0.00216176
122 -0.439594 0.00217498
123 -0.439435 0.00216317
124 -0.439392 0.00214624
125 -0.439471 0.00213061
126 -0.439445 0.00211392
127 -0.439534 0.00209925
128 -0.439315 0.0020944
129 -0.439458 0.00208312
130 -0.439211 0.0020818
131 -0.439328 0.00206924
132 -0.439154 0.00206097
133 -0.439162 0.00204554
134 -0.439483 0.00205555
135 -0.439563 0.00204193
136 -0.439461 0.00202952
137 -0.439587 0.00201873
138 -0.439506 0.00200582
139 -0.439614 0.00199434
140 -0.439586 0.00198034
141 -0.439726 0.00197134
142 -0.439649 0.00195902
143 -0.439813 0.00195227
144 -0.439856 0.00193924
145 -0.439934 0.00192746
146 -0.439975 0.00191475
147 -0.440016 0.00190221
148 -0.440219 0.00190028
149 -0.440445 0.0019011
150 -0.440523 0.00189007
151 -0.440591 0.00187881
152 -0.440535 0.00186733
153 -0.440677 0.00186065
154 -0.440661 0.00184868
155 -0.440652 0.00183681
156 -0.440708 0.00182596
157 -0.440438 0.00183443
158 -0.440568 0.00182753
159 -0.440697 0.00182063
160 -0.440473 0.00182316
161 -0.440527 0.00181269
162 -0.440701 0.00180994
163 -0.44051 0.00180907
164 -0.44039 0.00180206
165 -0.440613 0.00180505
166 -0.440719 0.00179733
167 -0.440965 0.00180339
168 -0.440925 0.00179313
169 -0.441121 0.00179337
170 -0.440983 0.00178824
171 -0.441084 0.00178072
172 -0.441025 0.00177137
173 -0.440967 0.00176214
174 -0.440963 0.00175204
175 -0.441043 0.00174388
176 -0.440211 0.00192324
177 -0.44024 0.00191262
178 -0.440417 0.00191013
179 -0.440294 0.00190347
180 -0.440457 0.00189992
181 -0.440584 0.0018937
182 -0.440423 0.00189017
183 -0.440528 0.00188283
184 -0.44055 0.00187275
185 -0.440644 0.001865
186 -0.440728 0.00185689
187 -0.440974 0.00186341
188 -0.440927 0.00185413
189 -0.441095 0.00185196
190 -0.441141 0.0018428
191 -0.440499 0.0019421
192 -0.440502 0.00193201
193 -0.440587 0.00192393
194 -0.440693 0.00191696
195 -0.440662 0.0019074
196 -0.440568 0.00190004
197 -0.440737 0.00189802
198 -0.440912 0.00189648
199 -0.44101 0.00188952
200 -0.441102 0.00188234
201 -0.441093 0.00187301
202 -0.44116 0.00186497
203 -0.44098 0.0018646
204 -0.440986 0.00185549
205 -0.441033 0.00184707
206 -0.441138 0.0018411
207 -0.441086 0.00183295
208 -0.441249 0.00183143
209 -0.441263 0.00182274
210 -0.441326 0.00181516
211 -0.441389 0.00180767
212 -0.441436 0.00179979
213 -0.441386 0.00179205
214 -0.441359 0.00178391
215 -0.441531 0.00178398
216 -0.441559 0.00177596
217 -0.44162 0.00176885
218 -0.441647 0.00176096
219 -0.441759 0.00175648
220 -0.441617 0.00175421
221 -0.441386 0.00176159
222 -0.44132 0.00175489
223 -0.441415 0.00174959
224 -0.441334 0.00174365
225 -0.440904 0.00178845
226 -0.440997 0.00178296
227 -0.441004 0.00177514
228 -0.441106 0.00177029
229 -0.441232 0.00176711
230 -0.441316 0.00176145
231 -0.441463 0.00175998
232 -0.441497 0.00175272
233 -0.441458 0.00174564
234 -0.441648 0.00174859
235 -0.441639 0.00174119
236 -0.441826 0.00174392
237 -0.441734 0.00173904
238 -0.441842 0.00173512
239 -0.441915 0.00172943
240 -0.441707 0.00173475
241 -0.441791 0.00172963
242 -0.44158 0.00173542
243 -0.441577 0.00172829
244 -0.441666 0.00172351
245 -0.441675 0.00171651
246 -0.441574 0.00171256
247 -0.441559 0.00170571
248 -0.441335 0.00171346
249 -0.441393 0.00170755
250 -0.441433 0.00170123
251 -0.441474 0.00169494
252 -0.441541 0.00168957
253 -0.441582 0.00168341
254 -0.441382 0.00168871
255 -0.441467 0.00168424
256 -0.441481 0.00167773
257 -0.441414 0.00167256
258 -0.441303 0.00166978
259 -0.441495 0.00167435
260 -0.441618 0.00167249
261 -0.441618 0.00166609
262 -0.441605 0.0016598
263 -0.441609 0.0016535
264 -0.441613 0.00164726
265 -0.441726 0.00164493
266 -0.441826 0.00164181
267 -0.441809 0.00163577
268 -0.441883 0.00163139
269 -0.441888 0.00162535
270 -0.441664 0.0016348
271 -0.441733 0.00163025
272 -0.441678 0.00162522
273 -0.441774 0.00162216
274 -0.441836 0.00161741
275 -0.441932 0.00161441
276 -0.442132 0.001621
277 -0.44214 0.00161518
278 -0.442083 0.00161039
279 -0.442108 0.00160482
280 -0.442089 0.00159921
281 -0.442105 0.00159361
282 -0.44224 0.00159368
283 -0.442297 0.00158907
284 -0.442391 0.0015863
285 -0.442363 0.00158101
286 -0.442344 0.0015756
287 -0.442405 0.0015713
288 -0.442406 0.00156586
289 -0.442356 0.00156127
290 -0.442283 0.00155758
291 -0.442315 0.00155257
292 -0.442355 0.00154777
293 -0.442304 0.00154333
294 -0.442341 0.00153853
295 -0.442299 0.00153389
296 -0.442345 0.0015294
297 -0.442236 0.00152813
298 -0.442054 0.00153395
299 -0.442188 0.00153474
300 -0.442262 0.0015314
301 -0.442276 0.00152638
302 -0.442168 0.00152517
303 -0.442263 0.00152312
304 -0.442187 0.00152003
305 -0.4422 0.00151511
306 -0.44218 0.0015103
307 -0.442143 0.00150584
308 -0.442203 0.00150215
309 -0.44219 0.00149735
310 -0.442212 0.00149268
311 -0.442272 0.00148911
312 -0.442177 0.00148741
313 -0.442223 0.00148338
314 -0.442323 0.00148209
315 -0.44223 0.00148035
316 -0.442308 0.00147775
317 -0.442403 0.00147614
318 -0.442513 0.00147563
319 -0.442515 0.00147101
320 -0.442513 0.00146642
321 -0.44268 0.0014713
322 -0.442555 0.00147201
323 -0.442481 0.00146935
324 -0.442522 0.00146542
325 -0.442534 0.00146096
326 -0.442556 0.00145666
327 -0.44262 0.00145361
328 -0.442533 0.00145178
329 -0.442539 0.00144738
330 -0.442222 0.00147727
331 -0.442197 0.00147303
332 -0.442213 0.00146869
333 -0.442197 0.00146437
334 -0.442266 0.00146162
335 -0.44231 0.00145794
336 -0.442398 0.00145625
337 -0.442399 0.00145194
338 -0.442164 0.00146652
339 -0.442184 0.00146233
340 -0.44222 0.00145849
341 -0.442245 0.00145443
342 -0.442348 0.00145386
343 -0.442287 0.00145092
344 -0.442288 0.00144671
345 -0.442269 0.00144265
346 -0.442004 0.00146277
347 -0.442087 0.00146096
348 -0.442102 0.00145684
349 -0.44211 0.00145269
350 -0.442056 0.00144956
351 -0.442057 0.00144544
352 -0.442054 0.00144134
353 -0.4421 0.00143802
354 -0.442136 0.00143442
355 -0.442165 0.00143066
356 -0.442267 0.00143034
357 -0.442093 0.00143699
358 -0.442131 0.00143349
359 -0.442177 0.00143025
360 -0.442164 0.00142634
361 -0.44224 0.00142445
362 -0.442181 0.00142174
363 -0.442217 0.00141828
364 -0.442255 0.00141489
365 -0.442295 0.00141159
366 -0.4423 0.00140774
367 -0.442219 0.00140623
368 -0.44227 0.00140334
369 -0.442325 0.00140059
370 -0.442349 0.00139702
371 -0.442361 0.00139331
372 -0.442387 0.00138982
373 -0.442371 0.0013862
374 -0.442314 0.00138367
375 -0.44234 0.00138023
376 -0.442412 0.00137847
377 -0.442447 0.00137526
378 -0.442462 0.00137171
379 -0.4425 0.00136861
380 -0.442553 0.00136606
381 -0.442448 0.00136656
382 -0.442428 0.00136313
383 -0.442458 0.00135989
384 -0.442369 0.00135925
385 -0.442462 0.00135894
386 -0.442517 0.00135654
387 -0.442553 0.00135351
388 -0.442564 0.00135007
389 -0.442424 0.00135384
390 -0.442364 0.00135171
391 -0.442422 0.00134951
392 -0.442448 0.00134632
393 -0.442424 0.00134311
394 -0.442469 0.00134047
395 -0.442535 0.00133871
396 -0.442432 0.00133927
397 -0.442431 0.00133591
398 -0.442346 0.00133524
399 -0.442346 0.0013319
400 -0.442333 0.00132863
401 -0.442272 0.00132674
402 -0.442255 0.00132355
403 -0.4423 0.00132101
404 -0.442203 0.00132128
405 -0.442199 0.00131803
406 -0.442128 0.0013167
407 -0.442171 0.00131417
408 -0.442187 0.00131105
409 -0.442096 0.00131104
410 -0.442069 0.00130812
411 -0.442068 0.00130494
412 -0.442077 0.00130181
413 -0.442165 0.00130162
414 -0.442098 0.00130024
415 -0.442115 0.00129723
416 -0.442141 0.00129438
417 -0.442118 0.0012915
418 -0.442145 0.00128869
419 -0.442244 0.00128943
420 -0.442201 0.00128708
421 -0.442275 0.00128618
422 -0.442325 0.00128409
423 -0.44226 0.00128267
424 -0.44233 0.00128156
425 -0.442331 0.00127855
426 -0.442335 0.00127556
427 -0.442361 0.00127285
428 -0.442293 0.00127169
429 -0.442317 0.00126895
430 -0.442239 0.0012684
431 -0.442288 0.0012664
432 -0.44232 0.00126389
433 -0.442342 0.00126116
434 -0.442421 0.00126077
435 -0.44236 0.00125936
436 -0.44241 0.00125746
437 -0.4424 0.00125463
438 -0.442271 0.00125835
439 -0.442298 0.00125578
440 -0.442312 0.00125301
441 -0.442346 0.00125061
442 -0.442283 0.00124936
443 -0.442371 0.00124963
444 -0.442367 0.00124683
445 -0.442315 0.00124508
446 -0.442355 0.00124294
447 -0.442393 0.00124074
448 -0.442362 0.00123836
449 -0.442362 0.00123561
450 -0.442421 0.00123427
451 -0.442456 0.00123204
452 -0.442506 0.00123034
453 -0.442547 0.0012283
454 -0.442494 0.00122674
455 -0.442531 0.00122459
456 -0.442567 0.00122246
457 -0.442625 0.00122113
458 -0.442722 0.00122238
459 -0.44283 0.00122447
460 -0.442887 0.00122313
461 -0.442817 0.00122249
462 -0.442831 0.00121993
463 -0.44292 0.00122054
464 -0.442951 0.00121831
465 -0.442739 0.001234
466 -0.442781 0.00123205
467 -0.442823 0.00123014
468 -0.442853 0.00122788
469 -0.442916 0.00122685
470 -0.442983 0.0012261
471 -0.443009 0.00122377
472 -0.443031 0.00122138
473 -0.443019 0.00121886
474 -0.443002 0.00121641
475 -0.442997 0.00121386
476 -0.443068 0.0012134
477 -0.443056 0.00121092
478 -0.443003 0.00120954
479 -0.442979 0.00120728
480 -0.442981 0.00120477
481 -0.442882 0.00120636
482 -0.442905 0.00120408
483 -0.442871 0.00120208
484 -0.442841 0.00119998
485 -0.442876 0.00119802
486 -0.442828 0.00119652
487 -0.442844 0.00119418
488 -0.44291 0.00119355
489 -0.442901 0.00119114
490 -0.442946 0.00118955
491 -0.442997 0.00118825
492 -0.443009 0.00118589
493 -0.443045 0.00118405
494 -0.443055 0.0011817
495 -0.443096 0.00118003
496 -0.443059 0.00117825
497 -0.443045 0.00117597
498 -0.443021 0.00117386
499 -0.443092 0.00117365
500 -0.443069 0.00117152
501 -0.443115 0.00117009
502 -0.443172 0.00116913
503 -0.443132 0.00116749
504 -0.443137 0.00116518
505 -0.443068 0.00116491
506 -0.443066 0.00116261
507 -0.443093 0.00116063
508 -0.443106 0.00115843
509 -0.44307 0.00115671
510 -0.443066 0.00115445
511 -0.443057 0.00115223
512 -0.443033 0.00115024
513 -0.443012 0.00114818
514 -0.443023 0.001146
515 -0.443041 0.00114392
516 -0.442986 0.00114299
517 -0.442944 0.00114157
518 -0.442974 0.00113976
519 -0.442985 0.00113762
520 -0.442961 0.00113568
521 -0.442972 0.00113356
522 -0.442989 0.00113151
523 -0.443026 0.00112997
524 -0.442959 0.00112981
525 -0.442959 0.00112766
526 -0.442998 0.00112621
527 -0.443024 0.00112437
528 -0.443109 0.00112543
529 -0.443134 0.00112359
530 -0.443127 0.00112149
531 -0.443095 0.00111985
532 -0.443047 0.00111876
533 -0.443069 0.00111687
534 -0.443041 0.00111513
535 -0.443006 0.00111359
536 -0.443018 0.00111158
537 -0.442971 0.0011105
538 -0.442972 0.00110844
539 -0.44299 0.00110653
540 -0.442847 0.00111361
541 -0.442866 0.00111171
542 -0.442871 0.00110967
543 -0.442874 0.00110764
544 -0.442863 0.00110565
545 -0.442833 0.00110405
546 -0.442872 0.00110272
547 -0.442869 0.00110072
548 -0.442888 0.00109888
549 -0.44281 0.00109967
550 -0.442818 0.0010977
551 -0.442867 0.0010968
552 -0.442899 0.00109527
553 -0.442914 0.0010934
554 -0.442918 0.00109143
555 -0.442812 0.00109457
556 -0.442756 0.00109408
557 -0.442766 0.00109217
558 -0.44277 0.00109022
559 -0.44275 0.00108847
560 -0.442724 0.00108683
561 -0.44274 0.00108503
562 -0.442785 0.00108403
563 -0.442787 0.00108211
564 -0.442822 0.00108075
565 -0.442883 0.00108056
566 -0.442908 0.00107895
567 -0.442872 0.00107765
568 -0.442917 0.00107672
569 -0.44292 0.00107483
570 -0.442883 0.00107359
571 -0.442902 0.00107188
572 -0.442935 0.00107052
573 -0.442952 0.00106879
574 -0.443028 0.00106964
575 -0.443041 0.00106787
576 -0.443025 0.00106615
577 -0.443049 0.00106457
578 -0.443067 0.0010629
579 -0.443023 0.00106199
580 -0.443065 0.00106099
581 -0.443074 0.00105921
582 -0.443108 0.00105795
583 -0.443211 0.00106116
584 -0.443228 0.00105947
585 -0.443247 0.00105784
586 -0.443254 0.00105606
587 -0.44329 0.00105488
588 -0.443268 0.00105333
589 -0.443263 0.00105155
590 -0.443272 0.00104981
591 -0.443274 0.00104804
592 -0.443284 0.00104631
593 -0.443368 0.00104793
594 -0.443383 0.00104628
595 -0.443444 0.00104632
596 -0.443406 0.00104527
597 -0.443398 0.00104355
598 -0.443447 0.00104292
599 -0.443466 0.00104135
600 -0.443504 0.00104032
601 -0.443493 0.00103865
602 -0.443454 0.00103765
603 -0.44342 0.00103648
604 -0.443446 0.00103507
605 -0.443234 0.00105487
606 -0.443257 0.00105339
607 -0.443343 0.00105517
608 -0.44334 0.00105344
609 -0.443379 0.00105244
610 -0.443398 0.00105089
611 -0.443413 0.00104928
612 -0.443436 0.00104782
613 -0.443417 0.00104629
614 -0.443438 0.00104481
615 -0.443454 0.00104324
616 -0.443511 0.0010431
617 -0.443479 0.00104191
618 -0.44347 0.00104027
619 -0.443439 0.00103904
620 -0.443457 0.00103751
621 -0.443466 0.00103588
622 -0.44345 0.00103434
623 -0.443435 0.00103278
624 -0.443409 0.00103146
625 -0.44343 0.00103002
626 -0.443445 0.0010285
627 -0.443402 0.00102777
628 -0.443389 0.00102622
629 -0.443435 0.00102561
630 -0.443447 0.00102406
631 -0.443486 0.00102316
632 -0.44346 0.00102186
633 -0.443496 0.00102087
634 -0.443531 0.00101986
635 -0.44356 0.00101868
636 -0.44354 0.00101728
637 -0.443541 0.00101568
638 -0.443637 0.00101862
639 -0.443568 0.00101936
640 -0.443558 0.00101781
641 -0.443594 0.00101687
642 -0.443679 0.00101881
643 -0.443692 0.00101731
644 -0.443714 0.00101598
645 -0.443753 0.00101516
646 -0.443773 0.00101378
647 -0.443803 0.00101267
648 -0.44375 0.00101252
649 -0.443691 0.00101266
650 -0.443737 0.00101217
651 -0.443779 0.00101147
652 -0.443792 0.00101
653 -0.443829 0.00100916
654 -0.443823 0.00100764
655 -0.443845 0.00100635
656 -0.443851 0.00100483
657 -0.443868 0.00100344
658 -0.443903 0.00100254
659 -0.443857 0.0010021
660 -0.443875 0.00100075
661 -0.44392 0.00100025
662 -0.443846 0.00100149
663 -0.443842 0.000999989
664 -0.443869 0.000998844
665 -0.443881 0.000997422
666 -0.443939 0.000997589
667 -0.443965 0.000996437
668 -0.443962 0.000994952
669 -0.443976 0.000993563
670 -0.444037 0.00099395
671 -0.44398 0.000994115
672 -0.443996 0.000992773
673 -0.444013 0.000991446
674 -0.444029 0.000990097
675 -0.444015 0.000988727
676 -0.44398 0.000987894
677 -0.443996 0.000986573
678 -0.443978 0.000985288
679 -0.443973 0.000983848
680 -0.443946 0.000982779
681 -0.443977 0.000981823
682 -0.443981 0.000980391
683 -0.444001 0.000979157
684 -0.443979 0.00097796
685 -0.443999 0.000976737
686 -0.443998 0.000975314
687 -0.44403 0.000974397
688 -0.444006 0.000973283
689 -0.443952 0.000973369
690 -0.443973 0.0009722
691 -0.443957 0.000970932
692 -0.44397 0.000969622
693 -0.443936 0.000968842
694 -0.443945 0.000967491
695 -0.443929 0.000966225
696 -0.44391 0.000965033
697 -0.443953 0.000964601
698 -0.443964 0.000963285
699 -0.44396 0.000961916
700 -0.443945 0.000960655
701 -0.443948 0.00095929
702 -0.443966 0.000958083
703 -0.44397 0.000956732
704 -0.443901 0.000957859
705 -0.443893 0.000956538
706 -0.443928 0.000955822
707 -0.443961 0.000955035
708 -0.443935 0.000954029
709 -0.443769 0.000967031
710 -0.443767 0.000965673
711 -0.443794 0.000964704
712 -0.443782 0.000963427
713 -0.443714 0.000964479
714 -0.443751 0.000963842
715 -0.443758 0.00096252
716 -0.443715 0.000962119
717 -0.443717 0.000960781
718 -0.443678 0.000960236
719 -0.443691 0.000958988
720 -0.443756 0.000959858
721 -0.443774 0.000958689
722 -0.443829 0.000958968
723 -0.443824 0.000957657
724 -0.44379 0.000956928
725 -0.443804 0.000955712
726 -0.443802 0.0009544
727 -0.443791 0.000953142
728 -0.443699 0.000956356
729 -0.443701 0.000955047
730 -0.443752 0.000955119
731 -0.443785 0.000954386
732 -0.443784 0.000953084
733 -0.443827 0.000952774
734 -0.443814 0.000951571
735 -0.443843 0.000950715
736 -0.443882 0.00095025
737 -0.443866 0.000949101
738 -0.443905 0.000948609
739 -0.443912 0.000947349
740 -0.443893 0.000946245
741 -0.443902 0.000945012
742 -0.443872 0.000944219
743 -0.443848 0.000943255
744 -0.443892 0.000942995
745 -0.443934 0.000942669
746 -0.443914 0.000941625
747 -0.443927 0.000940464
748 -0.443929 0.000939209
749 -0.443908 0.000938195
750 -0.443883 0.000937279
751 -0.443862 0.000936257
752 -0.443893 0.000935523
753 -0.443893 0.000934282
754 -0.44383 0.000935187
755 -0.443806 0.000934241
756 -0.443796 0.000933066
757 -0.443841 0.000932949
758 -0.443857 0.000931843
759 -0.443872 0.000930747
760 -0.443919 0.000930674
761 -0.443907 0.000929523
762 -0.443899 0.000928337
763 -0.443901 0.000927123
764 -0.443943 0.000926862
765 -0.443983 0.000926522
766 -0.444003 0.000925528
767 -0.443972 0.000924828
768 -0.443979 0.000923652
769 -0.443961 0.000922633
770 -0.443943 0.000921606
771 -0.443952 0.000920456
772 -0.443924 0.000919701
773 -0.443899 0.000918845
774 -0.443922 0.000917941
775 -0.443885 0.000917496
776 -0.4439 0.000916442
777 -0.443879 0.000915513
778 -0.443909 0.000914836
779 -0.443911 0.000913664
780 -0.443887 0.000912813
781 -0.4439 0.000911742
782 -0.443823 0.000913779
783 -0.443863 0.000913465
784 -0.443818 0.000913387
785 -0.443803 0.000912352
786 -0.443815 0.000911274
787 -0.443839 0.00091043
788 -0.443852 0.000909359
789 -0.443847 0.00090822
790 -0.443853 0.000907093
791 -0.443859 0.000905969
792 -0.443888 0.000905273
793 -0.443861 0.000904519
794 -0.443852 0.000903425
795 -0.443885 0.000902895
796 -0.443907 0.000902025
797 -0.443925 0.000901073
798 -0.443903 0.000900222
799 -0.443887 0.000899227
800 -0.443898 0.000898162
801 -0.443952 0.000898675
802 -0.443939 0.000897644
803 -0.443957 0.000896699
804 -0.443944 0.000895674
805 -0.443964 0.000894776
806 -0.443926 0.000894446
807 -0.443923 0.000893344
808 -0.443966 0.000893291
809 -0.443994 0.000892622
810 -0.444019 0.000891858
811 -0.444015 0.000890767
812 -0.444011 0.000889679
813 -0.443999 0.000888664
814 -0.443926 0.000890585
815 -0.44393 0.000889501
816 -0.44395 0.00088864
817 -0.443972 0.000887825
818 -0.443932 0.000887638
819 -0.443937 0.00088657
820 -0.443952 0.00088561
821 -0.443958 0.000884551
822 -0.443906 0.000884973
823 -0.443919 0.000883991
824 -0.443913 0.000882942
825 -0.443876 0.000882648
826 -0.44389 0.000881704
827 -0.443906 0.000880779
828 -0.4439 0.00087974
829 -0.443892 0.000878712
830 -0.443884 0.00087769
831 -0.443889 0.000876646
832 -0.443879 0.000875647
833 -0.443867 0.000874674
834 -0.443883 0.000873773
835 -0.4437 0.000891706
836 -0.443707 0.000890668
837 -0.443717 0.000889661
838 -0.443697 0.000888838
839 -0.443738 0.000888743
840 -0.443703 0.000888396
841 -0.44373 0.000887767
842 -0.443721 0.000886763
843 -0.4437 0.000885959
844 -0.443732 0.000885488
845 -0.443707 0.000884786
846 -0.443764 0.000885561
847 -0.443769 0.000884532
848 -0.443785 0.00088364
849 -0.443801 0.000882741
850 -0.443809 0.000881741
851 -0.443789 0.000880949
852 -0.443792 0.000879921
853 -0.443799 0.00087892
854 -0.44377 0.000878377
855 -0.443687 0.000881216
856 -0.44371 0.000880474
857 -0.443716 0.000879467
858 -0.443718 0.000878444
859 -0.443737 0.000877646
860 -0.443733 0.000876636
861 -0.44371 0.000875925
862 -0.443727 0.000875065
863 -0.443731 0.000874061
864 -0.443733 0.000873052
865 -0.443736 0.000872049
866 -0.443751 0.000871169
867 -0.443727 0.000870494
868 -0.443711 0.000869629
869 -0.443735 0.000868947
870 -0.443756 0.000868201
871 -0.443765 0.000867254
872 -0.443798 0.000866882
873 -0.443809 0.000865965
874 -0.443839 0.000865473
875 -0.443748 0.000869166
876 -0.443788 0.000869068
877 -0.443716 0.000871005
878 -0.443727 0.000870082
879 -0.443718 0.000869144
880 -0.443693 0.000868525
881 -0.443692 0.00086754
882 -0.443664 0.00086701
883 -0.443615 0.000867417
884 -0.443636 0.000866694
885 -0.443638 0.000865717
886 -0.443651 0.000864839
887 -0.443655 0.000863873
888 -0.443593 0.000865101
889 -0.443565 0.000864571
890 -0.443543 0.000863889
891 -0.443454 0.000867533
892 -0.443477 0.000866866
893 -0.443474 0.000865902
894 -0.443454 0.000865162
895 -0.443472 0.000864387
896 -0.443456 0.000863574
897 -0.443441 0.000862737
898 -0.443429 0.000861868
899 -0.443394 0.000861621
900 -0.443405 0.000860742
901 -0.443375 0.00086032
902 -0.443351 0.00085971
903 -0.443389 0.000859608
904 -0.443395 0.000858683
905 -0.443361 0.000858426
906 -0.443364 0.000857484
907 -0.443356 0.000856578
908 -0.443372 0.000855798
909 -0.443369 0.000854864
910 -0.443366 0.000853931
911 -0.443392 0.000853391
912 -0.44337 0.000852732
913 -0.443343 0.000852224
914 -0.443367 0.000851618
915 -0.44341 0.00085179
916 -0.4434 0.00085092
917 -0.443405 0.000850006
918 -0.443439 0.000849775
919 -0.443434 0.000848867
920 -0.443466 0.000848542
921 -0.443479 0.000847718
922 -0.443501 0.000847103
923 -0.443537 0.000846954
924 -0.443554 0.000846206
925 -0.443552 0.000845294
926 -0.443535 0.000844544
927 -0.44355 0.000843758
928 -0.443544 0.000842871
929 -0.443569 0.000842333
930 -0.443585 0.000841575
931 -0.443571 0.000840775
932 -0.443569 0.000839878
933 -0.443591 0.00083927
934 -0.443588 0.000838378
935 -0.443595 0.000837513
936 -0.443604 0.000836667
937 -0.44362 0.00083594
938 -0.443662 0.000836084
939 -0.443673 0.000835266
940 -0.443642 0.000834966
941 -0.443622 0.000834316
942 -0.443625 0.000833438
943 -0.443606 0.000832774
944 -0.443636 0.000832443
945 -0.443651 0.000831682
946 -0.443612 0.000831699
947 -0.443651 0.000831756
948 -0.44357 0.000834857
949 -0.443574 0.000833986
950 -0.443583 0.000833157
951 -0.443574 0.000832325
952 -0.443584 0.000831516
953 -0.443448 0.000841731
954 -0.443497 0.000842248
955 -0.443502 0.000841382
956 -0.44351 0.000840546
957 -0.443516 0.000839684
958 -0.44349 0.000839199
959 -0.443498 0.000838365
960 -0.443491 0.00083752
961 -0.443475 0.000836816
962 -0.443479 0.000835956
963 -0.443505 0.000835514
964 -0.443446 0.000836727
965 -0.443417 0.00083637
966 -0.44344 0.000835811
967 -0.443392 0.00083633
968 -0.443403 0.000835544
969 -0.443351 0.000836338
970 -0.443333 0.000835669
971 -0.443361 0.000835287
972 -0.443319 0.000835459
973 -0.44333 0.000834667
974 -0.443395 0.000836379
975 -0.44338 0.000835659
976 -0.443383 0.000834806
977 -0.443344 0.000834841
978 -0.443299 0.000835202
979 -0.443313 0.000834467
980 -0.443324 0.000833692
981 -0.443258 0.000835498
982 -0.443263 0.000834667
983 -0.443251 0.000833905
984 -0.443274 0.00083336
985 -0.443284 0.000832579
986 -0.443286 0.000831738
987 -0.443296 0.000830949
988 -0.443296 0.000830109
989 -0.443254 0.000830321
990 -0.443243 0.000829559
991 -0.443231 0.000828806
992 -0.44322 0.000828041
993 -0.44323 0.000827265
994 -0.443257 0.00082686
995 -0.443245 0.000826114
996 -0.443243 0.000825288
997 -0.443221 0.000824745
998 -0.443258 0.00082473
999 -0.443231 0.000824327
