2 1 1
2 0.245299 0.669918
1.994 0.782425 1.05434
1.98802 1.70368 0.767579
1.98205 0.787342 1.07165
1.97611 0.45776 0.835312
1.97018 0.127583 1.16194
1.96427 0.263218 1.03049
1.95838 0.900016 1.18555
1.9525 0.292582 1.33773
1.94664 0.951916 1.00467
1.9408 0.951916 1.00467
1.93498 0.0709169 0.67125
1.92918 0.0881042 0.606747
1.92339 0.657409 0.390721
1.91762 0.736118 0.755714
1.91187 0.31782 1.05734
1.90613 0.31782 1.05734
1.90041 0.725175 0.829411
1.89471 0.107967 1.14789
1.88903 0.772811 1.04624
1.88336 0.772811 1.04624
1.87771 0.0904181 1.2834
1.87208 0.0904181 1.2834
1.86646 0.15582 1.44713
1.86086 0.649992 1.2028
1.85528 0.649992 1.2028
1.84971 0.649992 1.2028
1.84416 1.0302 0.92209
1.83863 1.0302 0.92209
1.83311 0.973968 0.843321
1.82762 0.973968 0.843321
1.82213 0.553498 0.632197
1.81667 0.553498 0.632197
1.81122 0.291094 0.855817
1.80578 0.291094 0.855817
1.80036 0.490849 0.749619
1.79496 0.506292 0.545467
1.78958 0.506292 0.545467
1.78421 0.821654 0.986843
1.77886 0.821654 0.986843
1.77352 0.821654 0.986843
1.7682 0.237481 1.3431
1.7629 0.390821 1.58432
1.75761 0.390821 1.58432
1.75233 0.197883 1.46316
1.74708 0.0392557 1.25627
1.74184 0.214586 1.00315
1.73661 0.428091 0.652364
1.7314 0.428091 0.652364
1.72621 0.428091 0.652364
1.72103 0.476579 0.855339
1.71586 0.476579 0.855339
1.71072 1.20518 0.822317
1.70559 1.20518 0.822317
1.70047 1.20518 0.822317
1.69537 0.731565 1.05568
1.69028 0.731565 1.05568
1.68521 0.119758 1.32688
1.68015 0.120081 1.0169
1.67511 0.272289 1.3326
1.67009 0.140008 1.72788
1.66508 0.140008 1.72788
1.66008 0.216255 1.92299
1.6551 0.216255 1.92299
1.65014 0.216255 1.92299
1.64519 0.577143 1.74581
1.64025 0.174625 1.83404
1.63533 0.132558 1.64466
1.63042 0.132558 1.64466
1.62553 0.132558 1.64466
1.62066 0.803126 1.5818
1.61579 0.500182 1.42243
1.61095 0.648186 1.08232
1.60611 0.00641874 1.1913
1.6013 0.253165 0.849779
1.59649 0.304145 1.03519
1.5917 0.304145 1.03519
1.58693 0.304145 1.03519
1.58217 0.41 0.78975
1.57742 0.408694 1.14042
1.57269 0.434834 1.32172
1.56797 0.144353 0.942292
1.56327 0.720429 1.10019
1.55858 0.459354 0.736036
1.5539 0.459354 0.736036
1.54924 0.564148 1.094
1.54459 0.332552 1.3773
1.53996 0.4036 1.31332
1.53534 0.274665 1.56472
1.53073 0.274665 1.56472
1.52614 0.885216 1.21174
1.52156 0.877647 0.868361
1.517 0.877647 0.868361
1.51245 0.886296 0.798221
1.50791 0.513232 0.92212
1.50338 0.513232 0.92212
1.49887 0.233261 1.18516
1.49438 0.132348 0.972171
1.48989 0.132348 0.972171
1.48542 0.0301357 1.12709
1.48097 0.182396 1.36621
1.47653 0.65926 1.46355
1.4721 0.441793 1.31156
1.46768 0.451103 1.31582
1.46328 0.661094 1.44915
1.45889 0.661094 1.44915
1.45451 0.0128389 1.54085
1.45015 0.309949 1.56514
1.4458 0.309949 1.56514
1.44146 0.0618133 1.35297
1.43713 0.429345 1.14096
1.43282 0.26643 0.874335
1.42852 0.367848 1.18273
1.42424 0.367848 1.18273
1.41997 0.339787 0.882326
1.41571 0.778781 0.677284
1.41146 1.26478 0.957718
1.40722 0.801822 1.04602
1.403 0.652647 1.11798
1.39879 0.652647 1.11798
1.3946 0.181928 1.41988
1.39041 0.455251 1.19673
1.38624 0.0831375 1.28919
1.38208 0.482009 1.25607
1.37794 0.482009 1.25607
1.3738 0.482009 1.25607
1.36968 0.368134 0.934967
1.36557 0.206646 0.647074
1.36148 0.206646 0.647074
1.35739 0.206646 0.647074
1.35332 0.514748 0.400589
1.34926 0.514748 0.400589
1.34521 0.738725 0.477717
1.34118 1.0186 0.55132
1.33715 1.0186 0.55132
1.33314 1.38177 0.595497
1.32914 0.723783 0.447162
1.32516 0.232282 0.452344
1.32118 0.232282 0.452344
1.31722 0.483758 0.592482
1.31326 0.871615 0.863772
1.30932 0.316213 0.92206
1.3054 0.39608 0.728406
1.30148 0.507916 0.940349
1.29758 0.377465 0.669643
1.29368 0.202095 0.952807
1.2898 0.202095 0.952807
1.28593 0.269038 0.953381
1.28207 0.885224 0.878366
1.27823 0.885224 0.878366
1.27439 0.885224 0.878366
1.27057 0.844493 0.748158
1.26676 0.844493 0.748158
1.26296 1.04043 0.504192
1.25917 1.04399 0.728776
1.25539 1.12005 0.487239
1.25163 0.909108 0.695965
1.24787 0.494701 0.617911
1.24413 0.936837 0.363688
1.2404 0.936837 0.363688
1.23667 0.686923 0.582247
1.23296 0.686923 0.582247
1.22927 0.686923 0.582247
1.22558 0.686923 0.582247
1.2219 1.07887 0.399007
1.21824 1.07887 0.399007
1.21458 0.813692 0.491193
1.21094 0.231665 0.7062
1.2073 0.737066 0.925932
1.20368 0.737066 0.925932
1.20007 0.737066 0.925932
1.19647 0.229223 0.890121
1.19288 0.0956887 0.891846
1.1893 0.334659 1.02509
1.18573 0.565054 1.02234
1.18218 0.0233278 0.983006
1.17863 0.351923 0.885379
1.1751 0.336573 1.04282
1.17157 0.434328 1.08178
1.16806 0.558288 0.887562
1.16455 0.384912 0.609933
1.16106 0.186056 0.886828
1.15757 0.249955 0.907504
1.1541 0.27435 1.05277
1.15064 0.0501804 1.06129
1.14719 0.435274 1.16652
1.14375 0.0359813 1.35799
1.14031 0.0506748 1.39309
1.13689 0.0910309 1.21099
1.13348 0.58754 1.0034
1.13008 0.58754 1.0034
1.12669 0.58754 1.0034
1.12331 0.58754 1.0034
1.11994 0.58754 1.0034
1.11658 0.398067 0.790569
1.11323 0.437063 0.573748
1.10989 0.437063 0.573748
1.10656 0.439684 0.758918
1.10324 0.620337 0.585722
1.09993 0.620337 0.585722
1.09663 0.457671 0.852337
1.09334 0.457671 0.852337
1.09006 0.67034 0.784658
1.08679 0.909488 0.654274
1.08353 0.487916 0.823871
1.08028 0.552475 0.906359
1.07704 0.462472 1.07277
1.07381 0.362421 1.14618
1.07059 0.321873 0.902402
1.06738 0.0474057 1.04337
1.06418 0.55827 1.04253
1.06098 0.20244 0.936865
1.0578 0.522406 0.831097
1.05463 0.714634 0.576735
1.05146 1.15843 0.791791
1.04831 1.15843 0.791791
1.04516 1.06838 0.559066
1.04203 0.83989 0.537201
1.0389 0.83989 0.537201
1.03579 0.553908 0.753461
1.03268 0.553908 0.753461
1.02958 0.676129 0.52898
1.02649 0.676129 0.52898
1.02341 0.489386 0.683433
1.02034 0.806423 0.857012
1.01728 0.806423 0.857012
1.01423 0.806423 0.857012
1.01119 0.806423 0.857012
1.00815 0.742383 1.10142
1.00513 0.742383 1.10142
1.00211 0.760298 1.00574
0.999106 0.412081 1.12007
0.996109 0.654671 1.34571
0.99312 0.53868 1.1638
0.990141 0.53868 1.1638
0.987171 0.53868 1.1638
0.984209 0.821956 0.981764
0.981256 0.400556 1.13766
0.978313 0.420153 1.18767
0.975378 0.557835 1.31452
0.972452 0.185136 1.21969
0.969534 0.087702 0.993168
0.966626 0.294379 1.16656
0.963726 0.294379 1.16656
0.960835 0.412629 1.14618
0.957952 0.200694 1.04515
0.955078 0.182518 1.12367
0.952213 0.119399 1.05992
0.949356 0.534542 0.977939
0.946508 0.168519 0.843812
0.943669 0.0718625 0.685875
0.940838 0.344443 0.882695
0.938015 0.574637 0.894188
0.935201 0.909297 0.816643
0.932396 0.909297 0.816643
0.929598 1.11232 1.03773
0.92681 1.10415 0.991391
0.924029 0.911779 1.02663
0.921257 0.911779 1.02663
0.918493 0.911779 1.02663
0.915738 0.641402 0.810948
0.912991 0.398695 0.838866
0.910252 0.0596642 0.874233
0.907521 0.267353 0.796255
0.904798 0.574416 0.632862
0.902084 0.574416 0.632862
0.899378 0.137705 0.839977
0.89668 0.164617 0.936578
0.89399 0.48782 0.785893
0.891308 0.0629581 0.91543
0.888634 0.410672 0.974841
0.885968 0.202755 0.925692
0.88331 0.232071 1.05241
0.88066 0.166195 1.09568
0.878018 0.0807898 0.998432
0.875384 0.0807898 0.998432
0.872758 0.00575989 0.885104
0.870139 0.156829 0.778783
0.867529 0.294774 0.562178
0.864926 0.424656 0.662065
0.862332 0.534405 0.630935
0.859745 0.902223 0.582696
0.857165 1.06281 0.652886
0.854594 0.970885 0.786236
0.85203 0.678686 0.991762
0.849474 0.958257 0.784882
0.846926 0.682021 0.944661
0.844385 0.724947 0.769183
0.841852 0.807774 0.567225
0.839326 1.03514 0.653412
0.836808 0.852802 0.745646
0.834298 0.535709 0.711346
0.831795 0.865626 0.62078
0.829299 0.865626 0.62078
0.826812 0.530974 0.511551
0.824331 0.530974 0.511551
0.821858 0.530974 0.511551
0.819393 0.530172 0.6405
0.816934 0.441618 0.72953
0.814484 0.45151 0.704437
0.81204 0.801279 0.71301
0.809604 0.686729 0.747667
0.807175 0.686729 0.747667
0.804754 0.808528 0.653301
0.802339 0.433503 0.817213
0.799932 0.667399 0.655342
0.797533 0.930728 0.780636
0.79514 0.544966 0.97523
0.792755 0.617964 1.00544
0.790376 0.580252 0.870412
0.788005 0.361078 0.679935
0.785641 0.732449 0.583362
0.783284 1.00834 0.546909
0.780934 0.960655 0.625225
0.778592 0.960655 0.625225
0.776256 0.705866 0.494158
0.773927 0.481183 0.506983
0.771605 0.540532 0.622935
0.76929 0.290115 0.496161
0.766983 0.345193 0.341163
0.764682 0.345193 0.341163
0.762388 0.229285 0.377616
0.7601 0.229285 0.377616
0.75782 0.229285 0.377616
0.755547 0.0420317 0.494174
0.75328 0.279722 0.67446
0.75102 0.453324 0.586969
0.748767 0.642834 0.718379
0.746521 0.642834 0.718379
0.744281 0.518932 0.651317
0.742048 0.662553 0.560439
0.739822 0.837687 0.665525
0.737603 0.679318 0.808907
0.73539 0.553094 0.830678
0.733184 0.882931 0.712724
0.730984 0.899112 0.696846
0.728791 0.965983 0.63197
0.726605 1.0394 0.784968
0.724425 1.0394 0.784968
0.722252 1.03145 0.764686
0.720085 1.24835 0.658748
0.717925 1.24835 0.658748
0.715771 1.05979 0.709899
0.713624 1.05979 0.709899
0.711483 0.834485 0.574558
0.709348 0.834485 0.574558
0.70722 1.09697 0.696106
0.705099 1.09697 0.696106
0.702983 1.09697 0.696106
0.700874 0.917749 0.817709
0.698772 0.577506 0.939458
0.696676 0.325366 0.82719
0.694586 0.162151 0.701272
0.692502 0.162151 0.701272
0.690424 0.0393625 0.807551
0.688353 0.0696313 0.950419
0.686288 0.0719676 0.895633
0.684229 0.409213 0.900905
0.682176 0.300128 0.885882
0.68013 0.172381 0.92861
0.678089 0.034061 1.07983
0.676055 0.335544 0.958093
0.674027 0.335544 0.958093
0.672005 0.52331 0.911577
0.669989 0.52331 0.911577
0.667979 0.216842 1.04394
0.665975 0.148394 1.02969
0.663977 0.437651 1.12831
0.661985 0.302026 1.20125
0.659999 0.110433 1.3166
0.658019 0.378115 1.20675
0.656045 0.486488 1.14242
0.654077 0.664001 1.06257
0.652115 0.607818 0.996187
0.650158 0.564079 0.860356
0.648208 0.25218 0.833331
0.646263 0.351588 0.879684
0.644325 0.485276 0.895646
0.642392 0.787371 0.827245
0.640464 0.59408 0.721664
0.638543 0.59408 0.721664
0.636627 0.392603 0.771203
0.634717 0.354857 0.650018
0.632813 0.537138 0.618838
0.630915 0.818183 0.768634
0.629022 0.663457 0.620693
0.627135 0.889665 0.636391
0.625254 0.950516 0.595106
0.623378 1.16596 0.501781
0.621508 1.23734 0.607605
0.619643 1.17975 0.594182
0.617784 1.12946 0.509446
0.615931 1.28709 0.47989
0.614083 1.59331 0.468454
0.612241 1.45154 0.526976
0.610404 1.45154 0.526976
0.608573 1.37059 0.578586
0.606747 1.30295 0.633738
0.604927 1.29784 0.619265
0.603112 1.29784 0.619265
0.601303 1.29784 0.619265
0.599499 1.29784 0.619265
0.597701 1.29784 0.619265
0.595907 1.29784 0.619265
0.59412 1.05194 0.696216
0.592337 1.05194 0.696216
0.59056 1.05194 0.696216
0.588789 1.05194 0.696216
0.587022 1.05194 0.696216
0.585261 1.05194 0.696216
0.583505 1.05194 0.696216
0.581755 1.10117 0.648412
0.58001 1.10117 0.648412
0.57827 1.10117 0.648412
0.576535 0.875616 0.701037
0.574805 1.0302 0.62051
0.573081 0.817847 0.494154
0.571362 0.817847 0.494154
0.569647 0.817847 0.494154
0.567939 0.817847 0.494154
0.566235 0.602278 0.542182
0.564536 0.59036 0.536295
0.562842 0.69235 0.640194
0.561154 0.557517 0.558991
0.55947 0.51103 0.493448
0.557792 0.727251 0.570997
0.556119 0.834154 0.612295
0.55445 0.834154 0.612295
0.552787 1.02464 0.507262
0.551129 0.944641 0.523275
0.549475 0.944641 0.523275
0.547827 0.846186 0.570229
0.546183 0.961778 0.580775
0.544545 0.905369 0.68978
0.542911 0.733976 0.740365
0.541282 0.7902 0.623073
0.539658 0.834312 0.520124
0.53804 1.00506 0.489868
0.536425 1.03612 0.559763
0.534816 0.92822 0.533331
0.533212 0.721557 0.414777
0.531612 0.952183 0.446886
0.530017 1.18526 0.573441
0.528427 0.939816 0.670452
0.526842 0.939816 0.670452
0.525261 0.76998 0.634638
0.523686 0.991172 0.662081
0.522115 0.995998 0.718913
0.520548 0.995998 0.718913
0.518987 0.963587 0.614224
0.51743 0.919309 0.653218
0.515877 0.890307 0.725364
0.51433 0.994819 0.801908
0.512787 0.994819 0.801908
0.511248 0.820001 0.756863
0.509715 0.820001 0.756863
0.508185 0.653811 0.752531
0.506661 0.869771 0.651749
0.505141 0.869771 0.651749
0.503625 0.845867 0.529177
0.502115 0.708598 0.621751
0.500608 0.813903 0.739129
0.499106 0.613785 0.641429
0.497609 0.45193 0.646862
0.496116 0.577542 0.597948
0.494628 0.713424 0.580417
0.493144 0.791086 0.645184
0.491665 0.9458 0.607034
0.49019 0.931604 0.611343
0.488719 0.931604 0.611343
0.487253 0.731289 0.691798
0.485791 0.857721 0.785986
0.484334 0.621805 0.898955
0.482881 0.742414 0.831553
0.481432 0.621464 0.785572
0.479988 0.751729 0.75965
0.478548 0.645932 0.690772
0.477112 0.568044 0.66057
0.475681 0.586293 0.762705
0.474254 0.366493 0.795091
0.472831 0.405588 0.880923
0.471413 0.579505 0.832509
0.469998 0.463335 0.835603
0.468588 0.407169 0.82189
0.467183 0.462434 0.859754
0.465781 0.648926 0.865415
0.464384 0.86275 0.882383
0.462991 0.991264 0.796111
0.461602 0.974701 0.70956
0.460217 0.876687 0.804886
0.458836 0.699795 0.901035
0.45746 0.552853 0.990407
0.456087 0.474313 1.08447
0.454719 0.286285 1.19558
0.453355 0.163438 1.13906
0.451995 0.129142 1.24155
0.450639 0.291505 1.26357
0.449287 0.291505 1.26357
0.447939 0.0930435 1.34228
0.446595 0.0480147 1.28786
0.445255 0.0955731 1.23789
0.44392 0.29049 1.22588
0.442588 0.29795 1.29401
0.44126 0.107326 1.3534
0.439936 0.106227 1.36771
0.438616 0.276277 1.40409
0.437301 0.197853 1.41558
0.435989 0.242088 1.42345
0.434681 0.242088 1.42345
0.433377 0.242088 1.42345
0.432077 0.0323978 1.32873
0.43078 0.03629 1.25814
0.429488 0.0584021 1.15831
0.4282 0.0184783 1.16681
0.426915 0.0602175 1.14955
0.425634 0.122224 1.1464
0.424357 0.267611 1.05534
0.423084 0.47741 1.08168
0.421815 0.316144 1.10108
0.42055 0.195155 1.08853
0.419288 0.319798 1.0337
0.41803 0.403914 1.09708
0.416776 0.296354 1.12956
0.415526 0.340242 1.04074
0.414279 0.136499 1.13719
0.413036 0.109328 1.18637
0.411797 0.0213656 1.09961
0.410562 0.122119 1.17029
0.40933 0.140561 1.20009
0.408102 0.0321282 1.21827
0.406878 0.0618844 1.18513
0.405657 0.0239996 1.09049
0.40444 0.178013 1.01926
0.403227 0.150061 1.01285
0.402017 0.0491193 1.0378
0.400811 0.0178037 0.96323
0.399609 0.0599709 0.920378
0.39841 0.149413 0.965913
0.397215 0.149413 0.965913
0.396023 0.234736 0.870082
0.394835 0.189561 0.925108
0.39365 0.0988169 0.906045
0.392469 0.140816 0.985323
0.391292 0.211873 0.99434
0.390118 0.385597 0.979987
0.388948 0.413473 0.91357
0.387781 0.412703 0.820893
0.386618 0.42562 0.790441
0.385458 0.555546 0.830968
0.384301 0.682406 0.924543
0.383148 0.584035 0.960059
0.381999 0.528442 0.977975
0.380853 0.472524 1.03088
0.37971 0.472524 1.03088
0.378571 0.59806 1.07641
0.377436 0.52814 1.14477
0.376303 0.564085 1.14501
0.375174 0.564085 1.14501
0.374049 0.4509 1.10284
0.372927 0.274793 1.0536
0.371808 0.208831 1.01289
0.370693 0.208831 1.01289
0.36958 0.321653 0.922086
0.368472 0.454254 0.972692
0.367366 0.554528 0.985911
0.366264 0.382838 1.01762
0.365165 0.382838 1.01762
0.36407 0.49096 0.938018
0.362978 0.490109 0.897101
0.361889 0.391832 0.857649
0.360803 0.571361 0.831004
0.359721 0.571361 0.831004
0.358642 0.503232 0.844158
0.357566 0.456096 0.87493
0.356493 0.532361 0.919852
0.355423 0.654728 0.893139
0.354357 0.757269 0.867636
0.353294 0.763008 0.826284
0.352234 0.65894 0.783071
0.351177 0.483834 0.868028
0.350124 0.483834 0.868028
0.349074 0.450748 0.861822
0.348026 0.315335 0.879876
0.346982 0.192043 0.877987
0.345941 0.254033 0.896397
0.344904 0.395438 0.909119
0.343869 0.367154 0.831535
0.342837 0.236602 0.816731
0.341809 0.157413 0.814582
0.340783 0.285329 0.854419
0.339761 0.19939 0.889563
0.338742 0.17327 0.921741
0.337725 0.0952849 0.837443
0.336712 0.0307849 0.873636
0.335702 0.0657246 0.941579
0.334695 0.195953 0.975483
0.333691 0.03766 1.03541
0.33269 0.086334 1.06173
0.331692 0.0502074 1.03865
0.330697 0.00750236 0.990214
0.329705 0.112427 1.03994
0.328715 0.253179 1.0973
0.327729 0.238905 1.02009
0.326746 0.222502 0.961605
0.325766 0.24461 0.96127
0.324789 0.325779 0.893502
0.323814 0.4782 0.965719
0.322843 0.425437 0.992027
0.321874 0.530025 0.994076
0.320909 0.44234 1.06807
0.319946 0.44234 1.06807
0.318986 0.44234 1.06807
0.318029 0.291635 1.11999
0.317075 0.342347 1.06341
0.316124 0.225137 1.08971
0.315175 0.175588 1.05315
0.31423 0.165542 1.06372
0.313287 0.280053 1.13529
0.312347 0.183633 1.0897
0.31141 0.0375587 1.042
0.310476 0.00657135 1.09139
0.309545 0.146636 1.0751
0.308616 0.107142 1.12717
0.30769 0.107142 1.12717
0.306767 0.0812995 1.10165
0.305847 0.0975939 1.03774
0.304929 0.0786704 0.967873
0.304014 0.211101 0.978466
0.303102 0.201492 0.952758
0.302193 0.103407 1.00045
0.301287 0.134208 1.00041
0.300383 0.163492 0.966024
0.299482 0.205561 0.927189
0.298583 0.0979906 0.906688
0.297687 0.0366494 0.934179
0.296794 0.0366494 0.934179
0.295904 0.102815 0.911036
0.295016 0.0621728 0.957148
0.294131 0.059631 0.925096
0.293249 0.0696215 0.990455
0.292369 0.2001 1.04304
0.291492 0.208053 1.04074
0.290617 0.193963 0.980881
0.289746 0.287902 0.99338
0.288876 0.213531 1.01327
0.28801 0.111194 1.02034
0.287146 0.172814 1.07673
0.286284 0.172814 1.07673
0.285425 0.150684 1.09452
0.284569 0.264539 1.12162
0.283715 0.222673 1.12432
0.282864 0.0950131 1.1729
0.282016 0.197917 1.16455
0.28117 0.21617 1.17117
0.280326 0.104588 1.15511
0.279485 0.104588 1.15511
0.278647 0.238003 1.15937
0.277811 0.238003 1.15937
0.276977 0.177752 1.09345
0.276146 0.0468921 1.05385
0.275318 0.178306 1.03987
0.274492 0.265791 1.05108
0.273668 0.187931 1.04098
0.272847 0.321567 1.05557
0.272029 0.321519 1.07204
0.271213 0.30823 1.02283
0.270399 0.359679 0.962673
0.269588 0.324961 0.949388
0.268779 0.336347 0.995212
0.267973 0.224982 0.980992
0.267169 0.160663 0.938236
0.266367 0.23252 0.96523
0.265568 0.35829 0.946672
0.264772 0.35829 0.946672
0.263977 0.407671 0.988623
0.263185 0.53677 0.927868
0.262396 0.615748 0.96225
0.261609 0.615748 0.96225
0.260824 0.632086 0.915443
0.260041 0.701056 0.95959
0.259261 0.624819 0.90461
0.258483 0.638949 0.904384
0.257708 0.571022 0.905575
0.256935 0.63944 0.897672
0.256164 0.58881 0.856361
0.255396 0.597583 0.828589
0.254629 0.508284 0.796726
0.253866 0.477954 0.85845
0.253104 0.459021 0.867987
0.252345 0.538267 0.907765
0.251588 0.420911 0.912485
0.250833 0.324918 0.882175
0.25008 0.343917 0.894073
0.24933 0.377867 0.834497
0.248582 0.281597 0.892283
0.247836 0.196571 0.929167
0.247093 0.125526 0.960098
0.246352 0.116757 0.90462
0.245613 0.117066 0.849814
0.244876 0.20404 0.80129
0.244141 0.292252 0.765315
0.243409 0.332719 0.762382
0.242678 0.373026 0.77567
0.24195 0.341321 0.82668
0.241225 0.404462 0.829494
0.240501 0.510778 0.810832
0.239779 0.557575 0.831498
0.23906 0.611305 0.821036
0.238343 0.693992 0.772012
0.237628 0.585775 0.824
0.236915 0.661131 0.795072
0.236204 0.611375 0.835465
0.235496 0.606461 0.87469
0.234789 0.498471 0.818925
0.234085 0.431291 0.774477
0.233382 0.501554 0.733177
0.232682 0.465663 0.703296
0.231984 0.533157 0.707484
0.231288 0.567271 0.729337
0.230594 0.651673 0.728822
0.229903 0.622836 0.730617
0.229213 0.535723 0.687966
0.228525 0.522869 0.713817
0.22784 0.52529 0.767282
0.227156 0.467467 0.772251
0.226475 0.473073 0.800968
0.225795 0.384832 0.808334
0.225118 0.341262 0.782376
0.224443 0.359183 0.827889
0.223769 0.425667 0.87642
0.223098 0.463463 0.837561
0.222429 0.453043 0.857969
0.221761 0.546668 0.899669
0.221096 0.557643 0.918971
0.220433 0.491372 0.94922
0.219771 0.51984 0.925676
0.219112 0.551647 0.955222
0.218455 0.600653 0.980313
0.217799 0.632911 0.986707
0.217146 0.615646 1.00816
0.216495 0.635857 1.02181
0.215845 0.635857 1.02181
0.215198 0.559031 0.991843
0.214552 0.585078 0.951288
0.213908 0.482925 0.980814
0.213267 0.427725 0.976515
0.212627 0.397795 0.979395
0.211989 0.300871 0.956343
0.211353 0.366252 0.951893
0.210719 0.366252 0.951893
0.210087 0.269119 0.97912
0.209457 0.336535 0.957283
0.208828 0.302471 0.916948
0.208202 0.221578 0.944243
0.207577 0.238669 0.939174
0.206954 0.205045 0.913287
0.206333 0.194058 0.952149
0.205714 0.238173 0.92138
0.205097 0.155348 0.955699
0.204482 0.0877455 0.999351
0.203869 0.124249 0.958204
0.203257 0.0915594 0.926017
0.202647 0.174331 0.965329
0.202039 0.0925954 0.968239
0.201433 0.0250458 0.963482
0.200829 0.0397081 0.964217
0.200226 0.00470677 0.969623
0.199626 0.0541338 0.935524
0.199027 0.00191554 0.947281
0.19843 0.0710136 0.905337
0.197834 0.100395 0.89288
0.197241 0.101928 0.931312
0.196649 0.0671456 0.957707
0.196059 0.118764 0.923116
0.195471 0.154665 0.906076
0.194885 0.194143 0.922726
0.1943 0.280497 0.891088
0.193717 0.276441 0.926937
0.193136 0.354779 0.935709
0.192557 0.397674 0.9615
0.191979 0.462449 0.928375
0.191403 0.48913 0.904006
0.190829 0.508905 0.857214
0.190256 0.573679 0.890799
0.189685 0.533104 0.920994
0.189116 0.533158 0.96451
0.188549 0.593208 0.958115
0.187983 0.520818 0.985473
0.187419 0.493369 0.947871
0.186857 0.477659 0.918903
0.186297 0.492894 0.926363
0.185738 0.523746 0.955444
0.185181 0.523746 0.955444
0.184625 0.573494 0.961626
0.184071 0.603172 0.962904
0.183519 0.687336 0.934987
0.182968 0.683794 0.964739
0.182419 0.69447 0.956879
0.181872 0.646755 0.975293
0.181327 0.68091 0.960981
0.180783 0.67238 0.978356
0.18024 0.602069 0.961647
0.1797 0.530092 1.00334
0.17916 0.605102 1.0338
0.178623 0.623373 0.989614
0.178087 0.544162 0.968245
0.177553 0.621504 0.953053
0.17702 0.655939 0.965799
0.176489 0.655939 0.965799
0.17596 0.573369 0.943643
0.175432 0.565615 0.982572
0.174905 0.531215 1.0245
0.174381 0.446464 1.04927
0.173858 0.496876 1.03822
0.173336 0.523843 1.03266
0.172816 0.5041 1.01798
0.172298 0.429977 0.979783
0.171781 0.500982 0.96523
0.171265 0.471545 0.945773
0.170752 0.449503 0.93456
0.170239 0.499884 0.925658
0.169729 0.432196 0.95768
0.169219 0.454277 0.94559
0.168712 0.415032 0.970147
0.168206 0.432587 0.999772
0.167701 0.403976 0.979182
0.167198 0.375743 1.00169
0.166696 0.315744 1.00889
0.166196 0.387149 1.00887
0.165698 0.433894 1.03896
0.165201 0.427549 1.06429
0.164705 0.345585 1.07343
0.164211 0.287989 1.0773
0.163718 0.279976 1.0879
0.163227 0.214342 1.08495
0.162737 0.153041 1.10535
0.162249 0.186192 1.07112
0.161762 0.148257 1.06191
0.161277 0.14943 1.07342
0.160793 0.159594 1.04767
0.160311 0.215982 1.03916
0.15983 0.201088 1.02046
0.15935 0.201088 1.02046
0.158872 0.151454 0.981025
0.158396 0.140947 0.958102
0.157921 0.146501 0.944373
0.157447 0.124759 0.959441
0.156974 0.118034 0.927076
0.156504 0.142253 0.954118
0.156034 0.164286 0.944487
0.155566 0.105812 0.934198
0.155099 0.0811547 0.917753
0.154634 0.0811547 0.917753
0.15417 0.0683549 0.880366
0.153708 0.0223778 0.882428
0.153246 0.0464321 0.863312
0.152787 0.0892984 0.859155
0.152328 0.143302 0.825108
0.151871 0.186877 0.847287
0.151416 0.210052 0.811299
0.150961 0.272681 0.782665
0.150509 0.246541 0.786161
0.150057 0.271111 0.748712
0.149607 0.284129 0.712472
0.149158 0.3179 0.698846
0.148711 0.381629 0.68796
0.148264 0.43377 0.652542
0.14782 0.46866 0.63917
0.147376 0.431133 0.645221
0.146934 0.399635 0.618103
0.146493 0.440957 0.619279
0.146054 0.493244 0.63693
0.145616 0.53315 0.636416
0.145179 0.516741 0.654102
0.144743 0.528349 0.679017
0.144309 0.492208 0.663585
0.143876 0.525766 0.678583
0.143444 0.525766 0.678583
0.143014 0.487108 0.682631
0.142585 0.515437 0.684245
0.142157 0.515437 0.684245
0.141731 0.500444 0.683165
0.141306 0.515982 0.696814
0.140882 0.54902 0.730456
0.140459 0.553169 0.753354
0.140038 0.585498 0.756956
0.139618 0.638823 0.779343
0.139199 0.63233 0.802785
0.138781 0.572831 0.813065
0.138365 0.512485 0.837634
0.13795 0.512485 0.837634
0.137536 0.545745 0.819146
0.137123 0.589687 0.797639
0.136712 0.589687 0.797639
0.136302 0.564791 0.793548
0.135893 0.550313 0.824987
0.135485 0.529362 0.803532
0.135079 0.587216 0.824232
0.134674 0.536012 0.851706
0.134269 0.5618 0.853809
0.133867 0.498926 0.821152
0.133465 0.539094 0.806853
0.133065 0.536284 0.78875
0.132665 0.560966 0.820994
0.132267 0.622798 0.850131
0.131871 0.664105 0.871658
0.131475 0.60266 0.847957
0.131081 0.561311 0.859841
0.130687 0.506986 0.86968
0.130295 0.478727 0.899397
0.129904 0.444111 0.910143
0.129515 0.502844 0.88782
0.129126 0.440359 0.856272
0.128739 0.384545 0.848207
0.128353 0.404673 0.846929
0.127968 0.413775 0.861758
0.127584 0.37683 0.845475
0.127201 0.352709 0.849844
0.126819 0.29282 0.844327
0.126439 0.320221 0.82563
0.12606 0.357655 0.796015
0.125681 0.308275 0.783287
0.125304 0.345969 0.75634
0.124928 0.345969 0.75634
0.124554 0.297334 0.78509
0.12418 0.297334 0.78509
0.123807 0.26431 0.786954
0.123436 0.212308 0.760267
0.123066 0.196303 0.770142
0.122696 0.196303 0.770142
0.122328 0.217872 0.800721
0.121961 0.278164 0.776515
0.121596 0.23073 0.76162
0.121231 0.18964 0.765089
0.120867 0.142613 0.752379
0.120504 0.188658 0.731296
0.120143 0.166522 0.746767
0.119782 0.123528 0.76923
0.119423 0.0756184 0.788308
0.119065 0.0970341 0.812041
0.118708 0.0551164 0.835339
0.118352 0.0141866 0.813217
0.117996 0.0251343 0.812643
0.117643 0.00266535 0.841634
0.11729 0.0284354 0.833871
0.116938 0.0284354 0.833871
0.116587 0.00606851 0.849607
0.116237 0.0417974 0.85546
0.115888 0.00798677 0.857871
0.115541 0.0342069 0.861054
0.115194 0.0100938 0.861128
0.114849 0.0437195 0.877902
0.114504 0.0553144 0.874804
0.114161 0.0404237 0.882221
0.113818 0.0739671 0.889997
0.113477 0.120805 0.91554
0.113136 0.164155 0.920351
0.112797 0.213321 0.931508
0.112458 0.189306 0.954977
0.112121 0.200872 0.970658
0.111785 0.163205 0.982218
0.111449 0.159844 1.005
0.111115 0.192909 1.01383
0.110782 0.140929 1.01767
0.110449 0.0910828 1.01917
0.110118 0.0781929 0.998982
0.109788 0.0609715 1.00744
0.109458 0.0609715 1.00744
0.10913 0.0157987 1.0002
0.108802 0.0428083 0.976516
0.108476 0.0551202 0.992812
0.108151 0.0551202 0.992812
0.107826 0.107285 1.01184
0.107503 0.119009 1.0258
0.10718 0.0865709 1.03032
0.106859 0.0668547 1.01256
0.106538 0.0649592 1.02321
0.106218 0.0439711 1.04802
0.1059 0.0316037 1.06676
0.105582 0.0546145 1.06304
0.105265 0.0295069 1.06399
0.104949 0.0126993 1.03849
0.104635 0.0182287 1.03298
0.104321 0.00506622 1.03947
0.104008 0.0407453 1.02847
0.103696 0.04438 1.04385
0.103385 0.0309101 1.03573
0.103075 0.0783547 1.02211
0.102765 0.119509 1.01548
0.102457 0.120267 1.00169
0.10215 0.0989111 0.988108
0.101843 0.126741 1.00248
0.101538 0.0982002 1.01017
0.101233 0.115913 0.994387
0.100929 0.143448 1.01878
0.100627 0.139594 0.994793
0.100325 0.129967 1.00767
0.100024 0.108679 0.986915
0.0997236 0.0835534 1.00848
0.0994244 0.107477 0.988342
0.0991262 0.131174 0.988858
0.0988288 0.0819187 0.998577
0.0985323 0.0666229 1.00204
0.0982367 0.0987645 0.996505
0.097942 0.141484 0.986159
0.0976482 0.161173 1.0088
0.0973552 0.178874 0.988455
0.0970632 0.162334 1.00532
0.096772 0.139279 0.999034
0.0964817 0.144902 0.988107
0.0961922 0.112719 0.992603
0.0959036 0.0777263 0.970856
0.0956159 0.0475565 0.964053
0.0953291 0.0280138 0.959738
0.0950431 0.0280138 0.959738
0.094758 0.0156654 0.942356
0.0944737 0.0226896 0.933595
0.0941903 0.0609714 0.94429
0.0939077 0.0951508 0.949392
0.093626 0.0951508 0.949392
0.0933451 0.0540189 0.94044
0.0930651 0.0128767 0.942695
0.0927859 0.0313736 0.947484
0.0925075 0.052632 0.931989
0.09223 0.0647464 0.952452
0.0919533 0.0696961 0.969514
0.0916774 0.0640453 0.967075
0.0914024 0.0802856 0.967162
0.0911282 0.0726289 0.963148
0.0908548 0.0968579 0.967871
0.0905822 0.0932242 0.973272
0.0903105 0.135886 0.954856
0.0900396 0.16513 0.942727
0.0897694 0.127566 0.930158
0.0895001 0.139004 0.939276
0.0892316 0.168864 0.959709
0.0889639 0.165291 0.971504
0.088697 0.138751 0.959396
0.088431 0.107624 0.9575
0.0881657 0.098544 0.954017
0.0879012 0.0742993 0.964084
0.0876375 0.0918561 0.972625
0.0873746 0.0946746 0.978151
0.0871124 0.0837922 0.982388
0.0868511 0.075924 0.962992
0.0865905 0.0598086 0.960615
0.0863308 0.027975 0.959488
0.0860718 0.027975 0.959488
0.0858136 0.00597922 0.939755
0.0855561 0.0473949 0.954241
0.0852994 0.0774287 0.954131
0.0850436 0.0801728 0.942642
0.0847884 0.0664745 0.953328
0.0845341 0.0543782 0.954857
0.0842805 0.045409 0.971717
0.0840276 0.0354227 0.966264
0.0837755 0.0687503 0.975563
0.0835242 0.0986781 0.976102
0.0832736 0.11826 0.993549
0.0830238 0.145471 0.97371
0.0827747 0.179243 0.985046
0.0825264 0.153531 0.967578
0.0822788 0.131098 0.960392
0.082032 0.124327 0.976175
0.0817859 0.162323 0.993731
0.0815405 0.16757 1.01266
0.0812959 0.189682 0.992758
0.081052 0.165117 0.998135
0.0808089 0.199262 1.01115
0.0805665 0.203819 1.02305
0.0803248 0.206714 1.0246
0.0800838 0.1875 1.04282
0.0798435 0.168687 1.06165
0.079604 0.150742 1.06138
0.0793652 0.124543 1.05951
0.0791271 0.0867191 1.04095
0.0788897 0.0714797 1.05186
0.078653 0.110597 1.05904
0.0784171 0.0967409 1.06838
0.0781818 0.0716051 1.05083
0.0779473 0.0442484 1.05885
0.0777134 0.0288702 1.06855
0.0774803 0.0338341 1.07074
0.0772479 0.0403306 1.07395
0.0770161 0.017211 1.06679
0.0767851 0.0081979 1.04978
0.0765547 0.0286777 1.06021
0.076325 0.0502078 1.07596
0.0760961 0.0166912 1.06468
0.0758678 0.0112354 1.0799
0.0756402 0.00466756 1.06363
0.0754133 0.00153375 1.05471
0.075187 0.00607138 1.06057
0.0749615 0.0381506 1.07906
0.0747366 0.0280387 1.06105
0.0745124 0.0601078 1.07155
0.0742888 0.0912202 1.07125
0.074066 0.110653 1.07434
0.0738438 0.0915722 1.06751
0.0736222 0.116092 1.051
0.0734014 0.105979 1.06331
0.0731812 0.0876183 1.06825
0.0729616 0.0981141 1.07861
0.0727427 0.10094 1.09411
0.0725245 0.0976401 1.08729
0.0723069 0.116344 1.09238
0.07209 0.129823 1.08896
0.0718737 0.127484 1.09729
0.0716581 0.1196 1.08634
0.0714431 0.0988292 1.08609
0.0712288 0.128631 1.09307
0.0710151 0.119338 1.07889
0.0708021 0.1241 1.08995
0.0705897 0.125687 1.07952
0.0703779 0.131143 1.08966
0.0701668 0.105697 1.08566
0.0699563 0.102388 1.10121
0.0697464 0.114233 1.11281
0.0695372 0.109588 1.10996
0.0693286 0.109588 1.10996
0.0691206 0.0872988 1.12356
0.0689132 0.0790543 1.12797
0.0687065 0.04599 1.11611
0.0685003 0.0445672 1.12985
0.0682948 0.0394586 1.1321
0.06809 0.007903 1.13871
0.0678857 0.019166 1.1309
0.067682 0.000237954 1.11407
0.067479 0.0164793 1.11354
0.0672766 0.03814 1.10382
0.0670747 0.0455006 1.11625
0.0668735 0.0725748 1.12496
0.0666729 0.0529891 1.12736
0.0664729 0.0543443 1.14332
0.0662734 0.073896 1.15366
0.0660746 0.0674742 1.14459
0.0658764 0.0880935 1.14381
0.0656788 0.0802542 1.14369
0.0654817 0.0708022 1.14376
0.0652853 0.0537956 1.13725
0.0650894 0.0452033 1.14477
0.0648942 0.0572306 1.13979
0.0646995 0.0809649 1.13362
0.0645054 0.0647541 1.14712
0.0643119 0.0764713 1.1384
0.0641189 0.0948582 1.12901
0.0639266 0.112985 1.13717
0.0637348 0.0856461 1.13485
0.0635436 0.0906143 1.12574
0.063353 0.106026 1.12284
0.0631629 0.0882902 1.11085
0.0629734 0.0991904 1.10023
0.0627845 0.0768694 1.10389
0.0625961 0.0961148 1.10761
0.0624083 0.112134 1.09781
0.0622211 0.100207 1.10044
0.0620345 0.0738596 1.09479
0.0618484 0.045506 1.10871
0.0616628 0.065821 1.10917
0.0614778 0.0567734 1.1163
0.0612934 0.0271047 1.11379
0.0611095 0.0319487 1.10843
0.0609262 0.0189026 1.10556
0.0607434 0.0328721 1.10397
0.0605612 0.0602086 1.10227
0.0603795 0.0595334 1.10128
0.0601983 0.038773 1.09197
0.0600178 0.0500484 1.0901
0.0598377 0.0745502 1.09072
0.0596582 0.0745502 1.09072
0.0594792 0.06719 1.08128
0.0593008 0.0613613 1.08081
0.0591229 0.0855998 1.08894
0.0589455 0.0723103 1.08703
0.0587687 0.0723103 1.08703
0.0585924 0.0452436 1.07661
0.0584166 0.0270834 1.08731
0.0582413 0.016945 1.0835
0.0580666 0.0242533 1.09273
0.0578924 0.0385297 1.08095
0.0577187 0.0393794 1.0891
0.0575456 0.0200009 1.0807
0.0573729 0.00623176 1.08188
0.0572008 0.0146646 1.08379
0.0570292 0.0336397 1.07994
0.0568581 0.0610549 1.08361
0.0566876 0.0841418 1.08309
0.0565175 0.0996999 1.08502
0.0563479 0.112854 1.07331
0.0561789 0.134151 1.06997
0.0560104 0.148222 1.06468
0.0558423 0.151142 1.07018
0.0556748 0.133798 1.05871
0.0555078 0.115691 1.05383
0.0553413 0.0889471 1.06218
0.0551752 0.0897746 1.06434
0.0550097 0.106554 1.06305
0.0548447 0.114593 1.07279
0.0546801 0.125344 1.07241
0.0545161 0.12309 1.06941
0.0543526 0.112521 1.08206
0.0541895 0.121659 1.09522
0.0540269 0.130587 1.10673
0.0538648 0.104883 1.10012
0.0537033 0.0844769 1.10897
0.0535421 0.0844769 1.10897
0.0533815 0.0844769 1.10897
0.0532214 0.0619499 1.1025
0.0530617 0.0698566 1.11383
0.0529025 0.0607447 1.11291
0.0527438 0.0667279 1.11304
0.0525856 0.068098 1.10846
0.0524278 0.0893153 1.09737
0.0522705 0.0975322 1.10178
0.0521137 0.118893 1.10887
0.0519574 0.130037 1.11029
0.0518015 0.134078 1.12252
0.0516461 0.111923 1.12753
0.0514912 0.0922627 1.13019
0.0513367 0.0770762 1.14274
0.0511827 0.0533121 1.1529
0.0510291 0.0767812 1.15821
0.0508761 0.0728564 1.16113
0.0507234 0.0505021 1.1552
0.0505713 0.0743609 1.16734
0.0504195 0.0703189 1.17534
0.0502683 0.053264 1.173
0.0501175 0.053264 1.173
0.0499671 0.053264 1.173
0.0498172 0.0652091 1.16881
0.0496678 0.0807018 1.17042
0.0495188 0.0567437 1.18235
0.0493702 0.0731176 1.17618
0.0492221 0.0494804 1.18381
0.0490744 0.0331247 1.19
0.0489272 0.0437193 1.1786
0.0487804 0.0546107 1.18135
0.0486341 0.0611089 1.18869
0.0484882 0.0783172 1.19227
0.0483427 0.0649278 1.19378
0.0481977 0.0682051 1.1991
0.0480531 0.0471685 1.19196
0.0479089 0.0283212 1.18035
0.0477652 0.0336174 1.17992
0.0476219 0.0479929 1.17156
0.0474791 0.0647354 1.17078
0.0473366 0.0791954 1.16236
0.0471946 0.0791954 1.16236
0.047053 0.0791954 1.16236
0.0469119 0.0724007 1.16341
0.0467711 0.0948183 1.16745
0.0466308 0.0948183 1.16745
0.0464909 0.0732519 1.16958
0.0463515 0.067129 1.17758
0.0462124 0.0531879 1.16736
0.0460738 0.0434469 1.15757
0.0459355 0.0593702 1.16324
0.0457977 0.0793218 1.16599
0.0456603 0.0793218 1.16599
0.0455234 0.0737456 1.16621
0.0453868 0.0870368 1.1639
0.0452506 0.0658405 1.16177
0.0451149 0.0692316 1.15409
0.0449795 0.0625187 1.14912
0.0448446 0.0714799 1.14937
0.0447101 0.0746572 1.14496
0.0445759 0.0830054 1.14733
0.0444422 0.0719748 1.13778
0.0443089 0.0924771 1.12889
0.0441759 0.101355 1.12672
0.0440434 0.107952 1.12223
0.0439113 0.127693 1.11571
0.0437796 0.108557 1.10591
0.0436482 0.0982785 1.09935
0.0435173 0.0982785 1.09935
0.0433867 0.0853025 1.09037
0.0432566 0.0999997 1.09557
0.0431268 0.0830333 1.10265
0.0429974 0.0648255 1.10896
0.0428684 0.0648255 1.10896
0.0427398 0.0500571 1.09953
0.0426116 0.0500571 1.09953
0.0424838 0.060432 1.09043
0.0423563 0.0724291 1.08603
0.0422292 0.0759855 1.07969
0.0421026 0.062995 1.08642
0.0419762 0.0659753 1.0809
0.0418503 0.050918 1.07406
0.0417248 0.050918 1.07406
0.0415996 0.0313874 1.07335
0.0414748 0.0205937 1.06843
0.0413504 0.0163094 1.06667
0.0412263 0.000521436 1.06773
0.0411026 0.01893 1.06536
0.0409793 0.025169 1.06921
0.0408564 0.025169 1.06921
0.0407338 0.0232254 1.07284
0.0406116 0.0376682 1.06335
0.0404898 0.0277246 1.06589
0.0403683 0.0169517 1.07519
0.0402472 0.00516369 1.07529
0.0401265 0.000716903 1.07494
0.0400061 0.0101677 1.07413
0.0398861 0.0044274 1.06801
0.0397664 0.0109771 1.06163
0.0396471 0.0219226 1.05514
0.0395282 0.0392425 1.05737
0.0394096 0.0579115 1.05711
0.0392914 0.0720975 1.0578
0.0391735 0.0610458 1.0661
0.039056 0.0690668 1.07558
0.0389388 0.0633518 1.08019
0.038822 0.0451771 1.08839
0.0387055 0.029247 1.08303
0.0385894 0.0128588 1.08355
0.0384736 0.0225573 1.08217
0.0383582 0.0384111 1.08756
0.0382431 0.0570605 1.08832
0.0381284 0.0537745 1.07894
0.038014 0.0542706 1.08263
0.0379 0.0542706 1.08263
0.0377863 0.0485851 1.08118
0.0376729 0.0390521 1.07558
0.0375599 0.0377969 1.06676
0.0374472 0.0542161 1.05812
0.0373349 0.0395049 1.05696
0.0372229 0.0528821 1.05383
0.0371112 0.0563594 1.05571
0.0369999 0.0563594 1.05571
0.0368889 0.0465115 1.05924
0.0367782 0.0648358 1.05534
0.0366679 0.0648358 1.05534
0.0365579 0.0564183 1.05037
0.0364482 0.0704477 1.05903
0.0363389 0.0872328 1.06318
0.0362298 0.0888858 1.06273
0.0361211 0.0851093 1.05984
0.0360128 0.083065 1.05701
0.0359047 0.083065 1.05701
0.035797 0.0968153 1.05539
0.0356896 0.079246 1.05741
0.0355826 0.0622397 1.05472
0.0354758 0.0457253 1.04938
0.0353694 0.0617383 1.04491
0.0352633 0.0574352 1.04485
0.0351575 0.0669932 1.03918
0.035052 0.0779426 1.04048
0.0349469 0.0629776 1.04222
0.034842 0.0608776 1.04587
0.0347375 0.0566824 1.04389
0.0346333 0.0434493 1.04887
0.0345294 0.026653 1.04111
0.0344258 0.0159626 1.03816
0.0343225 0.00828575 1.03011
0.0342196 0.0176731 1.03497
0.0341169 0.0329825 1.02935
0.0340145 0.0250154 1.02696
0.0339125 0.0326808 1.02267
0.0338108 0.0282878 1.02052
0.0337093 0.0195263 1.01742
0.0336082 0.0354461 1.01292
0.0335074 0.044245 1.02127
0.0334069 0.0461393 1.02037
0.0333066 0.0529856 1.02233
0.0332067 0.0509329 1.02601
0.0331071 0.0418714 1.02328
0.0330078 0.0471959 1.02281
0.0329088 0.0315967 1.01463
0.03281 0.0385648 1.02043
0.0327116 0.031167 1.01295
0.0326135 0.0190082 1.00687
0.0325156 0.0119923 1.00532
0.0324181 0.00461383 0.998753
0.0323208 0.016551 1.00194
0.0322239 0.0140647 1.00942
0.0321272 0.0237137 1.01072
0.0320308 0.0352755 1.01209
0.0319347 0.0230116 1.01567
0.0318389 0.0314282 1.01421
0.0317434 0.0311655 1.00953
0.0316482 0.0398066 1.00787
0.0315532 0.0487799 1.01021
0.0314586 0.052858 1.01599
0.0313642 0.0641469 1.01837
0.0312701 0.0737362 1.01239
0.0311763 0.0610617 1.00675
0.0310827 0.0586983 1.00687
0.0309895 0.0654642 1.00848
0.0308965 0.0760983 1.01446
0.0308038 0.0737985 1.01049
0.0307114 0.0759636 1.0149
0.0306193 0.0656341 1.01072
0.0305274 0.0723306 1.01521
0.0304359 0.0596851 1.00853
0.0303445 0.0446425 1.00464
0.0302535 0.0504718 0.998785
0.0301628 0.0418719 0.996026
0.0300723 0.0561301 0.996306
0.029982 0.0641397 0.996733
0.0298921 0.0601484 1.00184
0.0298024 0.074939 1.0061
0.029713 0.0853872 1.00672
0.0296239 0.0951072 1.00246
0.029535 0.0910796 0.998071
0.0294464 0.0913866 1.00519
0.0293581 0.10563 1.00089
0.02927 0.0924717 1.00035
0.0291822 0.0840972 1.00349
0.0290946 0.0861339 0.997404
0.0290074 0.0734864 1.00357
0.0289203 0.0742046 0.998007
0.0288336 0.073335 1.0024
0.0287471 0.0859016 1.0018
0.0286608 0.0795787 1.00598
0.0285748 0.0763235 1.00926
0.0284891 0.0900404 1.00421
0.0284037 0.100124 0.999778
0.0283184 0.111471 0.999174
0.0282335 0.105765 0.999188
0.0281488 0.109736 0.998802
0.0280643 0.110383 1.00141
0.0279801 0.107454 1.00036
0.0278962 0.109222 0.994739
0.0278125 0.100275 0.991799
0.0277291 0.0878438 0.985535
0.0276459 0.0825612 0.981454
0.027563 0.0771587 0.987086
0.0274803 0.0901051 0.98029
0.0273978 0.097471 0.987118
0.0273156 0.097471 0.987118
0.0272337 0.0925687 0.985809
0.027152 0.102886 0.983122
0.0270705 0.113908 0.978937
0.0269893 0.100639 0.973233
0.0269083 0.101925 0.971018
0.0268276 0.112924 0.977139
0.0267471 0.12397 0.973153
0.0266669 0.129671 0.973259
0.0265869 0.139546 0.978339
0.0265071 0.131878 0.980476
0.0264276 0.141148 0.978909
0.0263483 0.145469 0.975004
0.0262693 0.1405 0.9722
0.0261905 0.12857 0.977935
0.0261119 0.136465 0.975902
0.0260336 0.136465 0.975902
0.0259555 0.127354 0.974279
0.0258776 0.127354 0.974279
0.0258 0.131956 0.96989
0.0257226 0.126584 0.974122
0.0256454 0.126584 0.974122
0.0255685 0.13601 0.969239
0.0254918 0.138164 0.963092
0.0254153 0.149891 0.966552
0.025339 0.145337 0.966296
0.025263 0.154495 0.972114
0.0251872 0.15832 0.972688
0.0251117 0.168681 0.969579
0.0250363 0.163248 0.968843
0.0249612 0.175524 0.971134
0.0248863 0.165523 0.966322
0.0248117 0.165523 0.966322
0.0247373 0.162467 0.972194
0.024663 0.166621 0.967086
0.0245891 0.154648 0.972243
0.0245153 0.160869 0.967368
0.0244417 0.162941 0.969096
0.0243684 0.160257 0.967765
0.0242953 0.170971 0.971716
0.0242224 0.17447 0.970992
0.0241498 0.179675 0.971343
0.0240773 0.173386 0.970956
0.0240051 0.172827 0.972378
0.0239331 0.181072 0.97221
0.0238613 0.188827 0.966434
0.0237897 0.183514 0.967467
0.0237183 0.188934 0.966165
0.0236472 0.182779 0.971334
0.0235762 0.188367 0.973185
0.0235055 0.183358 0.975508
0.023435 0.178119 0.971187
0.0233647 0.184782 0.96765
0.0232946 0.185485 0.962037
0.0232247 0.196046 0.959721
0.023155 0.185228 0.960289
0.0230855 0.185823 0.957203
0.0230163 0.185415 0.953028
0.0229472 0.176679 0.949763
0.0228784 0.183041 0.954758
0.0228098 0.186316 0.952189
0.0227413 0.177938 0.94846
0.0226731 0.180223 0.944412
0.0226051 0.18934 0.939142
0.0225373 0.198765 0.944455
0.0224697 0.194623 0.946737
0.0224023 0.196537 0.946331
0.022335 0.197817 0.951901
0.022268 0.197006 0.954558
0.0222012 0.190812 0.957394
0.0221346 0.187491 0.961232
0.0220682 0.192353 0.961316
0.022002 0.195005 0.966497
0.021936 0.19584 0.968714
0.0218702 0.203186 0.974118
0.0218046 0.195692 0.976473
0.0217392 0.199998 0.974352
0.021674 0.192226 0.97197
0.0216089 0.187094 0.969712
0.0215441 0.185341 0.967855
0.0214795 0.191157 0.971914
0.021415 0.194516 0.973238
0.0213508 0.194822 0.975774
0.0212868 0.194608 0.978091
0.0212229 0.184462 0.97591
0.0211592 0.187746 0.97869
0.0210957 0.19389 0.982046
0.0210325 0.201142 0.979415
0.0209694 0.209381 0.97738
0.0209065 0.215843 0.981756
0.0208437 0.209526 0.985158
0.0207812 0.200498 0.983168
0.0207189 0.199125 0.986248
0.0206567 0.197583 0.983264
0.0205947 0.191649 0.983758
0.0205329 0.184912 0.986447
0.0204713 0.180463 0.991388
0.0204099 0.181372 0.989931
0.0203487 0.181372 0.989931
0.0202877 0.181372 0.989931
0.0202268 0.177828 0.98937
0.0201661 0.187294 0.989164
0.0201056 0.180026 0.986397
0.0200453 0.187993 0.982443
0.0199852 0.190619 0.979341
0.0199252 0.196962 0.977546
0.0198654 0.191931 0.977133
0.0198058 0.189483 0.974771
0.0197464 0.189483 0.974771
0.0196872 0.191736 0.976759
0.0196281 0.195977 0.980766
0.0195692 0.205453 0.978202
0.0195105 0.199172 0.982773
0.019452 0.201738 0.986346
0.0193936 0.205038 0.989054
0.0193355 0.200619 0.985793
0.0192775 0.204651 0.981351
0.0192196 0.210066 0.984873
0.019162 0.207481 0.985109
0.0191045 0.201395 0.989784
0.0190472 0.210494 0.987
0.01899 0.210494 0.987
0.018933 0.203839 0.991044
0.0188762 0.197477 0.994291
0.0188196 0.194064 0.993989
0.0187632 0.19728 0.996586
0.0187069 0.188854 1.00073
0.0186508 0.188364 1.00055
0.0185948 0.188113 1.00311
0.018539 0.189982 1.0007
0.0184834 0.192225 0.997361
0.0184279 0.183262 0.997084
0.0183727 0.174801 1.00068
0.0183175 0.167361 1.00181
0.0182626 0.175529 1.00479
0.0182078 0.183839 1.00476
0.0181532 0.185423 1.00377
0.0180987 0.178298 1.00204
0.0180444 0.186978 1.00436
0.0179903 0.188435 1.00167
0.0179363 0.195083 0.997612
0.0178825 0.200656 0.99936
0.0178289 0.193927 0.995125
0.0177754 0.188962 0.99913
0.0177221 0.187471 1.00224
0.0176689 0.179175 1.00562
0.0176159 0.180352 1.00647
0.017563 0.172311 1.00663
0.0175103 0.169339 1.00788
0.0174578 0.16596 1.0067
0.0174054 0.163093 1.00883
0.0173532 0.164132 1.01167
0.0173012 0.170997 1.01272
0.0172493 0.176584 1.00886
0.0171975 0.180674 1.01182
0.0171459 0.175605 1.0144
0.0170945 0.173315 1.01172
0.0170432 0.171224 1.01095
0.0169921 0.170587 1.00765
0.0169411 0.178502 1.00381
0.0168903 0.178502 1.00381
0.0168396 0.181119 1.0074
0.0167891 0.182878 1.00924
0.0167387 0.189482 1.00673
0.0166885 0.19425 1.003
0.0166384 0.19264 1.00691
0.0165885 0.187222 1.00354
0.0165387 0.195432 1.00429
0.0164891 0.20329 1.0022
0.0164397 0.206874 1.00423
0.0163903 0.203871 1.00477
0.0163412 0.206924 1.00356
0.0162922 0.21272 1.00302
0.0162433 0.212225 1.00704
0.0161945 0.211606 1.00311
0.016146 0.205054 1.00623
0.0160975 0.197989 1.00633
0.0160492 0.193043 1.00579
0.0160011 0.191856 1.0069
0.0159531 0.186032 1.01004
0.0159052 0.187777 1.00951
0.0158575 0.187777 1.00951
0.0158099 0.187777 1.00951
0.0157625 0.195452 1.00557
0.0157152 0.194547 1.00191
0.0156681 0.198393 1.00256
0.0156211 0.202942 1.00024
0.0155742 0.196982 1.0027
0.0155275 0.196982 1.0027
0.0154809 0.199209 0.999307
0.0154345 0.196229 0.999956
0.0153882 0.190328 0.999496
0.015342 0.190328 0.999496
0.015296 0.190328 0.999496
0.0152501 0.186335 1.0031
0.0152043 0.1907 1.00468
0.0151587 0.189742 1.0047
0.0151132 0.187004 1.00374
0.0150679 0.181009 1.00186
0.0150227 0.188083 1.00217
0.0149776 0.186679 0.998871
0.0149327 0.187861 1.00086
0.0148879 0.191576 0.998603
0.0148432 0.198017 1.00038
0.0147987 0.204942 0.998266
0.0147543 0.204544 0.998772
0.01471 0.20457 1.00056
0.0146659 0.203686 0.999426
0.0146219 0.203686 0.999426
0.014578 0.205877 1.00249
0.0145343 0.203621 1.00568
0.0144907 0.201053 1.00772
0.0144472 0.204459 1.00681
0.0144039 0.206272 1.0036
0.0143607 0.208619 1.00481
0.0143176 0.202218 1.00555
0.0142746 0.208487 1.00672
0.0142318 0.211851 1.0078
0.0141891 0.218859 1.00644
0.0141466 0.222633 1.00654
0.0141041 0.215603 1.00746
0.0140618 0.212532 1.00453
0.0140196 0.211138 1.00659
0.0139776 0.211138 1.00659
0.0139356 0.216191 1.0091
0.0138938 0.214917 1.00799
0.0138521 0.220602 1.00767
0.0138106 0.218167 1.00809
0.0137692 0.211806 1.01102
0.0137278 0.211806 1.01102
0.0136867 0.217412 1.01331
0.0136456 0.217412 1.01331
0.0136047 0.210954 1.01059
0.0135639 0.207119 1.00869
0.0135232 0.205585 1.00699
0.0134826 0.199826 1.00869
0.0134421 0.195067 1.00607
0.0134018 0.19987 1.0088
0.0133616 0.202048 1.01167
0.0133215 0.206963 1.00995
0.0132816 0.206963 1.00995
0.0132417 0.203769 1.01175
0.013202 0.209829 1.01202
0.0131624 0.208958 1.01166
0.0131229 0.206876 1.01045
0.0130835 0.206876 1.01045
0.0130443 0.205258 1.01175
0.0130051 0.211594 1.01476
0.0129661 0.21138 1.01776
0.0129272 0.212448 1.0194
0.0128885 0.207707 1.02133
0.0128498 0.213298 1.02107
0.0128112 0.211334 1.01808
0.0127728 0.210692 1.01538
0.0127345 0.204924 1.01464
0.0126963 0.199189 1.01438
0.0126582 0.198165 1.01424
0.0126202 0.200792 1.01306
0.0125824 0.196256 1.01511
0.0125446 0.199003 1.01669
0.012507 0.199003 1.01669
0.0124695 0.193181 1.0174
0.012432 0.199212 1.01516
0.0123948 0.19878 1.01494
0.0123576 0.202862 1.01213
0.0123205 0.207817 1.00956
0.0122835 0.205197 1.00662
0.0122467 0.209943 1.00429
0.0122099 0.214309 1.00271
0.0121733 0.214309 1.00271
0.0121368 0.213734 1.00054
0.0121004 0.218464 0.999247
0.0120641 0.213895 0.999917
0.0120279 0.210404 1.00187
0.0119918 0.210404 1.00187
0.0119558 0.205045 1.00115
0.01192 0.201979 1.00378
0.0118842 0.205107 1.00422
0.0118486 0.200247 1.00436
0.011813 0.202301 1.00564
0.0117776 0.203079 1.00692
0.0117422 0.203079 1.00692
0.011707 0.206363 1.00734
0.0116719 0.202138 1.00683
0.0116369 0.199563 1.0058
0.011602 0.203273 1.00663
0.0115672 0.20478 1.00752
0.0115325 0.20478 1.00752
0.0114979 0.208945 1.00986
0.0114634 0.203242 1.0105
0.011429 0.202133 1.00875
0.0113947 0.203704 1.0064
0.0113605 0.207098 1.00657
0.0113264 0.20336 1.00508
0.0112924 0.204217 1.00532
0.0112586 0.207178 1.00573
0.0112248 0.211157 1.00559
0.0111911 0.216028 1.00646
0.0111575 0.218764 1.00757
0.0111241 0.2138 1.00866
0.0110907 0.218658 1.01117
0.0110574 0.222612 1.01351
0.0110242 0.222275 1.01328
0.0109912 0.219429 1.01387
0.0109582 0.215501 1.0163
0.0109253 0.215501 1.0163
0.0108926 0.215501 1.0163
0.0108599 0.213354 1.01817
0.0108273 0.218074 1.01783
0.0107948 0.213825 1.01805
0.0107624 0.210478 1.0154
0.0107301 0.210478 1.0154
0.010698 0.205957 1.01662
0.0106659 0.205957 1.01662
0.0106339 0.205258 1.01917
0.010602 0.202886 1.02134
0.0105702 0.199918 1.02258
0.0105384 0.197405 1.01998
0.0105068 0.195089 1.01824
0.0104753 0.191343 1.01573
0.0104439 0.194329 1.01365
0.0104125 0.190171 1.01619
0.0103813 0.191864 1.01609
0.0103502 0.193425 1.01406
0.0103191 0.193425 1.01406
0.0102882 0.194843 1.0146
0.0102573 0.197401 1.01586
0.0102265 0.194903 1.01632
0.0101958 0.19224 1.01628
0.0101653 0.19224 1.01628
0.0101348 0.192485 1.01537
0.0101044 0.190814 1.0133
0.010074 0.190814 1.0133
0.0100438 0.192364 1.01193
0.0100137 0.197158 1.01321
