1.00955 0
1.00618 0.00337302
1.01051 0.00474559
1.00928 0.00357424
1.00586 0.00440081
1.00405 0.00401972
1.00462 0.00344489
1.00452 0.00298525
1.00569 0.00288257
1.00553 0.00258306
1.00607 0.00239624
1.00603 0.00218774
1.00585 0.00202051
1.00532 0.00194476
1.00522 0.00181306
1.00523 0.00169598
1.00521 0.0015932
1.00518 0.00150246
1.00421 0.00172154
1.0032 0.00191939
1.00313 0.00182717
1.00301 0.00174599
1.00283 0.00167793
1.00319 0.00164572
1.00284 0.00161586
1.00289 0.00155314
1.00241 0.00157024
1.00217 0.00153223
1.00219 0.00147865
1.00162 0.00153748
1.00124 0.00153471
1.00129 0.00148666
1.00137 0.00144349
1.00143 0.00140168
1.00147 0.00136141
1.00109 0.00137558
1.00112 0.00133828
1.00108 0.00130331
1.00121 0.00127644
1.00101 0.00125983
1.00084 0.00124014
1.00099 0.0012188
1.00095 0.00119073
1.00084 0.00116812
1.00081 0.00114251
1.00093 0.00112396
1.00089 0.0011005
1.00106 0.00109171
1.00132 0.00109877
1.00122 0.00108064
1.00118 0.00106026
1.00111 0.00104205
1.00078 0.00107339
1.00076 0.00105354
1.00054 0.00105725
1.00029 0.00106789
1.00039 0.00105416
1.00025 0.00104513
0.999992 0.00106033
0.999902 0.00104636
0.999945 0.00102994
0.999893 0.00101452
0.999881 0.000998356
0.999935 0.000984108
0.99997 0.000969486
0.999752 0.000979382
0.999698 0.000966145
0.999764 0.000954095
0.999711 0.00094165
0.999734 0.000928403
0.999604 0.000924514
0.999703 0.000916928
0.999486 0.000929732
0.999691 0.000939542
0.999838 0.000938528
0.999855 0.000926258
0.999991 0.00092417
0.999849 0.000923228
0.999898 0.000912791
0.999977 0.000904789
0.999955 0.000893825
1.00014 0.000903019
1.0001 0.000893162
1.00023 0.00089257
1.00015 0.000886079
1.00007 0.000879453
1.00008 0.000869394
1.00007 0.000859595
1.0001 0.000850617
1.00017 0.000843927
1.00017 0.000834612
1.00031 0.000837646
1.00029 0.000828935
1.00027 0.000820237
1.00025 0.00081174
1.00019 0.000805846
1.00015 0.000798499
1.00015 0.000790315
0.999999 0.000796759
1.00017 0.000806752
1.00016 0.0007988
1.00024 0.000795357
1.00001 0.000820542
0.999997 0.000812738
0.999973 0.000805297
0.999958 0.000797822
1 0.000791541
1.0001 0.000790381
1.00021 0.000790221
1.00016 0.000784343
1.00007 0.000782605
1.00012 0.000777297
1.00014 0.000770622
1.00018 0.000764971
1.00012 0.000760533
1.00032 0.000778757
1.00018 0.000783859
1.00029 0.000784208
1.00025 0.000778543
1.0003 0.000773496
1.00028 0.000767231
1.00032 0.000762058
1.00029 0.000756359
1.00027 0.000750582
1.00027 0.000744555
1.00033 0.000740759
1.00035 0.000735213
1.00029 0.000732002
1.00041 0.000736756
1.00041 0.0007311
1.00033 0.000729536
1.00036 0.000724679
1.00038 0.000719592
1.00038 0.000714202
1.00044 0.00071129
1.00048 0.000707002
1.00048 0.000701823
1.00056 0.000701288
1.00054 0.000696416
1.00069 0.000707231
1.00073 0.000702955
1.00073 0.000698014
1.00074 0.000693129
1.0008 0.000691519
1.0009 0.000693421
1.00081 0.000694203
1.00087 0.000691851
1.00091 0.000688372
1.00089 0.000684032
1.0008 0.000684902
1.00089 0.000685742
1.00091 0.000681643
1.00083 0.000682087
1.00093 0.000684427
1.001 0.000683967
1.001 0.000679569
1.00109 0.000680624
1.00107 0.000676535
1.00109 0.000672604
1.00117 0.000673235
1.00111 0.000671329
1.00104 0.000670871
1.00101 0.000667774
1.00106 0.000665447
1.00102 0.000662114
1.00101 0.000658207
1.00099 0.000654553
1.00104 0.000652579
1.00104 0.000648707
1.00102 0.000645373
1.001 0.000641901
1.001 0.000638159
1.00099 0.000634656
1.0009 0.000636688
1.00094 0.000634602
1.00099 0.00063275
1.00105 0.000631986
1.00111 0.000631236
1.00107 0.000628755
1.00112 0.000626974
1.00118 0.00062641
1.00121 0.000623705
1.00115 0.00062381
1.00115 0.00062041
1.00115 0.000617099
1.00108 0.000618454
1.00111 0.000615906
1.00111 0.000612636
1.0011 0.000609517
1.00106 0.000607855
1.00112 0.000608143
1.00111 0.000605128
1.00106 0.000604077
1.00112 0.00060401
1.0011 0.000601241
1.00117 0.000603057
1.00118 0.000600076
1.00119 0.000597045
1.00121 0.000594556
1.00127 0.000593973
1.00125 0.000591353
1.00124 0.000588428
1.00116 0.000591493
1.00111 0.000590267
1.00105 0.000590609
1.00107 0.00058813
1.00102 0.0005875
1.00094 0.000590012
1.00093 0.000587308
1.00094 0.000584528
1.00088 0.000584389
1.00085 0.000582387
1.00093 0.000585417
1.00091 0.000583198
1.00087 0.000582027
1.00085 0.000579646
1.00084 0.000576984
1.00082 0.000574981
1.00081 0.000572372
1.0008 0.000569921
1.00084 0.000568818
1.00082 0.000566429
1.00082 0.000563883
1.00087 0.0005631
1.0009 0.000561684
1.00094 0.000560295
1.00096 0.000558406
1.00095 0.000556057
1.00099 0.000554601
1.00094 0.000553972
1.00091 0.000552508
1.00097 0.000553708
1.00101 0.000552542
1.00106 0.000552528
1.00109 0.000551042
1.00107 0.000549142
1.00108 0.000546959
1.00108 0.000544656
1.00116 0.000547662
1.00115 0.000545399
1.00118 0.000543734
1.00119 0.000541713
1.00117 0.000540001
1.00114 0.000538516
1.00109 0.000538757
1.00109 0.000536563
1.00109 0.000534396
1.00106 0.000532735
1.00101 0.000532982
1.001 0.000530961
1.00098 0.000529178
1.001 0.000527348
1.00096 0.000526737
1.00101 0.000526893
1.00101 0.000524841
1.00096 0.000525412
1.00092 0.000525437
1.00091 0.000523401
1.0009 0.000521579
1.00089 0.000519686
1.00079 0.000526239
1.00072 0.000529844
1.00076 0.000530018
1.00077 0.000528092
1.00077 0.000526126
1.00078 0.000524355
1.00081 0.000522873
1.00084 0.000522264
1.00083 0.000520579
1.00086 0.000520022
1.00084 0.000518518
1.00085 0.000516617
1.00089 0.000516823
1.00085 0.00051636
1.00081 0.000516188
1.0008 0.00051452
1.00081 0.000512831
1.00084 0.000511838
1.0008 0.000511477
1.00078 0.000510048
1.00079 0.000508382
1.00079 0.000506603
1.0008 0.000504991
1.0008 0.000503209
1.00081 0.000501501
1.00081 0.000499746
1.00083 0.000498203
1.00083 0.000496486
1.00085 0.00049509
1.00089 0.000495039
1.00085 0.000494708
1.0009 0.000495753
1.00091 0.000494081
1.0009 0.000492471
1.00086 0.000492071
1.00084 0.000491244
1.00082 0.000489782
1.00084 0.000488595
1.00086 0.000487186
1.00093 0.000490849
