1.11478 0
1.03762 0.0771605
1.06924 0.0546312
1.01606 0.0657323
1.00159 0.0529313
0.977907 0.0492838
1.02186 0.0605523
1.01964 0.0524867
1.03011 0.047459
1.02552 0.0426965
1.00968 0.0417426
1.0021 0.0388521
0.993783 0.0366935
0.999755 0.0344924
1.00295 0.0322695
0.99794 0.0305986
1.0054 0.0296936
1.00998 0.0283681
1.0141 0.0271483
1.00838 0.0263823
1.00317 0.0256314
1.01342 0.0265048
1.00615 0.0263516
1.00703 0.0252451
1.00043 0.0250961
0.994462 0.02484
0.994796 0.0239047
0.993812 0.0230561
0.989676 0.0226281
0.991263 0.0219183
0.991504 0.0212009
0.990463 0.020554
0.991428 0.0199448
0.993577 0.0194682
0.99022 0.0191996
0.988578 0.0187307
0.986938 0.0182912
0.985857 0.0178361
0.984661 0.0174138
0.985638 0.017001
0.984196 0.0166438
0.984667 0.0162495
0.987229 0.0160726
0.988862 0.0157878
0.989083 0.0154345
0.9855 0.0155146
0.985265 0.0151827
0.981888 0.0152418
0.984644 0.0151798
0.984511 0.0148737
0.983625 0.014606
0.98188 0.0144283
0.984037 0.0143168
0.986036 0.0141908
0.986949 0.0139603
0.986595 0.0137133
0.9853 0.0135326
0.986667 0.0133673
0.987443 0.0131616
0.988524 0.0129855
0.989714 0.0128261
0.989315 0.0126239
0.989553 0.0124241
0.990803 0.0122922
0.990732 0.0121019
0.992303 0.0120203
0.992943 0.0118568
0.991847 0.0117323
0.993217 0.011642
0.993529 0.0114787
0.993548 0.0113159
0.994929 0.0112428
0.992845 0.011282
0.993337 0.0111394
0.991956 0.0110763
0.991118 0.0109616
0.991606 0.0108293
0.991156 0.0106991
0.991152 0.0105628
0.988846 0.0106818
0.988685 0.0105503
0.98868 0.0104208
0.98865 0.0102946
0.988012 0.0101913
0.988294 0.0100746
0.98755 0.00998456
0.98761 0.00986931
0.987915 0.00976127
0.98819 0.00965488
0.98853 0.00955308
0.98764 0.00948935
0.986955 0.00941062
0.987591 0.00933061
0.98892 0.00932598
0.99031 0.00933132
0.990477 0.00923512
0.990292 0.00914129
0.989899 0.00905603
0.988654 0.00905024
0.98775 0.00900475
0.988716 0.00896733
0.989137 0.00888898
0.989943 0.00883901
0.990681 0.00878472
0.990902 0.00870344
0.991203 0.00862621
0.991449 0.00854874
0.992937 0.008599
0.991982 0.00857306
0.991062 0.00854444
0.990433 0.00849045
0.990074 0.00842198
0.990026 0.00834725
0.989831 0.008276
0.990453 0.00822723
0.991218 0.00819188
0.989766 0.00825051
0.990881 0.00825598
0.99149 0.00820896
0.991842 0.00814785
0.992013 0.00808203
0.992281 0.00801999
0.992203 0.0079549
0.992434 0.00789387
0.991343 0.00790611
0.99165 0.00784909
0.992873 0.0078826
0.992446 0.00783243
0.992724 0.00777644
0.992663 0.00771663
0.992898 0.0076611
0.993002 0.00760354
0.992775 0.00754955
0.993465 0.00752469
0.993575 0.00746955
0.993905 0.00742175
0.994266 0.00737621
0.993928 0.00733033
0.994258 0.00728487
0.993828 0.00724542
0.994467 0.0072222
0.994168 0.00717738
0.995138 0.00719267
0.99525 0.00714343
0.99492 0.00710167
0.995056 0.00705417
0.994567 0.00702306
0.994838 0.00698067
0.99457 0.00693884
0.994425 0.00689396
0.994449 0.00684819
0.994683 0.00680703
0.994043 0.00679269
0.994307 0.0067536
0.99475 0.0067245
0.99481 0.00668153
0.995003 0.00664164
0.995316 0.00660691
0.99463 0.00660097
0.994024 0.00658753
0.994829 0.00659578
0.995364 0.00657669
0.995362 0.00653622
0.995578 0.00649982
0.995976 0.00647256
0.995913 0.00643376
0.996258 0.00640442
0.995465 0.00641541
0.996619 0.00648085
0.996211 0.00645551
0.995615 0.00644527
0.995547 0.00640804
0.995428 0.00637201
0.99586 0.00635
0.995911 0.00631381
0.996821 0.00634341
0.99724 0.00632137
0.997094 0.00628745
0.997048 0.0062524
0.996577 0.00623535
0.996185 0.00621322
0.997001 0.00623264
0.997336 0.00620755
0.997622 0.00618036
0.998038 0.00616093
0.998289 0.00613286
0.997457 0.00615644
0.996536 0.00619253
0.996935 0.00617259
0.997071 0.00614151
0.9968 0.00611528
0.997334 0.00610678
0.996553 0.00612501
0.996617 0.00609369
0.995951 0.00609874
0.9965 0.00609231
0.996276 0.00606547
0.995792 0.00605406
0.996372 0.00605133
0.996227 0.00602274
0.99528 0.00606708
0.994996 0.00604363
0.994468 0.00603692
0.994501 0.00600734
0.994329 0.00598044
0.994734 0.00596509
0.994223 0.00595816
0.994197 0.0059295
0.993846 0.00591151
0.993115 0.00592852
0.992569 0.00592558
0.992262 0.00590552
0.992458 0.00588098
0.991843 0.00588568
0.991884 0.00585839
0.992502 0.00586388
0.992358 0.00583859
0.992011 0.00582209
0.991917 0.00579621
0.991458 0.00578796
0.991545 0.00576236
0.992155 0.00576866
0.992573 0.00575793
0.993067 0.00575345
0.993639 0.00575632
0.993176 0.00574947
0.993107 0.0057245
0.992843 0.00570544
0.99246 0.00569336
0.992412 0.00566875
0.993054 0.00568053
0.99354 0.00567684
0.993741 0.005656
0.993772 0.00563186
0.993324 0.00562574
0.993091 0.00560671
0.992731 0.00559456
0.992265 0.00559046
0.992487 0.00557144
0.991932 0.00557588
0.991725 0.00555654
0.992093 0.00554574
0.991543 0.00555014
0.991108 0.00554443
0.990582 0.0055468
0.990447 0.00552584
0.990409 0.00550356
0.990614 0.00548516
0.990904 0.00547077
0.990727 0.00545171
0.990923 0.00543347
0.990501 0.00542826
0.990624 0.00540815
0.991004 0.00540025
0.990833 0.00538175
0.991161 0.00537067
0.991653 0.00537233
0.992092 0.00536941
0.991862 0.00535355
0.991775 0.00533364
0.992301 0.00533921
0.992627 0.00532873
0.992887 0.00531481
0.992673 0.00529894
0.992684 0.00527892
0.993089 0.00527457
0.993276 0.0052581
0.9935 0.00524325
0.993822 0.00523362
0.994012 0.00521766
0.993972 0.00519852
0.994066 0.00518022
0.993975 0.005162
0.994364 0.00515783
0.994905 0.00516743
0.995316 0.00516504
0.995758 0.00516528
0.995776 0.0051467
0.995972 0.00513195
0.996247 0.005121
0.99616 0.00510349
0.996599 0.00510428
0.996032 0.00511767
0.996206 0.00510258
0.996543 0.00509579
0.996735 0.00508155
0.996893 0.00506629
0.997224 0.00505949
0.997536 0.00505159
0.997566 0.00503423
0.997448 0.00501829
0.997455 0.00500108
0.997284 0.00498693
0.997416 0.0049717
0.99758 0.00495752
0.998064 0.00496439
0.998004 0.00494801
0.998116 0.00493265
0.998588 0.00493875
0.998376 0.00492686
