3.15821 0
3.14376 0.0144539
3.15758 0.0161452
3.15353 0.0121121
3.15381 0.00938612
3.1498 0.00864995
3.14885 0.0073716
3.14725 0.00658077
3.14774 0.00582412
3.148 0.00521553
3.14646 0.00496239
3.14682 0.00454409
3.1469 0.00418082
3.14951 0.00466661
3.14884 0.00439561
3.14956 0.00417371
3.14868 0.00401802
3.14788 0.00387144
3.14696 0.00377478
3.1465 0.0036109
3.14569 0.00352769
3.14654 0.00346719
3.14693 0.00333673
3.14776 0.00329979
3.14708 0.00323715
3.14629 0.00320915
3.14674 0.00312021
3.14674 0.00300671
3.14584 0.00303737
3.1457 0.00293788
3.14443 0.00311134
3.14385 0.00306753
3.14362 0.0029821
3.1439 0.00290655
3.14319 0.0029102
3.14292 0.00284159
3.14278 0.00276712
3.14261 0.00269835
3.14319 0.00269162
3.14367 0.00266707
3.14393 0.00261414
3.14392 0.00255121
3.14378 0.00249498
3.14331 0.00248168
3.14322 0.00242753
3.14295 0.00238955
3.1433 0.00236375
3.1428 0.00236847
3.14257 0.00233046
3.14219 0.0023157
3.14251 0.00229312
3.14205 0.00229619
3.14263 0.00232666
3.14289 0.00229771
3.14307 0.00226257
3.143 0.0022228
3.14296 0.00218375
3.14285 0.00214852
3.14256 0.00213186
3.14248 0.00209779
3.14202 0.00211231
3.14191 0.00208089
3.14205 0.00205239
3.14257 0.00208426
3.14284 0.00207032
3.14291 0.00203977
3.14292 0.00200912
3.14269 0.00199173
3.14291 0.00197477
3.14324 0.00197448
3.14368 0.00199363
3.14331 0.00199995
3.14341 0.00197532
3.14318 0.00196201
3.14338 0.00194521
3.1432 0.00192745
3.14321 0.00190227
3.14343 0.00189026
3.1431 0.0018946
3.14302 0.00187227
3.1428 0.00186228
3.1431 0.00186336
3.14298 0.00184493
3.14293 0.00182348
3.14287 0.00180273
3.14279 0.00178363
3.14245 0.00179451
3.14247 0.00177408
3.14236 0.00175727
3.14247 0.00174089
3.14256 0.00172423
3.1428 0.00172198
3.14273 0.0017049
3.14274 0.00168669
3.1427 0.00166922
3.14286 0.00165889
3.14288 0.0016419
3.14294 0.00162598
3.14283 0.00161309
3.14269 0.00160284
3.14285 0.00159535
3.14275 0.00158325
3.14301 0.00158912
3.14307 0.00157503
3.14312 0.00156077
3.14331 0.00155698
3.14355 0.00156119
3.14363 0.00154876
3.14379 0.00154322
3.14374 0.0015299
3.14365 0.00151891
3.14358 0.00150669
3.14336 0.00151071
3.14343 0.00149929
3.14341 0.00148633
3.14347 0.00147456
3.14337 0.00146521
3.14322 0.00145999
3.14325 0.00144792
3.14322 0.00143621
3.14335 0.00143033
3.14341 0.0014197
3.14321 0.00142099
3.1432 0.00140952
3.14318 0.00139834
3.14316 0.00138744
3.14312 0.00137704
3.14304 0.00136854
3.14312 0.00136007
3.14317 0.00135048
3.14315 0.00134021
3.14311 0.00133063
3.14319 0.00132299
3.14309 0.00131717
3.14294 0.00131545
3.14297 0.00130596
3.14316 0.00131058
3.14317 0.00130115
3.14296 0.00130926
3.14286 0.00130353
3.14289 0.00129454
3.1429 0.00128544
3.14289 0.00127646
3.1429 0.00126761
3.14281 0.00126264
3.1427 0.00125856
3.14272 0.00125021
3.14265 0.00124411
3.14261 0.00123638
3.14251 0.0012316
3.14265 0.0012307
3.14282 0.00123441
3.14269 0.00123334
3.14264 0.0012262
3.14269 0.0012193
3.14289 0.00122829
3.14305 0.0012306
3.14297 0.00122556
3.1429 0.00121996
3.14284 0.00121338
3.14275 0.00120921
3.14265 0.00120636
3.14263 0.00119902
3.14266 0.00119195
3.14282 0.00119604
3.14277 0.00118992
3.14292 0.00119168
3.14292 0.00118458
3.14283 0.00118093
3.14277 0.00117557
3.14285 0.00117111
3.14292 0.00116666
3.14288 0.00116083
3.14274 0.00116233
3.14265 0.00115925
3.14254 0.00115757
3.14261 0.00115279
3.14253 0.00114884
3.1426 0.00114465
3.14262 0.00113852
3.14253 0.00113651
3.14268 0.00114112
3.14276 0.0011378
3.14268 0.00113462
3.14272 0.001129
3.14275 0.00112357
3.14266 0.00112123
3.14232 0.00116796
3.14228 0.00116238
3.14214 0.0011644
3.14203 0.00116388
3.14211 0.00116081
3.14216 0.00115597
3.14215 0.00115007
3.1422 0.00114544
3.14228 0.00114188
3.14235 0.00113819
3.14253 0.00114672
3.14248 0.00114208
3.14243 0.00113745
