 0  0 0
 0.00231823  0 0
 0.00463647  0 0
 0.0069547  0 0
 0.00927294  0 0
 0.0115912  0 0
 0.0139094  0 0
 0.0162276  0 0
 0.0185459  0 0
 0.0208641  0 0
 0.0231823  0 0
 0.0255006  0 0
 0.0278188  0 0
 0.030137  0 0
 0.0324553  0 0
 0.0347735  0 0
 0.0370917  0 0
 0.03941  0 0
 0.0417282  0 0
 0.0440464  0 0
 0.0463647  0 0
 0.0486829  0 0
 0.0510011  0 0
 0.0533194  0 0
 0.0556376  0 0
 0.0579559  0 0
 0.0602741  0 0
 0.0625923  0 0
 0.0649106  0 0
 0.0672288  0 0
 0.069547  0 0
 0.0718653  0 0
 0.0741835  0 0
 0.0765017  0 0
 0.07882  0 0
 0.0811382  0 0
 0.0834564  0 0
 0.0857747  0 0
 0.0880929  0 0
 0.0904111  0 0
 0.0927294  0 0
 0.0950476  0 0
 0.0973658  0 0
 0.0996841  0 0
 0.102002  0 0
 0.104321  0 0
 0.106639  0 0
 0.108957  0 0
 0.111275  0 0
 0.113593  0 0
 0.115912  0 0
 0.11823  0 0
 0.120548  0 0
 0.122866  0 0
 0.125185  0 0
 0.127503  0 0
 0.129821  0 0
 0.132139  0 0
 0.134458  0 0
 0.136776  0 0
 0.139094  0 0
 0.141412  0 0
 0.143731  0 0
 0.146049  0 0
 0.148367  0 0
 0.150685  0 0
 0.153003  0 0
 0.155322  0 0
 0.15764  0 0
 0.159958  0 0
 0.162276  0 0
 0.164595  0 0
 0.166913  0 0
 0.169231  0 0
 0.171549  0 0
 0.173868  0 0
 0.176186  0 0
 0.178504  0 0
 0.180822  0 0
 0.18314  0 0
 0.185459  0 0
 0.187777  0 0
 0.190095  0 0
 0.192413  0 0
 0.194732  0 0
 0.19705  0 0
 0.199368  0 0
 0.201686  0 0
 0.204005  0 0
 0.206323  0 0
 0.208641  0 0
 0.210959  0 0
 0.213278  0 0
 0.215596  0 0
 0.217914  0 0
 0.220232  0 0
 0.22255  0 0
 0.224869  0 0
 0.227187  0 0
 0.229505  0 0
 0.231823  0 0
 0.234142  0 0
 0.23646  0 0
 0.238778  0 0
 0.241096  0 0
 0.243415  0 0
 0.245733  0 0
 0.248051  0 0
 0.250369  0 0
 0.252688  0 0
 0.255006  0 0
 0.257324  0 0
 0.259642  0 0
 0.26196  0 0
 0.264279  0 0
 0.266597  0 0
 0.268915  0 0
 0.271233  0 0
 0.273552  0 0
 0.27587  0 0
 0.278188  0 0
 0.280506  0 0
 0.282825  0 0
 0.285143  0 0
 0.287461  0 0
 0.289779  0 0
 0.292097  0 0
 0.294416  0 0
 0.296734  0 0
 0.299052  0 0
 0.30137  0 0
 0.303689  0 0
 0.306007  0 0
 0.308325  0 0
 0.310643  0 0
 0.312962  0 0
 0.31528  0 0
 0.317598  0 0
 0.319916  0 0
 0.322235  0 0
 0.324553  0 0
 0.326871  0 0
 0.329189  0 0
 0.331507  0 0
 0.333826  0 0
 0.336144  0 0
 0.338462  0 0
 0.34078  0 0
 0.343099  0 0
 0.345417  0 0
 0.347735  0 0
 0.350053  0 0
 0.352372  0 0
 0.35469  0 0
 0.357008  0 0
 0.359326  0 0
 0.361645  0 0
 0.363963  0 0
 0.366281  0 0
 0.368599  0 0
 0.370917  0 0
 0.373236  0 0
 0.375554  0 0
 0.377872  0 0
 0.38019  0 0
 0.382509  0 0
 0.384827  0 0
 0.387145  0 0
 0.389463  0 0
 0.391782  0 0
 0.3941  0 0
 0.396418  0 0
 0.398736  0 0
 0.401054  0 0
 0.403373  0 0
 0.405691  0 0
 0.408009  0 0
 0.410327  0 0
 0.412646  0 0
 0.414964  0 0
 0.417282  0 0
 0.4196  0 0
 0.421919  0 0
 0.424237  0 0
 0.426555  0 0
 0.428873  0 0
 0.431192  0 0
 0.43351  0 0
 0.435828  0 0
 0.438146  0 0
 0.440464  0 0
 0.442783  0 0
 0.445101  0 0
 0.447419  0 0
 0.449737  0 0
 0.452056  0 0
 0.454374  0 0
 0.456692  0 0
 0.45901  0 0
 0.461329  0 0
 0.463647  0 0
 0.465965  0 0
 0.468283  0 0
 0.470602  0 0
 0.47292  0 0
 0.475238  0 0
 0.477556  0 0
 0.479874  0 0
 0.482193  0 0
 0.484511  0 0
 0.486829  0 0
 0.489147  0 0
 0.491466  0 0
 0.493784  0 0
 0.496102  0 0
 0.49842  0 0
 0.500739  0 0
 0.503057  0 0
 0.505375  0 0
 0.507693  0 0
 0.510011  0 0
 0.51233  0 0
 0.514648  0 0
 0.516966  0 0
 0.519284  0 0
 0.521603  0 0
 0.523921  0 0
 0.526239  0 0
 0.528557  0 0
 0.530876  0 0
 0.533194  0 0
 0.535512  0 0
 0.53783  0 0
 0.540149  0 0
 0.542467  0 0
 0.544785  0 0
 0.547103  0 0
 0.549421  0 0
 0.55174  0 0
 0.554058  0 0
 0.556376  0 0
 0.558694  0 0
 0.561013  0 0
 0.563331  0 0
 0.565649  0 0
 0.567967  0 0
 0.570286  0 0
 0.572604  0 0
 0.574922  0 0
 0.57724  0 0
 0.579559  0 0
 0.581877  0 0
 0.584195  0 0
 0.586513  0 0
 0.588831  0 0
 0.59115  0 0
 0.593468  0 0
 0.595786  0 0
 0.598104  0 0
 0.600423  0 0
 0.602741  0 0
 0.605059  0 0
 0.607377  0 0
 0.609696  0 0
 0.612014  0 0
 0.614332  0 0
 0.61665  0 0
 0.618968  0 0
 0.621287  0 0
 0.623605  0 0
 0.625923  0 0
 0.628241  0 0
 0.63056  0 0
 0.632878  0 0
 0.635196  0 0
 0.637514  0 0
 0.639833  0 0
 0.642151  0 0
 0.644469  0 0
 0.646787  0 0
 0.649106  0 0
 0.651424  0 0
 0.653742  0 0
 0.65606  0 0
 0.658378  0 0
 0.660697  0 0
 0.663015  0 0
 0.665333  0 0
 0.667651  0 0
 0.66997  0 0
 0.672288  0 0
 0.674606  0 0
 0.676924  0 0
 0.679243  0 0
 0.681561  0 0
 0.683879  0 0
 0.686197  0 0
 0.688516  0 0
 0.690834  0 0
 0.693152  0 0
 0.69547  0 0
 0.697788  0 0
 0.700107  0 0
 0.702425  0 0
 0.704743  0 0
 0.707061  0 0
 0.70938  0 0
 0.711698  0 0
 0.714016  0 0
 0.716334  0 0
 0.718653  0 0
 0.720971  0 0
 0.723289  0 0
 0.725607  0 0
 0.727925  0 0
 0.730244  0 0
 0.732562  0 0
 0.73488  0 0
 0.737198  0 0
 0.739517  0 0
 0.741835  0 0
 0.744153  0 0
 0.746471  0 0
 0.74879  0 0
 0.751108  0 0
 0.753426  0 0
 0.755744  0 0
 0.758063  0 0
 0.760381  0 0
 0.762699  0 0
 0.765017  0 0
 0.767335  0 0
 0.769654  0 0
 0.771972  0 0
 0.77429  0 0
 0.776608  0 0
 0.778927  0 0
 0.781245  0 0
 0.783563  0 0
 0.785881  0 0
 0.7882  0 0
 0.790518  0 0
 0.792836  0 0
 0.795154  0 0
 0.797473  0 0
 0.799791  0 0
 0.802109  0 0
 0.804427  0 0
 0.806745  0 0
 0.809064  0 0
 0.811382  0 0
 0.8137  0 0
 0.816018  0 0
 0.818337  0 0
 0.820655  0 0
 0.822973  0 0
 0.825291  0 0
 0.82761  0 0
 0.829928  0 0
 0.832246  0 0
 0.834564  0 0
 0.836882  0 0
 0.839201  0 0
 0.841519  0 0
 0.843837  0 0
 0.846155  0 0
 0.848474  0 0
 0.850792  0 0
 0.85311  0 0
 0.855428  0 0
 0.857747  0 0
 0.860065  0 0
 0.862383  0 0
 0.864701  0 0
 0.86702  0 0
 0.869338  0 0
 0.871656  0 0
 0.873974  3.01827e-06 3.01525e-06
 0.876292  0 0
 0.878611  4.47981e-06 3.33304e-06
 0.880929  1.48543e-05 6.93554e-06
 0.883247  1.18212e-05 5.88692e-06
 0.885565  2.05791e-05 7.43852e-06
 0.887884  5.26421e-05 1.21825e-05
 0.890202  5.67327e-05 1.19919e-05
 0.89252  0.00013169 2.24396e-05
 0.894838  0.000192916 2.56765e-05
 0.897157  0.000232024 2.48697e-05
 0.899475  0.000357646 3.59624e-05
 0.901793  0.000568448 3.8285e-05
 0.904111  0.000860299 4.96587e-05
 0.90643  0.00136384 6.65627e-05
 0.908748  0.00183293 7.46961e-05
 0.911066  0.00266392 8.89175e-05
 0.913384  0.00376698 0.000113514
 0.915702  0.00505823 0.000122704
 0.918021  0.00696021 0.000153959
 0.920339  0.00924045 0.000168544
 0.922657  0.0123496 0.000191123
 0.924975  0.0163842 0.000232944
 0.927294  0.0212124 0.000246393
 0.929612  0.0273118 0.000280595
 0.93193  0.0349023 0.000330134
 0.934248  0.0444752 0.000355108
 0.936567  0.0550612 0.000404963
 0.938885  0.0690946 0.000484545
 0.941203  0.0849144 0.000523763
 0.943521  0.104641 0.000567084
 0.945839  0.126906 0.000627641
 0.948158  0.150578 0.000726393
 0.950476  0.183278 0.000775867
 0.952794  0.213615 0.000830445
 0.955112  0.253424 0.00093381
 0.957431  0.297741 0.00100073
 0.959749  0.345809 0.00106389
 0.962067  0.400542 0.00114397
 0.964385  0.458984 0.00116642
 0.966704  0.523377 0.00128414
 0.969022  0.596076 0.00144478
 0.97134  0.673749 0.001498
 0.973658  0.756299 0.00160816
 0.975977  0.84768 0.00164493
 0.978295  0.940715 0.00180014
 0.980613  1.04369 0.00192627
 0.982931  1.15261 0.00198413
 0.985249  1.26648 0.00215803
 0.987568  1.38117 0.00204977
 0.989886  1.50641 0.00224556
 0.992204  1.63118 0.00229591
 0.994522  1.7708 0.00230227
 0.996841  1.89705 0.00247965
 0.999159  2.04237 0.00245987
 1.00148  2.18253 0.00247106
 1.0038  2.32594 0.00249188
 1.00611  2.47056 0.00276962
 1.00843  2.61453 0.00276671
 1.01075  2.76001 0.00289733
 1.01307  2.91232 0.00280609
 1.01539  3.04665 0.00279067
 1.0177  3.19315 0.0030211
 1.02002  3.33609 0.00301334
 1.02234  3.47043 0.00299241
 1.02466  3.59996 0.00311412
 1.02698  3.73602 0.00300966
 1.0293  3.85543 0.00317257
 1.03161  3.97838 0.00296368
 1.03393  4.08876 0.00317
 1.03625  4.19591 0.00332186
 1.03857  4.30239 0.00318383
 1.04089  4.39308 0.00304477
 1.04321  4.4819 0.00331209
 1.04552  4.55642 0.00329748
 1.04784  4.62746 0.003273
 1.05016  4.69565 0.0035534
 1.05248  4.7534 0.00363231
 1.0548  4.79977 0.00339482
 1.05711  4.84272 0.00355578
 1.05943  4.8771 0.00328416
 1.06175  4.90462 0.00352487
 1.06407  4.92131 0.0035643
 1.06639  4.93121 0.00360116
 1.06871  4.93749 0.00343964
 1.07102  4.93204 0.00367563
 1.07334  4.91476 0.00363718
 1.07566  4.89523 0.00365623
 1.07798  4.86439 0.0032766
 1.0803  4.83931 0.00357966
 1.08262  4.78929 0.00363344
 1.08493  4.74695 0.00350892
 1.08725  4.70244 0.00338851
 1.08957  4.64419 0.00345338
 1.09189  4.59045 0.0034982
 1.09421  4.5207 0.00331338
 1.09652  4.45055 0.00345018
 1.09884  4.37096 0.00332484
 1.10116  4.29247 0.00317866
 1.10348  4.21438 0.00316012
 1.1058  4.13002 0.00328246
 1.10812  4.04682 0.00323708
 1.11043  3.95475 0.00314944
 1.11275  3.86398 0.00302445
 1.11507  3.7701 0.00312342
 1.11739  3.67212 0.00293974
 1.11971  3.5755 0.00282773
 1.12203  3.47861 0.00283544
 1.12434  3.38752 0.00276909
 1.12666  3.28104 0.00280666
 1.12898  3.17952 0.00271464
 1.1313  3.08481 0.00262038
 1.13362  2.98695 0.00251698
 1.13593  2.89115 0.00248025
 1.13825  2.79439 0.00240212
 1.14057  2.6949 0.00244736
 1.14289  2.5979 0.00235811
 1.14521  2.50286 0.00236159
 1.14753  2.41221 0.00215766
 1.14984  2.32337 0.00211955
 1.15216  2.22909 0.00207396
 1.15448  2.14303 0.00210631
 1.1568  2.05818 0.00206697
 1.15912  1.96889 0.00201321
 1.16144  1.88756 0.0019045
 1.16375  1.80777 0.00191833
 1.16607  1.72781 0.0018633
 1.16839  1.65335 0.00173893
 1.17071  1.57543 0.00176149
 1.17303  1.50559 0.00174475
 1.17534  1.43683 0.00169038
 1.17766  1.37059 0.00160699
 1.17998  1.30218 0.00154553
 1.1823  1.23931 0.00151587
 1.18462  1.17667 0.00141156
 1.18694  1.12004 0.00149392
 1.18925  1.06231 0.00142638
 1.19157  1.00949 0.0013593
 1.19389  0.956548 0.00143996
 1.19621  0.903977 0.00129853
 1.19853  0.857044 0.00132249
 1.20085  0.811204 0.00122393
 1.20316  0.764454 0.00129003
 1.20548  0.724515 0.00116183
 1.2078  0.682471 0.00115289
 1.21012  0.643897 0.00112288
 1.21244  0.607377 0.00116048
 1.21475  0.570819 0.0010358
 1.21707  0.536315 0.00102636
 1.21939  0.503822 0.000958984
 1.22171  0.476095 0.00100534
 1.22403  0.446041 0.000975176
 1.22635  0.420623 0.000910724
 1.22866  0.393172 0.00090982
 1.23098  0.367648 0.000896179
 1.2333  0.344693 0.00085959
 1.23562  0.323784 0.000918426
 1.23794  0.302423 0.000881491
 1.24026  0.283447 0.000804393
 1.24257  0.264563 0.000769382
 1.24489  0.247451 0.000797941
 1.24721  0.231073 0.00074639
 1.24953  0.214353 0.000658411
 1.25185  0.200906 0.000657652
 1.25416  0.187714 0.000686122
 1.25648  0.174384 0.000630696
 1.2588  0.161264 0.000590382
 1.26112  0.15119 0.000576001
 1.26344  0.141086 0.000553448
 1.26576  0.13139 0.000538708
 1.26807  0.122475 0.000518741
 1.27039  0.113959 0.000522058
 1.27271  0.105648 0.000489972
 1.27503  0.0981637 0.00048219
 1.27735  0.0910179 0.000439054
 1.27967  0.0856979 0.000435149
 1.28198  0.0802914 0.000420014
 1.2843  0.0745995 0.000386357
 1.28662  0.0699941 0.000376673
 1.28894  0.0655407 0.000362993
 1.29126  0.061642 0.000349725
 1.29357  0.0584333 0.000363325
 1.29589  0.0546645 0.000331479
 1.29821  0.0524652 0.00033885
 1.30053  0.0494184 0.000315315
 1.30285  0.0475483 0.000329407
 1.30517  0.0455822 0.000337468
 1.30748  0.0439516 0.000303922
 1.3098  0.0430633 0.000303384
 1.31212  0.0420717 0.000306256
 1.31444  0.0413586 0.000316018
 1.31676  0.0409983 0.000289179
 1.31908  0.0409752 0.000298962
 1.32139  0.0407926 0.000295947
 1.32371  0.0409325 0.00029757
 1.32603  0.0413336 0.000287119
 1.32835  0.0420743 0.000308628
 1.33067  0.043757 0.000292686
 1.33298  0.044903 0.00030709
 1.3353  0.0467327 0.000315216
 1.33762  0.0486719 0.000313872
 1.33994  0.0508731 0.000313216
 1.34226  0.0528187 0.000332088
 1.34458  0.0556837 0.000315589
 1.34689  0.0578958 0.000332735
 1.34921  0.0613106 0.000344162
 1.35153  0.064341 0.000345118
 1.35385  0.0682461 0.000377222
 1.35617  0.0718664 0.000364872
 1.35849  0.0764675 0.000380907
 1.3608  0.0809915 0.000382169
 1.36312  0.0858835 0.000422637
 1.36544  0.0905062 0.000435587
 1.36776  0.0960067 0.000418008
 1.37008  0.101106 0.000440912
 1.37239  0.106885 0.000437629
 1.37471  0.113964 0.000426222
 1.37703  0.121233 0.000470533
 1.37935  0.129238 0.000491256
 1.38167  0.13501 0.00047496
 1.38399  0.142427 0.00053349
 1.3863  0.151118 0.00050805
 1.38862  0.160345 0.000512523
 1.39094  0.168888 0.000545502
 1.39326  0.177375 0.000525572
 1.39558  0.18659 0.000534574
 1.3979  0.196986 0.000576352
 1.40021  0.208816 0.000559768
 1.40253  0.218942 0.000565214
 1.40485  0.23041 0.000607971
 1.40717  0.241402 0.000617325
 1.40949  0.253674 0.000576015
 1.4118  0.266459 0.000638208
 1.41412  0.279965 0.000648908
 1.41644  0.292682 0.000668525
 1.41876  0.30681 0.000695313
 1.42108  0.320779 0.000724871
 1.4234  0.334675 0.000661732
 1.42571  0.350062 0.000688143
 1.42803  0.365078 0.000738861
 1.43035  0.380645 0.000753404
 1.43267  0.397095 0.000771918
 1.43499  0.411739 0.000820688
 1.43731  0.429307 0.000793469
 1.43962  0.445205 0.000722484
 1.44194  0.462549 0.000765211
 1.44426  0.479771 0.000750571
 1.44658  0.496365 0.000831703
 1.4489  0.514961 0.000798703
 1.45121  0.532167 0.000856477
 1.45353  0.549041 0.000819449
 1.45585  0.567268 0.000860378
 1.45817  0.585464 0.00087305
 1.46049  0.602735 0.000853212
 1.46281  0.621948 0.000902561
 1.46512  0.639697 0.000895205
 1.46744  0.659637 0.000892845
 1.46976  0.676825 0.000904541
 1.47208  0.694472 0.000916388
 1.4744  0.710063 0.000924478
 1.47672  0.727793 0.000897752
 1.47903  0.744453 0.000871839
 1.48135  0.761952 0.000983646
 1.48367  0.776015 0.00100475
 1.48599  0.792851 0.000949665
 1.48831  0.808081 0.000950147
 1.49062  0.822657 0.00102022
 1.49294  0.839781 0.00101565
 1.49526  0.851134 0.00105751
 1.49758  0.866769 0.00109751
 1.4999  0.878343 0.00105442
 1.50222  0.890607 0.00113691
 1.50453  0.902102 0.00107051
 1.50685  0.91208 0.00109482
 1.50917  0.9241 0.00108259
 1.51149  0.932245 0.00107589
 1.51381  0.940356 0.0011733
 1.51613  0.947992 0.00117577
 1.51844  0.953163 0.00109028
 1.52076  0.960244 0.00121848
 1.52308  0.96367 0.00117136
 1.5254  0.968024 0.00119774
 1.52772  0.971614 0.00114524
 1.53003  0.974576 0.00120645
 1.53235  0.975222 0.00118883
 1.53467  0.975901 0.00117306
 1.53699  0.974363 0.00116029
 1.53931  0.971539 0.00110967
 1.54163  0.967772 0.00120245
 1.54394  0.963937 0.00109932
 1.54626  0.961219 0.00115635
 1.54858  0.955233 0.00109846
 1.5509  0.946605 0.00107444
 1.55322  0.940487 0.00116599
 1.55554  0.931654 0.00119086
 1.55785  0.925295 0.00103787
 1.56017  0.915383 0.00109082
 1.56249  0.903665 0.00109421
 1.56481  0.893519 0.00102174
 1.56713  0.881158 0.00105726
 1.56944  0.866821 0.00105091
 1.57176  0.853403 0.00108565
 1.57408  0.840503 0.00103671
 1.5764  0.827287 0.000986613
 1.57872  0.811396 0.0010325
 1.58104  0.796337 0.000917312
 1.58335  0.77988 0.000901179
 1.58567  0.765234 0.000964386
 1.58799  0.748538 0.000878783
 1.59031  0.730275 0.000906956
 1.59263  0.712702 0.000887803
 1.59495  0.695804 0.00087495
 1.59726  0.677473 0.000851793
 1.59958  0.659341 0.000826423
 1.6019  0.641919 0.000841778
 1.60422  0.62433 0.000781012
 1.60654  0.60705 0.000812691
 1.60885  0.588122 0.000749354
 1.61117  0.570025 0.000790627
 1.61349  0.551917 0.000767194
 1.61581  0.532962 0.000721124
 1.61813  0.516574 0.000710826
 1.62045  0.498672 0.000759578
 1.62276  0.481993 0.00069639
 1.62508  0.464115 0.000691324
 1.6274  0.44794 0.000670918
 1.62972  0.43132 0.000657932
 1.63204  0.415269 0.000615955
 1.63436  0.399991 0.000653993
 1.63667  0.383694 0.000657708
 1.63899  0.368178 0.000618274
 1.64131  0.354128 0.00064994
 1.64363  0.340627 0.000634235
 1.64595  0.327787 0.000558585
 1.64826  0.313597 0.000617336
 1.65058  0.301841 0.000566496
 1.6529  0.289809 0.000567266
 1.65522  0.278653 0.000576894
 1.65754  0.26806 0.000589172
 1.65986  0.257594 0.000563593
 1.66217  0.248548 0.000560278
 1.66449  0.238521 0.000583117
 1.66681  0.230974 0.000531213
 1.66913  0.223241 0.00053919
 1.67145  0.216866 0.000551548
 1.67376  0.210125 0.000524064
 1.67608  0.20427 0.00053347
 1.6784  0.199681 0.000541431
 1.68072  0.196333 0.000545917
 1.68304  0.193318 0.000540209
 1.68536  0.190472 0.000567659
 1.68767  0.188276 0.000550142
 1.68999  0.187762 0.000556282
 1.69231  0.188239 0.000533481
 1.69463  0.188963 0.000559044
 1.69695  0.191503 0.000582839
 1.69927  0.19395 0.000567768
 1.70158  0.1984 0.000577768
 1.7039  0.202911 0.000616604
 1.70622  0.207888 0.00063724
 1.70854  0.214552 0.000615654
 1.71086  0.222546 0.000639051
 1.71317  0.231739 0.000616531
 1.71549  0.242555 0.000645378
 1.71781  0.253597 0.000640341
 1.72013  0.265123 0.000684031
 1.72245  0.280101 0.000698483
 1.72477  0.294194 0.000708948
 1.72708  0.310456 0.000679176
 1.7294  0.32817 0.000737156
 1.73172  0.347068 0.000754618
 1.73404  0.366571 0.000780589
 1.73636  0.388926 0.000761118
 1.73868  0.410373 0.000820981
 1.74099  0.435513 0.000780563
 1.74331  0.460524 0.000794621
 1.74563  0.487057 0.000861878
 1.74795  0.515663 0.00087019
 1.75027  0.545594 0.000870166
 1.75258  0.577048 0.000873762
 1.7549  0.609327 0.00091786
 1.75722  0.644524 0.000920759
 1.75954  0.679208 0.000929236
 1.76186  0.717111 0.000925066
 1.76418  0.756338 0.00100497
 1.76649  0.79564 0.00098087
 1.76881  0.837279 0.00099271
 1.77113  0.880599 0.00103849
 1.77345  0.922627 0.00100594
 1.77577  0.970411 0.00107282
 1.77809  1.01659 0.00103593
 1.7804  1.06238 0.00101923
 1.78272  1.1117 0.00107077
 1.78504  1.16199 0.00104752
 1.78736  1.21296 0.00109676
 1.78968  1.26349 0.00112167
 1.79199  1.31394 0.00106325
 1.79431  1.37063 0.00107075
 1.79663  1.42327 0.00111005
 1.79895  1.47822 0.00116022
 1.80127  1.53048 0.00117258
 1.80359  1.58698 0.00109956
 1.8059  1.64025 0.00124421
 1.80822  1.69341 0.00123293
 1.81054  1.75264 0.00122786
 1.81286  1.80455 0.0012299
 1.81518  1.85895 0.00131949
 1.8175  1.91086 0.00128892
 1.81981  1.96517 0.00125949
 1.82213  2.0183 0.00132299
 1.82445  2.06607 0.00132819
 1.82677  2.11984 0.00135472
 1.82909  2.16646 0.00135875
 1.8314  2.21595 0.00138938
 1.83372  2.26282 0.00144474
 1.83604  2.30803 0.00149395
 1.83836  2.34893 0.0014883
 1.84068  2.39101 0.00148049
 1.843  2.43046 0.00155989
 1.84531  2.46641 0.00160204
 1.84763  2.50243 0.00154447
 1.84995  2.53544 0.0016029
 1.85227  2.56203 0.00155623
 1.85459  2.59617 0.00164252
 1.85691  2.62065 0.00163563
 1.85922  2.63979 0.0017054
 1.86154  2.66266 0.00178891
 1.86386  2.6784 0.00170959
 1.86618  2.69518 0.00163046
 1.8685  2.71019 0.00170988
 1.87081  2.7141 0.00174687
 1.87313  2.72396 0.00168782
 1.87545  2.72568 0.00184743
 1.87777  2.72517 0.00184478
 1.88009  2.7222 0.00180275
 1.88241  2.7186 0.00177895
 1.88472  2.71036 0.00176721
 1.88704  2.69569 0.00170371
 1.88936  2.68438 0.00171805
 1.89168  2.66734 0.00173804
 1.894  2.64781 0.00167529
 1.89632  2.62702 0.00172346
 1.89863  2.60389 0.00164337
 1.90095  2.57885 0.00171515
 1.90327  2.54741 0.0016216
 1.90559  2.51832 0.0016146
 1.90791  2.48358 0.0016645
 1.91022  2.4484 0.0015573
 1.91254  2.40996 0.00156876
 1.91486  2.373 0.00144931
 1.91718  2.33299 0.00145332
 1.9195  2.28867 0.00147593
 1.92182  2.2474 0.00144739
 1.92413  2.19869 0.00139521
 1.92645  2.15511 0.00135037
 1.92877  2.10867 0.00132609
 1.93109  2.05922 0.00130735
 1.93341  2.00902 0.00122865
 1.93573  1.95845 0.0012564
 1.93804  1.9107 0.00124667
 1.94036  1.8584 0.00117758
 1.94268  1.80841 0.00113415
 1.945  1.75463 0.00110064
 1.94732  1.70414 0.00112027
 1.94963  1.65233 0.00102616
 1.95195  1.60212 0.00109351
 1.95427  1.55023 0.00105248
 1.95659  1.50021 0.00103912
 1.95891  1.45047 0.000951851
 1.96123  1.39846 0.000958008
 1.96354  1.3522 0.000950135
 1.96586  1.30176 0.000956603
 1.96818  1.25464 0.000987031
 1.9705  1.20701 0.00092792
 1.97282  1.16242 0.000871986
 1.97514  1.1183 0.000944532
 1.97745  1.07394 0.000911888
 1.97977  1.03168 0.000869696
 1.98209  0.988644 0.000898286
 1.98441  0.950075 0.000869133
 1.98673  0.911688 0.000847734
 1.98904  0.87356 0.00093378
 1.99136  0.836354 0.000819685
 1.99368  0.804122 0.00086571
 1.996  0.768937 0.000876321
 1.99832  0.737843 0.000866033
 2.00064  0.708892 0.000869178
 2.00295  0.678247 0.000813113
 2.00527  0.652049 0.000838118
 2.00759  0.627551 0.000831127
 2.00991  0.602026 0.000809284
 2.01223  0.580179 0.000811329
 2.01455  0.558765 0.000791961
 2.01686  0.53912 0.000805861
 2.01918  0.520112 0.000842872
 2.0215  0.505342 0.000817294
 2.02382  0.488888 0.000763765
 2.02614  0.476938 0.000772891
 2.02845  0.465063 0.000794955
 2.03077  0.455659 0.000771138
 2.03309  0.446772 0.000753149
 2.03541  0.438791 0.000759704
 2.03773  0.434059 0.000751874
 2.04005  0.428658 0.000745595
 2.04236  0.427478 0.000756266
 2.04468  0.42595 0.000731528
 2.047  0.424822 0.000733772
 2.04932  0.42629 0.000729954
 2.05164  0.428361 0.000710426
 2.05396  0.431945 0.000756333
 2.05627  0.436364 0.000724447
 2.05859  0.442362 0.000735016
 2.06091  0.449918 0.000721053
 2.06323  0.457383 0.000775245
 2.06555  0.466618 0.000698997
 2.06786  0.477291 0.00067392
 2.07018  0.487357 0.000711374
 2.0725  0.499694 0.000699317
 2.07482  0.511599 0.000704259
 2.07714  0.525555 0.000672546
 2.07946  0.539131 0.00064556
 2.08177  0.55523 0.000657155
 2.08409  0.569103 0.000661469
 2.08641  0.58532 0.00068992
 2.08873  0.600602 0.000657732
 2.09105  0.618121 0.000650399
 2.09337  0.636016 0.000700651
 2.09568  0.652433 0.000705874
 2.098  0.670024 0.000652098
 2.10032  0.687918 0.000712967
 2.10264  0.708244 0.000646756
 2.10496  0.724547 0.000631173
 2.10727  0.742098 0.000677677
 2.10959  0.760629 0.000669972
 2.11191  0.778086 0.000676103
 2.11423  0.795706 0.000732706
 2.11655  0.812262 0.000726775
 2.11887  0.830103 0.000672739
 2.12118  0.847245 0.000719889
 2.1235  0.861411 0.000704616
 2.12582  0.877473 0.000704901
 2.12814  0.894249 0.000685685
 2.13046  0.907747 0.000745579
 2.13278  0.922384 0.000721788
 2.13509  0.934855 0.000772059
 2.13741  0.947078 0.000767007
 2.13973  0.959609 0.000807285
 2.14205  0.970051 0.00077497
 2.14437  0.980827 0.000747138
 2.14668  0.990002 0.000789871
 2.149  0.998972 0.000834013
 2.15132  1.00609 0.000787938
 2.15364  1.01316 0.000858953
 2.15596  1.019 0.000833758
 2.15828  1.02305 0.000809066
 2.16059  1.02705 0.000860689
 2.16291  1.03132 0.000859378
 2.16523  1.03245 0.000834637
 2.16755  1.03361 0.000867926
 2.16987  1.03219 0.000875599
 2.17219  1.03182 0.000864784
 2.1745  1.02974 0.000906056
 2.17682  1.02624 0.000848605
 2.17914  1.02431 0.000856359
 2.18146  1.01959 0.000899464
 2.18378  1.01447 0.000790242
 2.18609  1.00809 0.000836158
 2.18841  0.999882 0.00085053
 2.19073  0.992688 0.000847011
 2.19305  0.98464 0.00082501
 2.19537  0.973906 0.000807827
 2.19769  0.96501 0.000831913
 2.2  0.912845 0.000753947
 2.20232  0.901431 0.000705116
 2.20464  0.890961 0.000762508
 2.20696  0.879995 0.000719935
 2.20928  0.869035 0.000717661
 2.2116  0.854964 0.000685631
 2.21391  0.842947 0.000674667
 2.21623  0.831217 0.000636872
 2.21855  0.817618 0.00069399
 2.22087  0.803111 0.000675898
 2.22319  0.7897 0.00067911
 2.2255  0.777185 0.000611502
 2.22782  0.76334 0.000660462
 2.23014  0.750905 0.000654927
 2.23246  0.734881 0.000620905
 2.23478  0.72239 0.000660181
 2.2371  0.70944 0.000624488
 2.23941  0.697474 0.00059787
 2.24173  0.683959 0.000610664
 2.24405  0.672369 0.000614952
 2.24637  0.658904 0.000614688
 2.24869  0.648334 0.000635521
 2.25101  0.637511 0.000649463
 2.25332  0.626515 0.000626615
 2.25564  0.616334 0.000634901
 2.25796  0.607969 0.000652066
 2.26028  0.599328 0.000648974
 2.2626  0.591096 0.000677047
 2.26491  0.583501 0.000680692
 2.26723  0.577615 0.000682631
 2.26955  0.571298 0.000701167
 2.27187  0.567147 0.000662649
 2.27419  0.562094 0.000703533
 2.27651  0.560068 0.000723551
 2.27882  0.556515 0.000736033
 2.28114  0.55683 0.000737292
 2.28346  0.557852 0.000732441
 2.28578  0.558389 0.000756554
 2.2881  0.559742 0.000766349
 2.29042  0.562813 0.000752667
 2.29273  0.566841 0.000785389
 2.29505  0.571858 0.000759348
 2.29737  0.577179 0.00076542
 2.29969  0.585092 0.00079916
 2.30201  0.592401 0.000795497
 2.30432  0.601698 0.000729111
