 1 -7.53424 -7.53424 0
 2 -7.55514 -7.54469 0.00738817
 3 -7.54741 -7.5456 0.00498097
 4 -7.54201 -7.5447 0.00381576
 5 -7.56249 -7.54826 0.00440934
 6 -7.55388 -7.54919 0.00377283
 7 -7.57771 -7.55327 0.00496821
 8 -7.55502 -7.55349 0.00435202
 9 -7.54317 -7.55234 0.00401651
 10 -7.52696 -7.5498 0.00434318
 11 -7.5838 -7.55289 0.00492653
 12 -7.53595 -7.55148 0.00471397
 13 -7.54082 -7.55066 0.00442221
 14 -7.55546 -7.551 0.00411957
 15 -7.55129 -7.55102 0.00384498
 16 -7.52986 -7.5497 0.00382539
 17 -7.58771 -7.55194 0.00420315
 18 -7.54105 -7.55133 0.00401288
 19 -7.54365 -7.55093 0.00382197
 20 -7.55326 -7.55104 0.00363265
 21 -7.53514 -7.55029 0.00353772
 22 -7.54796 -7.55018 0.00337849
 23 -7.55469 -7.55038 0.00323728
 24 -7.56301 -7.5509 0.00314488
 25 -7.5357 -7.5503 0.0030773
 26 -7.51911 -7.5491 0.00318411
 27 -7.54553 -7.54896 0.00306893
 28 -7.54432 -7.5488 0.0029638
 29 -7.53196 -7.54822 0.00291795
 30 -7.53953 -7.54793 0.00283501
 31 -7.54574 -7.54786 0.00274444
 32 -7.54765 -7.54785 0.00265868
 33 -7.55803 -7.54816 0.00259593
 34 -7.54498 -7.54807 0.00252126
 35 -7.54531 -7.54799 0.00245045
 36 -7.5516 -7.54809 0.00238444
 37 -7.5402 -7.54787 0.00232951
 38 -7.54064 -7.54768 0.00227598
 39 -7.5254 -7.54711 0.00228824
 40 -7.55431 -7.54729 0.00223811
 41 -7.55139 -7.54739 0.00218575
 42 -7.53448 -7.54708 0.0021552
 43 -7.54499 -7.54704 0.00210563
 44 -7.55523 -7.54722 0.002066
 45 -7.55169 -7.54732 0.00202246
 46 -7.53943 -7.54715 0.00198576
 47 -7.55211 -7.54726 0.00194632
 48 -7.54541 -7.54722 0.00190615
 49 -7.5398 -7.54707 0.00187325
 50 -7.54601 -7.54704 0.0018359
 51 -7.55768 -7.54725 0.00181172
 52 -7.53678 -7.54705 0.00178805
 53 -7.54349 -7.54698 0.00175557
 54 -7.56189 -7.54726 0.00174464
 55 -7.55319 -7.54737 0.00171624
 56 -7.55749 -7.54755 0.00169508
 57 -7.54328 -7.54747 0.001667
 58 -7.5536 -7.54758 0.0016416
 59 -7.55339 -7.54768 0.00161673
 60 -7.5699 -7.54805 0.00163164
 61 -7.55701 -7.5482 0.00161149
 62 -7.54518 -7.54815 0.00158624
 63 -7.55048 -7.54818 0.00156149
 64 -7.54757 -7.54817 0.00153712
 65 -7.5131 -7.54764 0.00160539
 66 -7.55652 -7.54777 0.00158669
 67 -7.54865 -7.54778 0.00156306
 68 -7.56758 -7.54807 0.00156696
 69 -7.54519 -7.54803 0.00154481
 70 -7.53823 -7.54789 0.00152907
 71 -7.53056 -7.54765 0.00152689
 72 -7.52881 -7.54739 0.00152795
 73 -7.54185 -7.54731 0.0015089
 74 -7.53984 -7.54721 0.00149188
 75 -7.56331 -7.54742 0.00148736
 76 -7.53256 -7.54723 0.0014806
 77 -7.54631 -7.54722 0.00146142
 78 -7.54388 -7.54717 0.00144331
 79 -7.52978 -7.54695 0.00144173
 80 -7.55426 -7.54705 0.00142661
 81 -7.53545 -7.5469 0.00141616
 82 -7.55527 -7.547 0.00140256
 83 -7.51651 -7.54664 0.00143296
 84 -7.55747 -7.54677 0.00142169
 85 -7.55326 -7.54684 0.00140702
 86 -7.54244 -7.54679 0.00139159
 87 -7.56789 -7.54703 0.00139657
 88 -7.53324 -7.54688 0.00138947
 89 -7.53183 -7.54671 0.0013841
 90 -7.53852 -7.54662 0.0013717
 91 -7.54802 -7.54663 0.00135672
 92 -7.55403 -7.54671 0.00134435
 93 -7.54835 -7.54673 0.00133001
 94 -7.53148 -7.54657 0.00132571
 95 -7.53921 -7.54649 0.00131401
 96 -7.54427 -7.54647 0.00130053
 97 -7.54467 -7.54645 0.00128725
 98 -7.53194 -7.5463 0.0012826
 99 -7.53857 -7.54622 0.00127202
 100 -7.52868 -7.54605 0.00127134
 101 -7.54093 -7.546 0.00125976
 102 -7.51854 -7.54573 0.00127585
 103 -7.50753 -7.54536 0.00131624
 104 -7.55451 -7.54544 0.00130652
 105 -7.55541 -7.54554 0.00129752
 106 -7.5287 -7.54538 0.00129497
 107 -7.53611 -7.54529 0.00128576
 108 -7.56304 -7.54546 0.00128431
 109 -7.57441 -7.54572 0.0012997
 110 -7.5509 -7.54577 0.00128873
 111 -7.55517 -7.54586 0.0012799
 112 -7.55232 -7.54591 0.00126977
 113 -7.53996 -7.54586 0.00125963
 114 -7.53525 -7.54577 0.00125201
 115 -7.55969 -7.54589 0.00124697
 116 -7.53646 -7.54581 0.00123886
 117 -7.54662 -7.54581 0.00122829
 118 -7.55131 -7.54586 0.00121877
 119 -7.56723 -7.54604 0.00122169
 120 -7.53612 -7.54596 0.0012143
 121 -7.57379 -7.54619 0.00122586
 122 -7.54959 -7.54622 0.00121612
 123 -7.55187 -7.54626 0.0012071
 124 -7.55963 -7.54637 0.00120218
 125 -7.5534 -7.54643 0.00119387
 126 -7.55586 -7.5465 0.00118674
 127 -7.54056 -7.54645 0.00117832
 128 -7.5435 -7.54643 0.00116934
 129 -7.55797 -7.54652 0.00116369
 130 -7.54887 -7.54654 0.00115488
 131 -7.54474 -7.54652 0.00114615
 132 -7.55571 -7.54659 0.00113958
 133 -7.53952 -7.54654 0.00113225
 134 -7.54166 -7.5465 0.00112438
 135 -7.55468 -7.54657 0.00111769
 136 -7.5483 -7.54658 0.00110954
 137 -7.56403 -7.54671 0.00110873
 138 -7.54988 -7.54673 0.00110093
 139 -7.54301 -7.5467 0.00109334
 140 -7.53747 -7.54664 0.00108751
 141 -7.55662 -7.54671 0.0010821
 142 -7.53848 -7.54665 0.00107603
 143 -7.54939 -7.54667 0.00106868
 144 -7.56247 -7.54678 0.00106687
 145 -7.55545 -7.54684 0.00106119
 146 -7.52659 -7.5467 0.00106294
 147 -7.54557 -7.54669 0.00105574
 148 -7.55492 -7.54675 0.00105007
 149 -7.53809 -7.54669 0.00104462
 150 -7.55506 -7.54674 0.00103915
 151 -7.55927 -7.54683 0.00103557
 152 -7.54317 -7.5468 0.00102904
 153 -7.54905 -7.54682 0.00102242
 154 -7.54418 -7.5468 0.00101592
 155 -7.54185 -7.54677 0.00100987
 156 -7.54302 -7.54674 0.00100368
 157 -7.53959 -7.5467 0.000998323
 158 -7.53489 -7.54662 0.000994799
 159 -7.56135 -7.54672 0.000992844
 160 -7.55401 -7.54676 0.000987683
 161 -7.55062 -7.54679 0.000981839
 162 -7.56553 -7.5469 0.000982572
 163 -7.54206 -7.54687 0.000976992
 164 -7.56146 -7.54696 0.000975074
 165 -7.53765 -7.5469 0.000970797
 166 -7.57628 -7.54708 0.000980949
 167 -7.54932 -7.5471 0.000975166
 168 -7.55651 -7.54715 0.000970972
 169 -7.54464 -7.54714 0.00096534
 170 -7.55614 -7.54719 0.000961112
 171 -7.56895 -7.54732 0.00096388
 172 -7.5369 -7.54726 0.000960176
 173 -7.55705 -7.54731 0.000956294
 174 -7.54593 -7.5473 0.000950831
 175 -7.54557 -7.54729 0.000945449
 176 -7.54423 -7.54728 0.000940238
 177 -7.54262 -7.54725 0.000935294
 178 -7.55602 -7.5473 0.000931336
 179 -7.54912 -7.54731 0.000926189
 180 -7.56497 -7.54741 0.000926226
 181 -7.55286 -7.54744 0.000921598
 182 -7.56109 -7.54751 0.000919582
 183 -7.54129 -7.54748 0.000915185
 184 -7.55651 -7.54753 0.000911525
 185 -7.54738 -7.54753 0.000906599
 186 -7.5202 -7.54738 0.000913551
 187 -7.52677 -7.54727 0.000915291
 188 -7.55242 -7.5473 0.000910832
 189 -7.55545 -7.54734 0.000907033
 190 -7.53345 -7.54727 0.0009052
 191 -7.53731 -7.54722 0.000901961
 192 -7.54888 -7.54723 0.000897305
 193 -7.52813 -7.54713 0.000898097
 194 -7.5504 -7.54714 0.000893626
 195 -7.5332 -7.54707 0.000891899
 196 -7.54219 -7.54705 0.000887696
 197 -7.56199 -7.54712 0.000886426
 198 -7.54897 -7.54713 0.000881998
 199 -7.55145 -7.54715 0.000877833
 200 -7.5413 -7.54712 0.000873931
 201 -7.56754 -7.54723 0.000875465
 202 -7.53259 -7.54715 0.000874124
 203 -7.5452 -7.54714 0.000869871
 204 -7.56046 -7.54721 0.000868054
 205 -7.53698 -7.54716 0.000865252
 206 -7.5288 -7.54707 0.000865627
 207 -7.54184 -7.54704 0.000861815
 208 -7.55191 -7.54707 0.000857988
 209 -7.53447 -7.54701 0.000855999
 210 -7.55094 -7.54703 0.000852128
 211 -7.58547 -7.54721 0.000867353
 212 -7.54131 -7.54718 0.000863708
 213 -7.55124 -7.5472 0.000859863
 214 -7.54867 -7.54721 0.000855873
 215 -7.54671 -7.5472 0.000851895
 216 -7.5434 -7.54719 0.000848133
 217 -7.55987 -7.54725 0.000846235
 218 -7.54893 -7.54725 0.000842388
 219 -7.53751 -7.54721 0.000839715
 220 -7.52331 -7.5471 0.000842896
 221 -7.5057 -7.54691 0.000859651
 222 -7.53629 -7.54686 0.00085711
 223 -7.55772 -7.54691 0.000854647
 224 -7.54193 -7.54689 0.000851121
 225 -7.56393 -7.54697 0.0008507
 226 -7.51495 -7.54683 0.000858654
 227 -7.54502 -7.54682 0.000854909
 228 -7.54959 -7.54683 0.000851245
 229 -7.55045 -7.54685 0.000847675
 230 -7.55725 -7.54689 0.000845196
 231 -7.53971 -7.54686 0.000842109
 232 -7.55178 -7.54688 0.000838747
 233 -7.53165 -7.54682 0.000837689
 234 -7.54516 -7.54681 0.000834139
 235 -7.55491 -7.54684 0.000831302
 236 -7.52956 -7.54677 0.000830999
 237 -7.5513 -7.54679 0.000827713
 238 -7.53866 -7.54675 0.00082494
 239 -7.55285 -7.54678 0.000821882
 240 -7.53933 -7.54675 0.000819043
 241 -7.55253 -7.54677 0.000815996
 242 -7.55152 -7.54679 0.000812859
 243 -7.54106 -7.54677 0.000809857
 244 -7.54857 -7.54678 0.000806571
 245 -7.54559 -7.54677 0.000803294
 246 -7.55172 -7.54679 0.00080028
 247 -7.5595 -7.54684 0.000798691
 248 -7.52793 -7.54677 0.000799105
 249 -7.54537 -7.54676 0.000795915
 250 -7.53085 -7.5467 0.000795272
 251 -7.5548 -7.54673 0.000792758
 252 -7.54217 -7.54671 0.000789819
 253 -7.5506 -7.54673 0.000786846
 254 -7.52398 -7.54664 0.00078883
 255 -7.52902 -7.54657 0.000788755
 256 -7.55013 -7.54658 0.000785797
 257 -7.55669 -7.54662 0.000783723
 258 -7.54211 -7.5466 0.00078088
 259 -7.54974 -7.54662 0.000777959
 260 -7.5542 -7.54665 0.000775514
 261 -7.5436 -7.54663 0.00077263
 262 -7.54491 -7.54663 0.000769709
 263 -7.55788 -7.54667 0.000767971
 264 -7.55907 -7.54672 0.000766497
 265 -7.57652 -7.54683 0.000771813
 266 -7.54198 -7.54681 0.000769126
 267 -7.55977 -7.54686 0.000767777
 268 -7.52149 -7.54676 0.000770723
 269 -7.5323 -7.54671 0.000769731
 270 -7.53079 -7.54665 0.000769135
 271 -7.55854 -7.5467 0.000767547
 272 -7.53498 -7.54665 0.000765933
 273 -7.5443 -7.54664 0.000763176
 274 -7.55318 -7.54667 0.000760764
 275 -7.56109 -7.54672 0.000759803
 276 -7.54175 -7.5467 0.000757263
 277 -7.56131 -7.54676 0.000756362
 278 -7.54221 -7.54674 0.000753817
 279 -7.54246 -7.54672 0.000751271
 280 -7.53618 -7.54669 0.000749531
 281 -7.52528 -7.54661 0.000750724
 282 -7.55693 -7.54665 0.000748953
 283 -7.52061 -7.54655 0.000751935
 284 -7.54744 -7.54656 0.000749294
 285 -7.54459 -7.54655 0.000746697
 286 -7.52855 -7.54649 0.000746733
 287 -7.56419 -7.54655 0.000746675
 288 -7.56299 -7.54661 0.000746261
 289 -7.54941 -7.54662 0.000743742
 290 -7.54909 -7.54662 0.000741226
 291 -7.54933 -7.54663 0.000738737
 292 -7.55177 -7.54665 0.000736416
 293 -7.54122 -7.54663 0.000734137
 294 -7.56175 -7.54668 0.000733438
 295 -7.5528 -7.54671 0.000731245
 296 -7.54622 -7.5467 0.000728776
 297 -7.52602 -7.54663 0.000729641
 298 -7.52741 -7.54657 0.000730039
 299 -7.54231 -7.54656 0.000727736
 300 -7.53867 -7.54653 0.000725785
 301 -7.55206 -7.54655 0.000723606
 302 -7.56364 -7.5466 0.00072342
 303 -7.53793 -7.54658 0.000721599
 304 -7.54774 -7.54658 0.000719235
 305 -7.54897 -7.54659 0.00071692
 306 -7.55231 -7.54661 0.00071482
 307 -7.53782 -7.54658 0.000713064
 308 -7.53188 -7.54653 0.000712343
 309 -7.54597 -7.54653 0.00071004
 310 -7.53989 -7.54651 0.000708073
 311 -7.54195 -7.54649 0.000705948
 312 -7.54374 -7.54648 0.00070374
 313 -7.55125 -7.5465 0.000701657
 314 -7.55173 -7.54651 0.00069962
 315 -7.55033 -7.54653 0.000697503
 316 -7.54236 -7.54651 0.000695421
 317 -7.54463 -7.54651 0.000693252
 318 -7.52832 -7.54645 0.000693428
 319 -7.53675 -7.54642 0.000691921
 320 -7.53002 -7.54637 0.000691654
 321 -7.54904 -7.54638 0.000689549
 322 -7.53748 -7.54635 0.000687962
 323 -7.54012 -7.54633 0.000686102
 324 -7.53053 -7.54628 0.000685716
 325 -7.51933 -7.5462 0.000688601
 326 -7.54151 -7.54618 0.000686639
 327 -7.54405 -7.54618 0.00068457
 328 -7.54649 -7.54618 0.000682484
 329 -7.56115 -7.54622 0.000681925
 330 -7.55299 -7.54624 0.000680167
 331 -7.5589 -7.54628 0.000679187
 332 -7.55158 -7.5463 0.000677328
 333 -7.54287 -7.54629 0.000675373
 334 -7.52456 -7.54622 0.000676478
 335 -7.54418 -7.54622 0.000674486
 336 -7.54734 -7.54622 0.000672487
 337 -7.53063 -7.54617 0.000672081
 338 -7.55436 -7.5462 0.000670529
 339 -7.54646 -7.5462 0.000668552
 340 -7.55516 -7.54623 0.000667105
 341 -7.53678 -7.5462 0.000665724
 342 -7.54086 -7.54618 0.00066396
 343 -7.54324 -7.54617 0.00066208
 344 -7.52058 -7.5461 0.000664323
 345 -7.5321 -7.54606 0.000663635
 346 -7.56021 -7.5461 0.000662976
 347 -7.53346 -7.54606 0.000662066
 348 -7.55763 -7.5461 0.000660997
 349 -7.53595 -7.54607 0.000659742
 350 -7.5585 -7.5461 0.000658812
 351 -7.54662 -7.5461 0.000656937
 352 -7.53596 -7.54608 0.000655702
 353 -7.54546 -7.54607 0.000653847
 354 -7.56556 -7.54613 0.000654314
 355 -7.53668 -7.5461 0.000653011
 356 -7.52879 -7.54605 0.000652985
 357 -7.54667 -7.54606 0.000651158
 358 -7.54294 -7.54605 0.000649397
 359 -7.55773 -7.54608 0.000648403
 360 -7.5507 -7.54609 0.000646729
 361 -7.54494 -7.54609 0.000644945
 362 -7.56042 -7.54613 0.000644377
 363 -7.56535 -7.54618 0.000644775
 364 -7.54673 -7.54618 0.000643006
 365 -7.53475 -7.54615 0.000642007
 366 -7.55309 -7.54617 0.000640533
 367 -7.55778 -7.5462 0.000639569
 368 -7.53876 -7.54618 0.000638151
 369 -7.52403 -7.54612 0.000639238
 370 -7.54255 -7.54611 0.000637583
 371 -7.5373 -7.54609 0.000636306
 372 -7.54356 -7.54608 0.000634632
 373 -7.54003 -7.54607 0.000633138
 374 -7.56636 -7.54612 0.000633765
 375 -7.5419 -7.54611 0.000632175
 376 -7.52955 -7.54606 0.000632026
 377 -7.54645 -7.54607 0.000630351
 378 -7.54585 -7.54606 0.000628683
 379 -7.53624 -7.54604 0.000627559
 380 -7.52946 -7.546 0.000627422
 381 -7.51894 -7.54592 0.000629781
 382 -7.54871 -7.54593 0.000628175
 383 -7.50798 -7.54583 0.000634304
 384 -7.55847 -7.54587 0.000633505
 385 -7.54503 -7.54586 0.000631864
 386 -7.54926 -7.54587 0.000630288
 387 -7.53607 -7.54585 0.000629169
 388 -7.55928 -7.54588 0.000628498
 389 -7.5547 -7.5459 0.000627292
 390 -7.52372 -7.54585 0.000628256
 391 -7.53732 -7.54583 0.000627027
 392 -7.52177 -7.54576 0.000628425
 393 -7.56739 -7.54582 0.00062923
 394 -7.54649 -7.54582 0.000627635
 395 -7.55209 -7.54584 0.000626247
 396 -7.54432 -7.54583 0.000624677
 397 -7.55546 -7.54586 0.000623574
 398 -7.54087 -7.54584 0.000622133
 399 -7.5412 -7.54583 0.000620683
 400 -7.55028 -7.54584 0.00061923
 401 -7.55544 -7.54587 0.000618148
 402 -7.54788 -7.54587 0.000616631
 403 -7.52876 -7.54583 0.000616561
 404 -7.54066 -7.54582 0.000615168
 405 -7.54509 -7.54582 0.000613651
 406 -7.52978 -7.54578 0.000613409
 407 -7.55153 -7.54579 0.000612065
 408 -7.53812 -7.54577 0.000610854
 409 -7.55339 -7.54579 0.000609644
 410 -7.56476 -7.54584 0.00060991
 411 -7.5515 -7.54585 0.000608582
 412 -7.5626 -7.54589 0.000608461
 413 -7.5521 -7.54591 0.000607174
 414 -7.56379 -7.54595 0.000607243
 415 -7.55873 -7.54598 0.00060656
 416 -7.5485 -7.54599 0.000605132
 417 -7.5519 -7.546 0.000603847
 418 -7.56204 -7.54604 0.000603621
 419 -7.54072 -7.54603 0.000602314
 420 -7.53435 -7.546 0.000601521
 421 -7.56455 -7.54604 0.000601704
 422 -7.5552 -7.54606 0.000600669
 423 -7.5472 -7.54607 0.000599255
 424 -7.55786 -7.54609 0.000598487
 425 -7.54656 -7.5461 0.000597079
 426 -7.54783 -7.5461 0.000595692
 427 -7.53885 -7.54608 0.000594538
 428 -7.53935 -7.54607 0.000593357
 429 -7.53485 -7.54604 0.00059255
 430 -7.53923 -7.54602 0.000591384
 431 -7.54917 -7.54603 0.000590057
 432 -7.55814 -7.54606 0.000589356
 433 -7.54861 -7.54607 0.000588024
 434 -7.5564 -7.54609 0.000587151
 435 -7.54917 -7.5461 0.000585844
 436 -7.5341 -7.54607 0.000585147
 437 -7.52876 -7.54603 0.000585148
 438 -7.53815 -7.54601 0.000584088
 439 -7.529 -7.54597 0.000584041
 440 -7.54242 -7.54597 0.00058277
 441 -7.52839 -7.54593 0.000582809
 442 -7.53526 -7.5459 0.00058199
 443 -7.54776 -7.54591 0.000580691
 444 -7.53938 -7.54589 0.000579569
 445 -7.55591 -7.54591 0.000578704
 446 -7.55032 -7.54592 0.00057749
 447 -7.54752 -7.54593 0.000576209
 448 -7.56475 -7.54597 0.000576453
 449 -7.57297 -7.54603 0.000578298
 450 -7.54785 -7.54603 0.000577027
 451 -7.53914 -7.54602 0.00057595
 452 -7.5589 -7.54605 0.000575381
 453 -7.56314 -7.54608 0.000575347
 454 -7.56517 -7.54613 0.000575613
 455 -7.55328 -7.54614 0.000574563
 456 -7.5594 -7.54617 0.000574038
 457 -7.57775 -7.54624 0.000576925
 458 -7.54134 -7.54623 0.000575765
 459 -7.56717 -7.54627 0.000576314
 460 -7.55037 -7.54628 0.00057513
 461 -7.52698 -7.54624 0.000575405
 462 -7.55805 -7.54627 0.000574727
 463 -7.55594 -7.54629 0.000573865
 464 -7.55533 -7.54631 0.000572959
 465 -7.54161 -7.5463 0.000571816
 466 -7.5545 -7.54631 0.000570859
 467 -7.55572 -7.54634 0.000569992
 468 -7.54079 -7.54632 0.000568898
 469 -7.54673 -7.54632 0.000567685
 470 -7.55152 -7.54634 0.000566585
 471 -7.5431 -7.54633 0.000565424
 472 -7.53235 -7.5463 0.000565001
 473 -7.56179 -7.54633 0.000564755
 474 -7.53391 -7.54631 0.000564172
 475 -7.53869 -7.54629 0.000563211
 476 -7.55263 -7.5463 0.000562186
 477 -7.53447 -7.54628 0.000561554
 478 -7.52931 -7.54624 0.000561501
 479 -7.54006 -7.54623 0.000560477
 480 -7.53762 -7.54621 0.000559596
 481 -7.54942 -7.54622 0.000558472
 482 -7.55452 -7.54624 0.000557579
 483 -7.54015 -7.54622 0.000556567
 484 -7.5813 -7.5463 0.000560115
 485 -7.53564 -7.54627 0.000559391
 486 -7.55886 -7.5463 0.000558839
 487 -7.54837 -7.5463 0.000557707
 488 -7.5539 -7.54632 0.000556782
 489 -7.54231 -7.54631 0.000555703
 490 -7.56154 -7.54634 0.000555438
 491 -7.55985 -7.54637 0.000554988
 492 -7.52188 -7.54632 0.000556087
 493 -7.53417 -7.54629 0.000555505
 494 -7.55162 -7.54631 0.000554485
 495 -7.53652 -7.54629 0.000553718
 496 -7.53637 -7.54627 0.000552963
 497 -7.53674 -7.54625 0.000552182
 498 -7.53643 -7.54623 0.000551425
 499 -7.5386 -7.54621 0.000550532
 500 -7.57263 -7.54626 0.000551961
