           1      1.8839      1.8839 1.12461e-08
           2     1.59321     1.73856    0.102777
           3     1.60218      1.6931   0.0779261
           4     1.58213     1.66535   0.0631897
           5     1.61372     1.65503   0.0513888
           6     1.71797     1.66552   0.0438817
           7     1.67097      1.6663   0.0376198
           8     1.60497     1.65863   0.0336892
           9     1.58608     1.65057   0.0308953
          10     1.59744     1.64526   0.0282589
          11     1.63961     1.64474   0.0256946
          12      1.6597     1.64599   0.0235836
          13     1.63682     1.64529     0.02178
          14     1.61975     1.64346   0.0203005
          15      1.5974     1.64039    0.019178
          16     1.64746     1.64083   0.0179844
          17     1.59244     1.63799   0.0171504
          18      1.6341     1.63777   0.0161989
          19     1.58806     1.63515   0.0155562
          20     1.58641     1.63272   0.0149681
          21     1.63594     1.63287   0.0142561
          22     1.67044     1.63458     0.01371
          23     1.70581     1.63767   0.0134592
          24     1.62342     1.63708   0.0129115
          25      1.5934     1.63533   0.0125128
          26     1.62307     1.63486   0.0120404
          27     1.66883     1.63612     0.01166
          28     1.57036     1.63377   0.0114776
          29     1.62611     1.63351   0.0110849
          30      1.6295     1.63337   0.0107162
          31     1.61873      1.6329   0.0103809
          32     1.61637     1.63238   0.0100694
          33     1.62666     1.63221  0.00976572
          34     1.59439      1.6311  0.00954165
          35     1.62858     1.63103   0.0092693
          36     1.58091     1.62963  0.00911574
          37     1.62129     1.62941  0.00887216
          38     1.63799     1.62963  0.00864156
          39     1.62213     1.62944  0.00842212
          40     1.65746     1.63014  0.00824065
          41     1.65314      1.6307  0.00805874
          42     1.57017     1.62926  0.00799469
          43     1.57973     1.62811  0.00789132
          44     1.62467     1.62803  0.00771236
          45     1.61228     1.62768  0.00754892
          46     1.56933     1.62641  0.00749063
          47     1.60535     1.62597  0.00734465
          48     1.66434     1.62677  0.00723502
          49     1.62803     1.62679  0.00708741
          50     1.59416     1.62614  0.00697564
          51     1.58376     1.62531  0.00688818
          52     1.58328      1.6245  0.00680298
          53     1.61957     1.62441  0.00667525
          54     1.58424     1.62366  0.00659295
          55     1.58412     1.62294  0.00651215
          56     1.58197     1.62221  0.00643684
          57     1.60998       1.622  0.00632749
          58     1.64165     1.62234  0.00622745
          59     1.59152     1.62181  0.00614377
          60     1.58743     1.62124  0.00606804
          61     1.55475     1.62015  0.00606569
          62     1.65161     1.62066  0.00598904
          63     1.66397     1.62135  0.00593331
          64     1.63811     1.62161  0.00584638
          65     1.61935     1.62157  0.00575654
          66     1.62954     1.62169  0.00567058
          67     1.64173     1.62199  0.00559382
          68     1.58527     1.62145  0.00553757
          69     1.54902      1.6204  0.00555593
          70     1.59433     1.62003  0.00548903
          71     1.62621     1.62012  0.00541241
          72     1.66727     1.62077  0.00537672
          73     1.65595     1.62125  0.00532461
          74     1.66868     1.62189  0.00529109
          75     1.66308     1.62244  0.00524896
          76      1.6544     1.62286  0.00519671
          77       1.652     1.62324  0.00514298
          78     1.62926     1.62332  0.00507762
          79     1.68735     1.62413  0.00507763
          80     1.55245     1.62323  0.00509261
          81     1.56227     1.62248  0.00508506
          82      1.6263     1.62253  0.00502326
          83     1.58961     1.62213  0.00497837
          84     1.62445     1.62216  0.00491918
          85     1.66527     1.62267  0.00488738
          86     1.67515     1.62328   0.0048685
          87      1.5614     1.62257  0.00486422
          88     1.62827     1.62263  0.00480938
          89      1.6395     1.62282  0.00475907
          90     1.58264     1.62237  0.00472709
          91     1.62952     1.62245   0.0046758
          92     1.62121     1.62244  0.00462499
          93     1.62111     1.62242  0.00457528
          94     1.64209     1.62263  0.00453139
          95     1.63487     1.62276  0.00448552
          96     1.57019     1.62221   0.0044721
          97     1.67575     1.62277  0.00445992
          98     1.64197     1.62296  0.00441871
          99      1.5678     1.62241  0.00440906
         100     1.54934     1.62167   0.0044251
         101     1.61334     1.62159  0.00438205
         102     1.65347      1.6219  0.00435022
         103     1.60674     1.62176  0.00431048
         104     1.65532     1.62208  0.00428109
         105     1.72456     1.62306  0.00435014
         106     1.63156     1.62314  0.00430984
         107     1.58671      1.6228  0.00428298
         108     1.59133      1.6225  0.00425322
         109     1.61003     1.62239  0.00421574
         110     1.59803     1.62217  0.00418323
         111     1.62587      1.6222  0.00414567
         112     1.63936     1.62236  0.00411149
         113      1.6908     1.62296  0.00411948
         114     1.55842     1.62239  0.00412206
         115     1.57901     1.62202  0.00410344
         116     1.57432     1.62161  0.00408862
         117     1.55643     1.62105  0.00409145
         118     1.63723     1.62119  0.00405907
         119      1.6326     1.62128   0.0040261
         120     1.65271     1.62154  0.00400105
         121      1.6222     1.62155  0.00396799
         122     1.62207     1.62155  0.00393547
         123     1.65814     1.62185   0.0039147
         124     1.60024     1.62168  0.00388701
         125     1.61367     1.62161  0.00385644
         126     1.63384     1.62171  0.00382705
         127     1.63543     1.62182  0.00379844
         128     1.60631      1.6217   0.0037707
         129     1.62046     1.62169  0.00374148
         130     1.70468     1.62233  0.00376677
         131     1.64917     1.62253  0.00374358
         132      1.6526     1.62276  0.00372215
         133     1.61966     1.62274  0.00369423
         134     1.70063     1.62332  0.00371212
         135      1.6468     1.62349  0.00368869
         136     1.62815     1.62352  0.00366173
         137     1.58604     1.62325  0.00364521
         138     1.72654       1.624  0.00369484
         139     1.55679     1.62352  0.00369975
         140     1.57417     1.62316  0.00369008
         141     1.62831      1.6232  0.00366409
         142     1.56443     1.62279  0.00366159
         143     1.59021     1.62256  0.00364307
         144     1.65435     1.62278  0.00362445
         145     1.59251     1.62257  0.00360546
         146     1.58414     1.62231  0.00359036
         147     1.66462      1.6226  0.00357746
         148      1.6208     1.62258   0.0035533
         149     1.54497     1.62206  0.00356743
         150     1.57721     1.62176  0.00355615
         151     1.61968     1.62175  0.00353263
         152     1.57697     1.62145  0.00352165
         153      1.6063     1.62136  0.00350003
         154     1.65275     1.62156  0.00348323
         155     1.61035     1.62149  0.00346151
         156     1.59365     1.62131  0.00344391
         157     1.59191     1.62112  0.00342706
         158     1.62735     1.62116   0.0034056
         159     1.66455     1.62143   0.0033951
         160     1.56308     1.62107  0.00339341
         161     1.59046     1.62088  0.00337765
         162     1.60979     1.62081  0.00335749
         163     1.60682     1.62072  0.00333799
         164     1.63498     1.62081  0.00331877
         165     1.61507     1.62078  0.00329884
         166     1.68385     1.62116  0.00330077
         167     1.65348     1.62135  0.00328668
         168     1.60889     1.62128  0.00326795
         169     1.58527     1.62106  0.00325555
         170       1.639     1.62117  0.00323811
         171     1.63383     1.62124  0.00322002
         172     1.66717     1.62151  0.00321235
         173     1.61143     1.62145  0.00319431
         174      1.6084     1.62138  0.00317683
         175     1.62241     1.62138  0.00315868
         176     1.59737     1.62125  0.00314368
         177     1.58631     1.62105  0.00313211
         178     1.61154     1.62099  0.00311497
         179     1.59701     1.62086  0.00310045
         180     1.62713      1.6209  0.00308342
         181     1.59577     1.62076  0.00306951
         182     1.56009     1.62042  0.00307069
         183     1.62295     1.62044  0.00305394
         184     1.68169     1.62077  0.00305544
         185     1.63831     1.62087  0.00304039
         186     1.63839     1.62096   0.0030255
         187     1.58194     1.62075  0.00301651
         188       1.639     1.62085  0.00300203
         189     1.55995     1.62053  0.00300339
         190     1.59701      1.6204  0.00299013
         191     1.55615     1.62007  0.00299334
         192     1.57886     1.61985  0.00298543
         193     1.62951      1.6199  0.00297038
         194      1.5708     1.61965  0.00296583
         195       1.675     1.61993  0.00296418
         196     1.67198      1.6202  0.00296092
         197     1.58919     1.62004  0.00295007
         198     1.54768     1.61967  0.00295772
         199     1.68789     1.62002  0.00296266
         200     1.64191     1.62013  0.00294987
