           1    -5.31756    -5.31756 2.47371e-08
           2    -5.02836    -5.17296     0.10225
           3    -5.03688     -5.1276   0.0775781
           4    -5.00394    -5.09668   0.0640475
           5    -5.05586    -5.08852   0.0517558
           6    -5.11992    -5.09375   0.0433936
           7    -5.03078    -5.08476   0.0381156
           8    -5.06068    -5.08175   0.0334698
           9     -5.0312    -5.07613   0.0302185
          10    -5.05899    -5.07442   0.0272453
          11    -5.05644    -5.07278   0.0248174
          12    -5.02421    -5.06873    0.023077
          13    -5.03772    -5.06635   0.0214248
          14    -4.97433    -5.05978   0.0208784
          15    -5.02626    -5.05754   0.0196057
          16    -5.10441    -5.06047    0.018598
          17    -5.00955    -5.05748   0.0177435
          18    -5.00671    -5.05466   0.0169804
          19    -5.07666    -5.05581   0.0161261
          20    -5.07983    -5.05701   0.0153645
          21    -5.09182    -5.05867    0.014722
          22    -5.00856    -5.05639   0.0142279
          23    -5.06425    -5.05674   0.0136134
          24    -5.07155    -5.05735   0.0130602
          25    -4.98321    -5.05439   0.0128701
          26    -5.09567    -5.05597   0.0124727
          27     -5.0906    -5.05726   0.0120765
          28    -5.05408    -5.05714   0.0116457
          29    -5.03438    -5.05636   0.0112705
          30    -5.05784    -5.05641    0.010895
          31    -5.05076    -5.05623    0.010545
          32    -5.10376    -5.05771   0.0103196
          33    -5.01439     -5.0564     0.01009
          34    -5.03014    -5.05563  0.00982278
          35    -5.03718     -5.0551  0.00955626
          36    -5.01603    -5.05401  0.00935222
          37    -4.99836    -5.05251  0.00921965
          38    -5.11221    -5.05408  0.00910989
          39    -5.06086    -5.05425  0.00887796
          40    -5.10335    -5.05548  0.00874045
          41    -5.02469    -5.05473  0.00855946
          42     -5.1238    -5.05638  0.00851216
          43    -5.04232    -5.05605  0.00832047
          44    -5.05077    -5.05593  0.00813224
          45    -5.10127    -5.05694   0.0080137
          46    -5.08536    -5.05755  0.00786328
          47    -5.10714    -5.05861  0.00776644
          48    -5.07661    -5.05898  0.00761369
          49    -5.03891    -5.05857  0.00746932
          50    -5.00537    -5.05751  0.00739536
          51    -5.02656     -5.0569  0.00727521
          52    -5.05388    -5.05685  0.00713554
          53    -5.03524    -5.05644  0.00701253
          54    -5.00387    -5.05546  0.00694991
          55    -5.04091     -5.0552  0.00682859
          56     -5.0502    -5.05511  0.00670723
          57    -5.05363    -5.05508  0.00658961
          58    -5.05109    -5.05502  0.00647636
          59    -5.02552    -5.05452  0.00638585
          60    -5.10809    -5.05541  0.00634154
          61    -5.11304    -5.05635  0.00630757
          62     -5.0399    -5.05609  0.00621141
          63    -5.04227    -5.05587  0.00611669
          64    -4.93453    -5.05397  0.00630812
          65    -5.09168    -5.05455  0.00623769
          66    -5.06517    -5.05471  0.00614525
          67    -5.03045    -5.05435  0.00606419
          68    -5.00246    -5.05359  0.00602283
          69    -4.98907    -5.05265  0.00600768
          70    -5.07025     -5.0529  0.00592712
          71    -5.06486    -5.05307  0.00584602
          72    -5.04331    -5.05294   0.0057664
          73     -5.1012     -5.0536  0.00572518
          74    -5.03416    -5.05334  0.00565384
          75    -5.05361    -5.05334  0.00557845
          76     -5.0539    -5.05335  0.00550506
          77    -5.00487    -5.05272  0.00546944
          78    -5.07489      -5.053   0.0054067
          79     -5.0113    -5.05247  0.00536397
          80    -5.05606    -5.05252  0.00529711
          81    -5.04844    -5.05247  0.00523195
          82    -5.03363    -5.05224  0.00517319
          83    -5.05733     -5.0523  0.00511122
          84    -5.07794    -5.05261  0.00505948
          85    -5.05221     -5.0526  0.00499996
          86    -5.04695    -5.05253  0.00494226
          87    -5.01422    -5.05209  0.00490503
          88    -5.01926    -5.05172  0.00486346
          89    -5.06985    -5.05193  0.00481308
          90    -5.04351    -5.05183  0.00476051
          91     -5.0427    -5.05173  0.00470926
          92    -5.10577    -5.05232  0.00469455
          93    -4.98202    -5.05156  0.00470454
          94    -5.06463     -5.0517  0.00465654
          95    -5.01332     -5.0513  0.00462502
          96    -5.00506    -5.05082  0.00460185
          97    -4.97499    -5.05003  0.00462032
          98     -5.1387    -5.05094  0.00466091
          99    -5.02984    -5.05073   0.0046187
         100    -5.04207    -5.05064  0.00457333
         101    -5.09652    -5.05109  0.00455055
         102    -4.96963    -5.05029  0.00457549
         103    -5.03579    -5.05015  0.00453323
         104    -5.08707    -5.05051  0.00450352
         105    -4.98353    -5.04987  0.00450559
         106    -5.06271    -5.04999  0.00446471
         107    -5.03111    -5.04982  0.00442647
         108    -5.08368    -5.05013  0.00439657
         109    -5.08444    -5.05044  0.00436749
         110    -5.05373    -5.05047  0.00432789
         111    -5.12174    -5.05112  0.00433626
         112    -5.05911    -5.05119  0.00429813
         113    -5.08383    -5.05148  0.00426979
         114    -5.09025    -5.05182  0.00424586
         115     -5.0179    -5.05152  0.00421917
         116    -5.12157    -5.05213  0.00422579
         117    -5.09265    -5.05247  0.00420385
         118    -5.03632    -5.05233  0.00417045
         119    -5.05234    -5.05233   0.0041354
         120    -5.06499    -5.05244  0.00410229
         121    -4.94497    -5.05155  0.00416343
         122    -4.99827    -5.05112  0.00415215
         123    -5.02311    -5.05089  0.00412463
         124    -5.06242    -5.05098  0.00409241
         125    -4.99762    -5.05055  0.00408187
         126    -5.07919    -5.05078   0.0040558
         127    -5.05502    -5.05081    0.004024
         128    -5.06581    -5.05093  0.00399427
         129    -5.05849    -5.05099  0.00396374
         130    -5.06619    -5.05111  0.00393497
         131    -5.07867    -5.05132  0.00391055
         132    -5.03442    -5.05119  0.00388302
         133    -5.04514    -5.05114  0.00385409
         134     -5.0651    -5.05125  0.00382674
         135    -5.00195    -5.05088  0.00381578
         136    -5.02213    -5.05067  0.00379357
         137    -5.09082    -5.05096  0.00377718
         138    -5.03124    -5.05082  0.00375252
         139     -5.0365    -5.05072  0.00372693
         140    -5.00387    -5.05038  0.00371531
         141    -4.98052    -5.04989  0.00372185
         142     -5.0924    -5.05019  0.00370766
         143    -5.06922    -5.05032  0.00368412
         144    -5.06997    -5.05046  0.00366106
         145    -5.05432    -5.05048  0.00363591
         146    -5.09095    -5.05076  0.00362155
         147    -5.01724    -5.05053  0.00360409
         148    -5.10201    -5.05088  0.00359648
         149    -5.10577    -5.05125  0.00359115
         150    -5.08957    -5.05151  0.00357629
         151     -5.0502     -5.0515  0.00355261
         152    -5.04758    -5.05147  0.00352933
         153    -5.12271    -5.05194  0.00353685
         154    -5.03476    -5.05182  0.00351564
         155    -5.09271    -5.05209  0.00350284
         156    -5.04636    -5.05205  0.00348058
         157    -5.07135    -5.05217  0.00346058
         158    -5.05079    -5.05217  0.00343869
         159    -5.07243    -5.05229  0.00341942
         160    -5.11266    -5.05267   0.0034188
         161    -5.09481    -5.05293  0.00340757
         162    -5.03321    -5.05281  0.00338871
         163    -5.06189    -5.05287  0.00336838
         164    -5.02265    -5.05268  0.00335288
         165    -4.96304    -5.05214  0.00337629
         166    -5.02241    -5.05196   0.0033607
         167    -5.02436    -5.05179  0.00334463
         168    -5.05802    -5.05183  0.00332493
         169    -5.05674    -5.05186  0.00330538
         170    -4.97243    -5.05139   0.0033188
         171    -5.05562    -5.05142  0.00329948
         172     -5.1072    -5.05174   0.0032962
         173    -5.07737    -5.05189  0.00328048
         174     -5.1417    -5.05241  0.00330198
         175    -5.11218    -5.05275  0.00330073
         176    -5.03409    -5.05264  0.00328368
         177    -5.08226    -5.05281  0.00326939
         178     -5.0358    -5.05271  0.00325242
         179    -5.03763    -5.05263  0.00323534
         180    -5.00484    -5.05236  0.00322824
         181    -4.99701    -5.05206  0.00322486
         182    -5.07989    -5.05221  0.00321077
         183    -5.07291    -5.05232  0.00319521
         184    -5.14443    -5.05282  0.00321682
         185    -5.02743    -5.05269  0.00320236
         186     -4.9541    -5.05216  0.00322871
         187    -5.03445    -5.05206  0.00321283
         188    -5.01421    -5.05186  0.00320204
         189    -5.00184     -5.0516  0.00319602
         190    -5.03406     -5.0515  0.00318053
         191    -5.07751    -5.05164   0.0031668
         192    -5.02162    -5.05148  0.00315416
         193    -5.06009    -5.05153  0.00313813
         194    -5.01692    -5.05135  0.00312702
         195    -5.07294    -5.05146  0.00311295
         196    -5.06272    -5.05152  0.00309759
         197    -5.03821    -5.05145  0.00308261
         198    -5.02513    -5.05132   0.0030699
         199    -5.01719    -5.05115  0.00305926
         200    -5.06485    -5.05122  0.00304473
