           1     1.00017     1.00017  7.1652e-09
           2    0.860235    0.930201   0.0494736
           3    0.865948    0.908784   0.0373316
           4    0.857802    0.896038   0.0300959
           5    0.870475    0.890926   0.0245071
           6    0.921046    0.895946   0.0209305
           7    0.899042    0.896388   0.0179451
           8    0.868284    0.892875   0.0160421
           9    0.858637    0.889071   0.0147038
          10    0.863745    0.886538   0.0134498
          11    0.884761    0.886377    0.012228
          12    0.892516    0.886888   0.0112197
          13    0.881701    0.886489   0.0103638
          14    0.875108    0.885676  0.00965532
          15    0.864295    0.884251  0.00911625
          16    0.889114    0.884555  0.00855155
          17     0.86296    0.883285  0.00814232
          18    0.881608    0.883191   0.0076905
          19    0.859292    0.881934  0.00738789
          20    0.858509    0.880762  0.00711073
          21    0.882012    0.880822  0.00677238
          22    0.898531    0.881627   0.0065122
          23    0.916475    0.883142  0.00640289
          24    0.877897    0.882923  0.00613984
          25    0.863538    0.882148    0.005943
          26    0.875278    0.881884   0.0057203
          27    0.899907    0.882551  0.00554725
          28    0.851236    0.881433  0.00546071
          29    0.876787    0.881273  0.00527476
          30    0.878983    0.881196  0.00509948
          31    0.873781    0.880957  0.00494059
          32     0.87401     0.88074  0.00479097
          33    0.879677    0.880708  0.00464589
          34    0.863427      0.8802  0.00453697
          35     0.87833    0.880146  0.00440765
          36    0.854518    0.879434  0.00434233
          37     0.87583    0.879337  0.00422606
          38    0.883777    0.879454  0.00411646
          39    0.875875    0.879362  0.00401194
          40    0.892312    0.879686  0.00392468
          41    0.890541     0.87995  0.00383788
          42    0.850199    0.879242  0.00381131
          43    0.854715    0.878672  0.00376511
          44    0.875398    0.878597  0.00368028
          45    0.870872    0.878426   0.0036025
          46    0.850454    0.877817  0.00357513
          47    0.868004    0.877609  0.00350516
          48    0.895788    0.877987  0.00345254
          49    0.878563    0.877999   0.0033821
          50    0.862533     0.87769  0.00332857
          51    0.858157    0.877307  0.00328526
          52    0.856972    0.876916  0.00324528
          53     0.87478    0.876876   0.0031843
          54    0.858939    0.876543  0.00314261
          55      0.8595    0.876233  0.00310071
          56    0.857329    0.875896  0.00306366
          57     0.87095    0.875809  0.00301114
          58    0.886139    0.875987  0.00296449
          59    0.862743    0.875763  0.00292273
          60    0.859648    0.875494  0.00288633
          61    0.843294    0.874966  0.00288688
          62    0.890174    0.875212  0.00285072
          63    0.896714    0.875553  0.00282583
          64    0.882876    0.875667  0.00278399
          65     0.87463    0.875651  0.00274121
          66    0.878479    0.875694  0.00270001
          67    0.884577    0.875827  0.00266296
          68     0.85849    0.875572  0.00263598
          69    0.840819    0.875068  0.00264545
          70    0.863663    0.874905  0.00261267
          71    0.879952    0.874976  0.00257684
          72    0.898827    0.875308  0.00256226
          73    0.892927    0.875549   0.0025385
          74     0.89914    0.875868  0.00252414
          75    0.896227    0.876139  0.00250504
          76    0.891237    0.876338  0.00247994
          77    0.889714    0.876512  0.00245381
          78    0.876951    0.876517  0.00242236
          79    0.907238    0.876906  0.00242271
          80    0.842878    0.876481  0.00242947
          81     0.84742    0.876122  0.00242583
          82    0.877215    0.876135  0.00239628
          83    0.860404    0.875946  0.00237489
          84    0.875624    0.875942  0.00234662
          85    0.895598    0.876173  0.00233038
          86    0.901838    0.876472  0.00232232
          87    0.847667     0.87614   0.0023191
          88    0.878322    0.876165  0.00229288
          89    0.884546    0.876259  0.00226905
          90    0.855878    0.876033  0.00225511
          91    0.877505    0.876049  0.00223039
          92    0.874179    0.876029  0.00220624
          93    0.875745    0.876026  0.00218252
          94    0.885751    0.876129  0.00216175
          95    0.884044    0.876213   0.0021406
          96    0.850515    0.875945  0.00213497
          97    0.901823    0.876212  0.00212957
          98     0.88565    0.876308  0.00211001
          99    0.850385    0.876046  0.00210488
         100    0.841215    0.875698  0.00211246
         101    0.871927     0.87566  0.00209187
         102    0.891472    0.875816   0.0020771
         103    0.868301    0.875743  0.00205821
         104     0.89248    0.875903  0.00204471
         105    0.925292    0.876374  0.00207863
         106    0.881878    0.876426  0.00205967
         107    0.859702    0.876269  0.00204634
         108    0.861705    0.876135  0.00203183
         109    0.869534    0.876074  0.00201409
         110    0.862955    0.875955  0.00199931
         111    0.876692    0.875961  0.00198131
         112    0.884239    0.876035    0.001965
         113    0.909995    0.876336  0.00197046
         114     0.84295    0.876043  0.00197482
         115    0.854162    0.875853  0.00196679
         116    0.853002    0.875656  0.00195967
         117    0.843217    0.875379  0.00196244
         118    0.882178    0.875436  0.00194665
         119    0.880099    0.875475  0.00193069
         120    0.890102    0.875597  0.00191844
         121    0.874872    0.875591   0.0019026
         122     0.87614    0.875596  0.00188701
         123    0.892158     0.87573  0.00187647
         124    0.866165    0.875653  0.00186292
         125    0.871093    0.875617  0.00184837
         126    0.880317    0.875654  0.00183408
         127    0.881935    0.875704   0.0018203
         128    0.868767    0.875649  0.00180689
         129    0.875933    0.875652  0.00179288
         130    0.917468    0.875973  0.00180772
         131    0.890834    0.876087  0.00179747
         132    0.889887    0.876191  0.00178689
         133    0.873381     0.87617  0.00177358
         134    0.913687     0.87645  0.00178231
         135    0.888318    0.876538  0.00177127
         136    0.879433    0.876559  0.00175838
         137    0.856587    0.876413  0.00175158
         138     0.92702     0.87678  0.00177686
         139    0.845454    0.876555  0.00177831
         140     0.85332    0.876389  0.00177333
         141    0.877081    0.876394  0.00176076
         142    0.847266    0.876189  0.00176027
         143    0.859822    0.876074  0.00175168
         144    0.892315    0.876187  0.00174314
         145    0.860923    0.876082   0.0017343
         146    0.857326    0.875953  0.00172717
         147    0.898054    0.876104  0.00172195
         148     0.87584    0.876102  0.00171032
         149    0.839267    0.875855  0.00171661
         150    0.854309    0.875711  0.00171116
         151    0.873936    0.875699  0.00169987
         152    0.854478     0.87556  0.00169441
         153    0.870202    0.875525   0.0016837
         154    0.890321    0.875621  0.00167551
         155    0.869431    0.875581  0.00166517
         156    0.860766    0.875486   0.0016572
         157    0.858467    0.875377  0.00165019
         158    0.876585    0.875385  0.00163976
         159    0.896611    0.875518  0.00163488
         160    0.846683    0.875338  0.00163456
         161    0.860033    0.875243  0.00162717
         162    0.869994    0.875211  0.00161745
         163    0.867865    0.875166  0.00160815
         164      0.8812    0.875203  0.00159877
         165    0.870931    0.875177  0.00158929
         166    0.907278     0.87537  0.00159144
         167    0.892882    0.875475  0.00158536
         168    0.868833    0.875435  0.00157641
         169    0.858537    0.875335  0.00157025
         170    0.884882    0.875391  0.00156202
         171    0.882201    0.875431  0.00155339
         172    0.898751    0.875567  0.00155027
         173    0.872037    0.875546  0.00154144
         174    0.870609    0.875518  0.00153284
         175    0.876145    0.875522  0.00152409
         176    0.863394    0.875453  0.00151699
         177    0.858298    0.875356  0.00151151
         178    0.872335    0.875339  0.00150311
         179    0.864789     0.87528  0.00149587
         180    0.877944    0.875295  0.00148763
         181    0.863494     0.87523  0.00148084
         182    0.846629    0.875072  0.00148102
         183    0.874669     0.87507  0.00147293
         184    0.904657    0.875231  0.00147367
         185    0.882908    0.875273  0.00146629
         186    0.883487    0.875317  0.00145907
         187     0.85587    0.875213  0.00145497
         188    0.883649    0.875258  0.00144793
         189    0.845143    0.875098  0.00144901
         190    0.864051     0.87504  0.00144255
         191    0.844189    0.874879  0.00144401
         192    0.854217    0.874771  0.00144049
         193    0.877886    0.874787  0.00143312
         194    0.851089    0.874665  0.00143093
         195    0.902141    0.874806  0.00143051
         196    0.900044    0.874935  0.00142899
         197    0.859309    0.874855  0.00142394
         198      0.8391    0.874675  0.00142815
         199    0.907957    0.874842  0.00143074
         200    0.885015    0.874893  0.00142449
