           1    0.977555    0.977555 3.20742e-09
           2    0.839152    0.908354   0.0489328
           3     0.84688    0.887863   0.0366622
           4    0.826887    0.872619   0.0305016
           5    0.850111    0.868117   0.0247312
           6    0.879143    0.869955   0.0206775
           7    0.855298    0.867861   0.0178293
           8    0.884158    0.869898   0.0157165
           9    0.865643    0.869425   0.0139774
          10    0.882489    0.870732   0.0126405
          11     0.83959    0.867901   0.0118042
          12    0.856102    0.866917   0.0108614
          13    0.833995    0.864385   0.0103169
          14     0.84078    0.862699  0.00971679
          15    0.831741    0.860635  0.00928559
          16    0.839485    0.859313  0.00879883
          17    0.829336     0.85755  0.00845609
          18    0.871482    0.858324  0.00802166
          19    0.859214    0.858371   0.0075996
          20     0.85576     0.85824  0.00722074
          21    0.820347    0.856436  0.00709878
          22    0.832307    0.855339  0.00686031
          23    0.867505    0.855868   0.0065824
          24    0.865728    0.856279  0.00632094
          25    0.845454    0.855846  0.00608291
          26    0.865169    0.856204  0.00585951
          27     0.85633    0.856209   0.0056425
          28    0.865402    0.856537  0.00545052
          29    0.856037     0.85652   0.0052626
          30    0.854216    0.856443  0.00508774
          31    0.853909    0.856362  0.00492428
          32    0.852192    0.856231  0.00477212
          33    0.845864    0.855917  0.00463784
          34     0.85298    0.855831  0.00450224
          35    0.851197    0.855698  0.00437555
          36     0.84524    0.855408  0.00426364
          37    0.842885    0.855069  0.00416181
          38    0.854632    0.855058  0.00405231
          39     0.82906    0.854391  0.00400286
          40    0.855939     0.85443  0.00390297
          41    0.852457    0.854382  0.00380807
          42    0.846503    0.854194  0.00372202
          43    0.856654    0.854251   0.0036359
          44    0.856801    0.854309  0.00355373
          45    0.857105    0.854371   0.0034753
          46    0.835337    0.853958   0.0034243
          47    0.854487    0.853969  0.00335146
          48    0.848539    0.853856  0.00328355
          49    0.875734    0.854302  0.00324675
          50    0.858714    0.854391  0.00318301
          51    0.832528    0.853962  0.00314934
          52     0.85524    0.853986  0.00308887
          53     0.81413    0.853234  0.00312079
          54    0.849202     0.85316  0.00306389
          55    0.834519    0.852821  0.00302687
          56    0.836496    0.852529  0.00298682
          57    0.857409    0.852615  0.00293565
          58    0.877618    0.853046  0.00291651
          59    0.859234    0.853151  0.00286896
          60    0.818243    0.852569  0.00287954
          61    0.850946    0.852542  0.00283246
          62    0.897876    0.853274   0.0028796
          63    0.885175     0.85378  0.00287807
          64    0.836241    0.853506  0.00284612
          65    0.842858    0.853342  0.00280704
          66    0.833102    0.853036  0.00278121
          67     0.83256     0.85273  0.00275644
          68    0.842162    0.852575  0.00272028
          69    0.823711    0.852156  0.00271283
          70    0.856711    0.852221  0.00267486
          71    0.829443      0.8519  0.00265635
          72    0.843217     0.85178  0.00262219
          73    0.820744    0.851355  0.00262051
          74    0.834513    0.851127  0.00259496
          75    0.843565    0.851026  0.00256232
          76    0.875625     0.85135  0.00254897
          77    0.878424    0.851702     0.00254
          78    0.874461    0.851993  0.00252414
          79    0.868015    0.852196  0.00250032
          80    0.863614    0.852339  0.00247314
          81    0.857948    0.852408  0.00244358
          82    0.855788    0.852449  0.00241412
          83    0.890894    0.852913  0.00242907
          84    0.831895    0.852662    0.002413
          85    0.875108    0.852926  0.00239902
          86    0.864304    0.853059  0.00237477
          87     0.89405     0.85353  0.00239376
          88    0.865382    0.853665  0.00237034
          89    0.849524    0.853618  0.00234416
          90    0.855564     0.85364  0.00231822
          91    0.842148    0.853513  0.00229618
          92    0.832678    0.853287  0.00228236
          93    0.851909    0.853272  0.00225787
          94    0.865448    0.853402  0.00223756
          95    0.874921    0.853628  0.00222544
          96    0.843545    0.853523  0.00220474
          97    0.880411      0.8538  0.00219936
          98    0.839826    0.853658  0.00218154
          99     0.82641    0.853382   0.0021768
         100    0.874551    0.853594   0.0021653
         101    0.825209    0.853313  0.00216202
         102    0.819422    0.852981  0.00216621
         103    0.872037    0.853166  0.00215306
         104    0.861606    0.853247  0.00213389
         105     0.83233    0.853048  0.00212284
         106    0.820924    0.852745  0.00212434
         107     0.86741    0.852882   0.0021089
         108    0.854978    0.852901  0.00208946
         109    0.870831    0.853066  0.00207676
         110    0.828406    0.852842  0.00206994
         111    0.861918    0.852923  0.00205291
         112    0.837716    0.852788  0.00203907
         113    0.884055    0.853064  0.00203971
         114    0.866213     0.85318  0.00202508
         115    0.836624    0.853036  0.00201258
         116    0.853363    0.853038  0.00199523
         117    0.846983    0.852987  0.00197885
         118    0.849996    0.852961  0.00196224
         119    0.854165    0.852971  0.00194578
         120    0.812673    0.852636  0.00195833
         121    0.843349    0.852559  0.00194364
         122    0.847752    0.852519  0.00192811
         123    0.807565    0.852154  0.00194677
         124    0.851098    0.852145  0.00193109
         125    0.860628    0.852213  0.00191683
         126    0.882354    0.852453  0.00191648
         127    0.850345    0.852436  0.00190147
         128    0.827791    0.852243  0.00189633
         129    0.858455    0.852292  0.00188225
         130    0.855825    0.852319  0.00186796
         131    0.852635    0.852321   0.0018537
         132    0.863732    0.852408  0.00184168
         133    0.841686    0.852327  0.00182959
         134    0.874444    0.852492  0.00182337
         135    0.837443    0.852381  0.00181327
         136    0.836004     0.85226  0.00180393
         137    0.833077     0.85212  0.00179619
         138    0.870463    0.852253  0.00178808
         139    0.854396    0.852268  0.00177528
         140    0.864511    0.852356  0.00176476
         141    0.852895     0.85236  0.00175224
         142    0.840466    0.852276  0.00174191
         143     0.84848    0.852249  0.00172993
         144    0.870483    0.852376  0.00172254
         145    0.857149    0.852409  0.00171098
         146    0.804983    0.852084  0.00172982
         147    0.850498    0.852073  0.00171808
         148    0.857362    0.852109  0.00170685
         149    0.835229    0.851996  0.00169915
         150    0.871521    0.852126   0.0016928
         151    0.856963    0.852158  0.00168189
         152     0.87401    0.852302  0.00167696
         153    0.811161    0.852033  0.00168742
         154    0.852772    0.852038  0.00167647
         155    0.829075    0.851889  0.00167218
         156    0.886425    0.852111  0.00167605
         157    0.875861    0.852262  0.00167219
         158    0.857822    0.852297  0.00166198
         159    0.870749    0.852413  0.00165557
         160    0.875122    0.852555   0.0016513
         161    0.874057    0.852689  0.00164643
         162    0.825585    0.852522  0.00164475
         163    0.866751    0.852609  0.00163697
         164    0.848753    0.852585  0.00162716
         165    0.849412    0.852566  0.00161741
         166    0.862597    0.852627   0.0016088
         167    0.883851    0.852813  0.00160999
         168    0.851884    0.852808  0.00160042
         169    0.858606    0.852842  0.00159132
         170    0.842772    0.852783  0.00158306
         171    0.812767    0.852549    0.001591
         172    0.846036    0.852511   0.0015822
         173    0.855685     0.85253  0.00157316
         174    0.848528    0.852507  0.00156429
         175    0.862753    0.852565  0.00155645
         176    0.847045    0.852534  0.00154792
         177    0.836616    0.852444  0.00154178
         178    0.853661    0.852451  0.00153314
         179    0.860276    0.852494   0.0015252
         180    0.869048    0.852586  0.00151949
         181    0.879148    0.852733  0.00151817
         182    0.866561    0.852809  0.00151173
         183    0.822909    0.852646  0.00151227
         184    0.841915    0.852587  0.00150517
         185     0.85725    0.852613  0.00149725
         186    0.860269    0.852654  0.00148976
         187    0.832741    0.852547   0.0014856
         188    0.859564    0.852585  0.00147817
         189    0.830617    0.852468  0.00147491
         190    0.864538    0.852532  0.00146851
         191    0.841762    0.852475  0.00146191
         192     0.84919    0.852458  0.00145439
         193    0.834406    0.852365  0.00144986
         194    0.832101     0.85226  0.00144614
         195    0.821425    0.852102  0.00144735
         196    0.882985     0.85226  0.00144852
         197    0.876665    0.852384  0.00144645
         198    0.839246    0.852317  0.00144067
         199    0.853027    0.852321  0.00143343
         200    0.860488    0.852362  0.00142685
