           1     1.02851     1.02851 8.50574e-09
           2    0.886586    0.957549   0.0501783
           3    0.889937    0.935011   0.0381795
           4    0.889415    0.923612   0.0302885
           5    0.923379    0.923565   0.0242309
           6    0.930172    0.924667   0.0202174
           7    0.891198    0.919885   0.0178856
           8    0.922394    0.920199   0.0156527
           9    0.887072    0.916518   0.0143397
          10    0.852297    0.910096   0.0142716
          11    0.892447    0.908492    0.013064
          12    0.895197    0.907384   0.0120222
          13    0.876877    0.905037   0.0113242
          14    0.928408    0.906706   0.0106376
          15     0.92717    0.908071   0.0100155
          16    0.879004    0.906254  0.00955291
          17    0.884659    0.904984  0.00907504
          18    0.899218    0.904663  0.00857652
          19     0.88315    0.903531  0.00819952
          20    0.901198    0.903414  0.00779038
          21    0.869996    0.901823   0.0075802
          22    0.917435    0.902533  0.00726878
          23    0.886092    0.901818   0.0069878
          24    0.905668    0.901978  0.00669849
          25    0.871094    0.900743  0.00654347
          26    0.894484    0.900502  0.00629623
          27    0.897376    0.900386   0.0060641
          28     0.88537     0.89985  0.00587119
          29    0.906554    0.900081  0.00567329
          30    0.913403    0.900525  0.00550153
          31    0.931615    0.901528   0.0054147
          32     0.89873    0.901441   0.0052462
          33    0.918393    0.901955  0.00511231
          34    0.896793    0.901803   0.0049642
          35    0.894155    0.901584  0.00482718
          36    0.912893    0.901898   0.0047033
          37    0.914945    0.902251  0.00458938
          38    0.901122    0.902221   0.0044687
          39    0.913393    0.902508  0.00436329
          40    0.906634    0.902611  0.00425543
          41     0.90121    0.902577  0.00415177
          42    0.859395    0.901549  0.00417829
          43     0.86112    0.900608  0.00418557
          44    0.904994    0.900708  0.00409163
          45    0.883974    0.900336  0.00401756
          46    0.900484    0.900339  0.00393023
          47    0.932709    0.901028  0.00390648
          48    0.913061    0.901279  0.00383313
          49    0.887312    0.900994  0.00376549
          50    0.902134    0.901017  0.00369024
          51    0.906177    0.901118  0.00361927
          52    0.909373    0.901277  0.00355315
          53    0.898073    0.901216  0.00348663
          54    0.889686    0.901003  0.00342859
          55    0.902079    0.901022  0.00336631
          56     0.87837    0.900618  0.00333041
          57     0.90574    0.900707  0.00327319
          58    0.933845    0.901279  0.00326624
          59    0.862849    0.900627  0.00327518
          60    0.902474    0.900658  0.00322074
          61    0.902714    0.900692  0.00316812
          62    0.904131    0.900747  0.00311751
          63    0.879222    0.900406  0.00308669
          64    0.889954    0.900242  0.00304278
          65    0.894069    0.900147  0.00299745
          66    0.904087    0.900207  0.00295262
          67    0.896332    0.900149  0.00290912
          68    0.880324    0.899858  0.00288091
          69     0.90437    0.899923   0.0028399
          70    0.910358    0.900072  0.00280324
          71    0.894596    0.899995  0.00276482
          72    0.915738    0.900214  0.00273505
          73    0.860313    0.899667  0.00275166
          74    0.853063    0.899037  0.00278561
          75    0.888323    0.898894  0.00275213
          76    0.917357    0.899137  0.00272662
          77    0.912784    0.899315  0.00269697
          78    0.860653    0.898819  0.00270755
          79    0.922145    0.899114  0.00268933
          80    0.921539    0.899395  0.00267028
          81    0.922007    0.899674  0.00265187
          82    0.909064    0.899788    0.002622
          83    0.871569    0.899448  0.00261236
          84    0.876802    0.899179  0.00259514
          85    0.890952    0.899082  0.00256641
          86    0.855094     0.89857  0.00258703
          87    0.882004     0.89838   0.0025643
          88    0.890587    0.898291  0.00253669
          89    0.892845     0.89823  0.00250892
          90    0.901622    0.898268  0.00248133
          91    0.889497    0.898172  0.00245593
          92    0.906531    0.898262  0.00243092
          93    0.920213    0.898498  0.00241621
          94     0.88537    0.898359  0.00239454
          95    0.908129    0.898462  0.00237154
          96    0.880095     0.89827  0.00235454
          97    0.886113    0.898145   0.0023336
          98    0.909009    0.898256  0.00231242
          99    0.896229    0.898235  0.00228915
         100    0.924095    0.898494  0.00228082
         101     0.88643    0.898374  0.00226136
         102    0.913837    0.898526  0.00224427
         103    0.912069    0.898658  0.00222633
         104    0.930333    0.898962  0.00222566
         105      0.9408    0.899361  0.00223984
         106    0.914309    0.899502  0.00222315
         107     0.90237    0.899528  0.00220253
         108    0.885574    0.899399  0.00218593
         109    0.917106    0.899562   0.0021719
         110    0.895278    0.899523   0.0021525
         111     0.88533    0.899395  0.00213691
         112     0.88727    0.899287  0.00212057
         113    0.922963    0.899496  0.00211213
         114    0.905058    0.899545  0.00209416
         115    0.936053    0.899862  0.00209988
         116    0.891172    0.899787  0.00208311
         117    0.913436    0.899904  0.00206857
         118    0.893723    0.899852   0.0020517
         119    0.871286    0.899612  0.00204846
         120    0.904144    0.899649  0.00203173
         121    0.901332    0.899663  0.00201499
         122    0.888604    0.899573  0.00200051
         123    0.895929    0.899543  0.00198447
         124    0.909679    0.899625  0.00197015
         125    0.872765     0.89941  0.00196607
         126      0.9092    0.899488    0.001952
         127    0.908933    0.899562  0.00193805
         128    0.901519    0.899577  0.00192297
         129    0.889305    0.899498  0.00190971
         130    0.930429    0.899736  0.00190978
         131    0.917906    0.899874  0.00190023
         132    0.897216    0.899854  0.00188594
         133     0.92928    0.900075   0.0018847
         134    0.893856    0.900029   0.0018712
         135    0.900064    0.900029  0.00185734
         136    0.916187    0.900148  0.00184748
         137    0.893413    0.900099  0.00183465
         138    0.882962    0.899975  0.00182555
         139    0.891825    0.899916  0.00181336
         140    0.884151    0.899803   0.0018039
         141    0.883245    0.899686  0.00179493
         142    0.919344    0.899824  0.00178762
         143    0.942318    0.900122  0.00179964
         144    0.878372    0.899971  0.00179347
         145    0.897128    0.899951  0.00178121
         146    0.887159    0.899863  0.00177117
         147     0.89968    0.899862  0.00175912
         148    0.863674    0.899618  0.00176414
         149    0.879519    0.899483  0.00175745
         150    0.900206    0.899488  0.00174574
         151    0.914457    0.899587  0.00173699
         152    0.895166    0.899558  0.00172581
         153    0.899271    0.899556  0.00171453
         154    0.909743    0.899622  0.00170467
         155    0.909519    0.899686  0.00169487
         156    0.909962    0.899752  0.00168529
         157    0.907574    0.899801  0.00167529
         158    0.923279     0.89995  0.00167126
         159    0.917469     0.90006  0.00166438
         160    0.900369    0.900062  0.00165398
         161     0.90297     0.90008   0.0016438
         162     0.88047    0.899959  0.00163811
         163    0.931962    0.900155  0.00163978
         164    0.896505    0.900133  0.00162993
         165    0.899798    0.900131  0.00162006
         166    0.888515    0.900061  0.00161181
         167    0.921056    0.900187  0.00160705
         168    0.915383    0.900277  0.00160003
         169    0.889076    0.900211  0.00159193
         170    0.866108    0.900011  0.00159516
         171    0.919048    0.900122  0.00158971
         172    0.898159     0.90011  0.00158051
         173    0.918002    0.900214  0.00157475
         174    0.896899    0.900195  0.00156582
         175    0.928215    0.900355  0.00156504
         176    0.903904    0.900375  0.00155627
         177    0.903878    0.900395  0.00154761
         178    0.865162    0.900197  0.00155152
         179     0.86591    0.900005  0.00155463
         180    0.872735    0.899854  0.00155336
         181    0.886704    0.899781  0.00154647
         182    0.916429    0.899873  0.00154068
         183    0.913359    0.899946  0.00153402
         184    0.920829     0.90006  0.00152988
         185    0.894807    0.900031  0.00152187
         186    0.920621    0.900142  0.00151771
         187    0.900115    0.900142  0.00150959
         188    0.914694    0.900219  0.00150355
         189    0.893927    0.900186  0.00149596
         190    0.889077    0.900128  0.00148923
         191    0.904781    0.900152  0.00148163
         192    0.902144    0.900162  0.00147395
         193    0.894189    0.900131  0.00146664
         194    0.905095    0.900157   0.0014593
         195     0.90141    0.900163  0.00145183
         196    0.871609    0.900018  0.00145172
         197    0.917005    0.900104  0.00144691
         198    0.900756    0.900107   0.0014396
         199    0.913331    0.900174   0.0014339
         200     0.90203    0.900183  0.00142676
