           1     -5.2984     -5.2984  3.6372e-08
           2    -5.00579     -5.1521    0.103453
           3    -5.00984    -5.10468   0.0790933
           4    -4.99817    -5.07805   0.0636448
           5    -5.05527     -5.0735   0.0510786
           6    -5.10975    -5.07954   0.0429214
           7     -4.9846    -5.06598   0.0388734
           8    -5.02595    -5.06097   0.0343347
           9    -5.02992    -5.05752   0.0306926
          10    -5.13574    -5.06534   0.0286026
          11    -5.03798    -5.06286   0.0261102
          12    -5.06893    -5.06336   0.0239393
          13    -4.97865    -5.05685   0.0229676
          14    -4.99553    -5.05247   0.0217406
          15     -5.0175    -5.05014   0.0204158
          16    -5.01715    -5.04807   0.0192436
          17     -5.0468      -5.048   0.0181118
          18    -5.02479    -5.04671   0.0171514
          19    -5.09478    -5.04924   0.0164343
          20    -5.09699    -5.05163    0.015785
          21    -5.02831    -5.05052   0.0150724
          22    -5.04562    -5.05029   0.0143889
          23    -5.02468    -5.04918   0.0138063
          24    -5.00629    -5.04739   0.0133462
          25    -5.01195    -5.04598   0.0128875
          26    -5.01549     -5.0448    0.012445
          27    -5.06266    -5.04546   0.0120016
          28    -5.02693     -5.0448   0.0115912
          29    -5.03122    -5.04433    0.011201
          30    -4.99814    -5.04279    0.010933
          31    -5.00722    -5.04165   0.0106404
          32    -4.98302    -5.03982   0.0104644
          33    -5.01081    -5.03894   0.0101841
          34    -4.96144    -5.03666   0.0101365
          35    -5.03806     -5.0367  0.00984694
          36    -5.05528    -5.03721  0.00958693
          37    -5.04661    -5.03747  0.00933119
          38    -5.01593     -5.0369  0.00910282
          39    -5.08869    -5.03823  0.00896577
          40    -5.01446    -5.03763   0.0087613
          41    -4.98562    -5.03637  0.00863898
          42     -5.0021    -5.03555  0.00847173
          43     -5.0143    -5.03506  0.00828911
          44    -5.02705    -5.03487  0.00810272
          45    -5.02813    -5.03472  0.00792404
          46    -5.02598    -5.03453  0.00775406
          47    -5.01645    -5.03415  0.00759862
          48    -5.06912    -5.03488  0.00747517
          49    -5.03862    -5.03495  0.00732301
          50    -5.06609    -5.03558  0.00720297
          51    -5.05494    -5.03596  0.00707173
          52     -5.0359    -5.03596  0.00693574
          53    -5.07325    -5.03666  0.00684048
          54    -5.04602    -5.03683    0.006716
          55     -5.0359    -5.03682  0.00659391
          56    -5.00935    -5.03632  0.00649438
          57    -5.04841    -5.03654   0.0063839
          58     -5.0302    -5.03643  0.00627477
          59    -5.02908     -5.0363  0.00616965
          60    -5.01214     -5.0359  0.00607995
          61    -5.04719    -5.03609   0.0059831
          62    -4.96656    -5.03496  0.00599075
          63    -4.96001    -5.03377  0.00601264
          64    -5.02576    -5.03365     0.00592
          65    -5.01895    -5.03342  0.00583324
          66    -5.00468    -5.03299  0.00576109
          67    -5.04047     -5.0331  0.00567619
          68    -5.03993     -5.0332   0.0055936
          69    -5.05994    -5.03359  0.00552595
          70    -5.00764    -5.03322  0.00545942
          71    -5.03692    -5.03327  0.00538278
          72    -5.00503    -5.03288  0.00532228
          73    -5.05639     -5.0332  0.00525911
          74    -5.01484    -5.03295   0.0051939
          75    -5.08076    -5.03359  0.00516361
          76    -4.98249    -5.03292  0.00513924
          77    -5.03343    -5.03292   0.0050725
          78    -5.01125    -5.03264  0.00501508
          79    -5.07556    -5.03319  0.00498093
          80    -5.02887    -5.03313  0.00491896
          81    -5.00988    -5.03285   0.0048666
          82     -5.0124     -5.0326  0.00481364
          83    -4.96118    -5.03174  0.00483194
          84    -5.08716     -5.0324  0.00481925
          85    -5.04263    -5.03252  0.00476406
          86    -5.03918    -5.03259  0.00470929
          87    -4.97798    -5.03197  0.00469681
          88    -4.97624    -5.03133  0.00468593
          89     -4.9943    -5.03092  0.00465172
          90    -4.93885    -5.02989  0.00471118
          91    -4.98411    -5.02939  0.00468619
          92    -4.98859    -5.02895   0.0046562
          93     -5.0299    -5.02896  0.00460614
          94    -5.05828    -5.02927  0.00456769
          95    -5.09308    -5.02994  0.00456872
          96    -5.03754    -5.03002  0.00452182
          97    -5.02193    -5.02994  0.00447597
          98    -5.01671     -5.0298  0.00443233
          99    -4.98727    -5.02937  0.00440833
         100    -5.03467    -5.02943  0.00436456
         101    -5.06432    -5.02977  0.00433501
         102     -5.0758    -5.03022  0.00431593
         103    -5.00527    -5.02998  0.00428082
         104    -5.01892    -5.02987  0.00424098
         105     -5.0055    -5.02964  0.00420694
         106    -4.95364    -5.02892  0.00422791
         107    -5.01586     -5.0288  0.00419016
         108    -5.02318    -5.02875  0.00415168
         109    -4.99856    -5.02847  0.00412282
         110    -5.03275    -5.02851  0.00408553
         111    -5.05336    -5.02874  0.00405485
         112    -5.07233    -5.02913  0.00403729
         113    -4.99141    -5.02879  0.00401533
         114    -5.06518    -5.02911  0.00399278
         115    -5.02283    -5.02906  0.00395843
         116    -5.03303    -5.02909  0.00392446
         117    -4.98239    -5.02869  0.00391116
         118    -5.00341    -5.02848  0.00388388
         119    -5.00913    -5.02831  0.00385465
         120    -5.06397    -5.02861  0.00383396
         121    -5.05865    -5.02886  0.00381031
         122    -4.99014    -5.02854  0.00379227
         123    -4.96489    -5.02802  0.00379658
         124    -5.07555    -5.02841  0.00378526
         125    -5.06867    -5.02873  0.00376865
         126    -5.03315    -5.02877  0.00373891
         127    -5.02591    -5.02874  0.00370953
         128    -4.99386    -5.02847  0.00369055
         129    -4.95442     -5.0279  0.00370631
         130    -4.96825    -5.02744  0.00370609
         131    -5.05852    -5.02767  0.00368539
         132    -5.05177    -5.02786  0.00366199
         133    -4.99516    -5.02761   0.0036427
         134    -5.01111    -5.02749  0.00361759
         135    -5.00658    -5.02733  0.00359411
         136     -4.9574    -5.02682  0.00360428
         137    -4.95193    -5.02627  0.00361918
         138    -5.04927    -5.02644  0.00359679
         139    -5.02122     -5.0264  0.00357111
         140    -5.06028    -5.02664  0.00355379
         141    -5.02616    -5.02664  0.00352859
         142     -5.0569    -5.02685  0.00351017
         143    -4.98279    -5.02655  0.00349912
         144    -4.94615    -5.02599  0.00351908
         145    -4.95877    -5.02552  0.00352521
         146    -5.06354    -5.02578  0.00351067
         147    -5.04163    -5.02589  0.00348844
         148    -4.96728     -5.0255  0.00348728
         149    -5.04628    -5.02564  0.00346666
         150    -4.98398    -5.02536  0.00345466
         151    -4.98445    -5.02509  0.00344238
         152    -5.00453    -5.02495  0.00342239
         153    -5.02752    -5.02497  0.00340006
         154    -5.01495     -5.0249  0.00337861
         155    -5.00144    -5.02475   0.0033602
         156    -5.01149    -5.02467  0.00333973
         157    -5.01446     -5.0246  0.00331909
         158    -5.00392    -5.02447  0.00330067
         159    -5.06425    -5.02472  0.00328938
         160    -5.00065    -5.02457  0.00327226
         161    -5.00873    -5.02447  0.00325341
         162    -5.01364    -5.02441  0.00323401
         163    -4.97742    -5.02412  0.00322699
         164    -4.98106    -5.02385  0.00321798
         165    -4.95466    -5.02343  0.00322569
         166    -5.05187    -5.02361   0.0032108
         167    -5.04236    -5.02372  0.00319353
         168     -5.0739    -5.02402  0.00318846
         169    -5.07699    -5.02433  0.00318497
         170    -5.08441    -5.02468  0.00318578
         171    -5.02074    -5.02466  0.00316723
         172      -5.043    -5.02477  0.00315061
         173     -4.9966     -5.0246   0.0031366
         174    -4.97775    -5.02434  0.00313011
         175     -4.9975    -5.02418  0.00311598
         176    -5.01367    -5.02412  0.00309885
         177    -5.05994    -5.02432  0.00308794
         178    -5.04649    -5.02445   0.0030731
         179    -5.01042    -5.02437  0.00305693
         180    -4.99312     -5.0242  0.00304488
         181    -4.98326    -5.02397  0.00303644
         182    -4.99044    -5.02379  0.00302534
         183    -5.00608    -5.02369  0.00301036
         184    -5.00734     -5.0236  0.00299531
         185    -5.01914    -5.02358  0.00297921
         186    -5.07344    -5.02385  0.00297523
         187    -4.99899    -5.02371  0.00296229
         188    -5.03565    -5.02378  0.00294721
         189    -5.06167    -5.02398  0.00293843
         190    -5.06189    -5.02418  0.00292973
         191    -5.04609    -5.02429  0.00291664
         192    -5.10988    -5.02474  0.00293532
         193    -5.01037    -5.02466  0.00292105
         194    -5.05369    -5.02481  0.00290983
         195    -5.13438    -5.02537  0.00294866
         196    -5.06496    -5.02558  0.00294052
         197    -5.05174    -5.02571  0.00292859
         198    -5.04689    -5.02582  0.00291575
         199    -5.03329    -5.02585  0.00290134
         200    -5.05134    -5.02598  0.00288963
