           1     1.87368     1.87368 1.02415e-08
           2     1.58378     1.72873    0.102497
           3     1.59386     1.68377    0.077566
           4     1.56791     1.65481   0.0633524
           5     1.60872     1.64559   0.0513481
           6     1.65444     1.64706   0.0428112
           7     1.67872     1.65159   0.0369335
           8     1.59138     1.64406   0.0330747
           9     1.56476     1.63525   0.0305509
          10     1.55299     1.62702   0.0285819
          11     1.61943     1.62633   0.0259919
          12     1.54248     1.61934   0.0247473
          13     1.61081     1.61869   0.0228524
          14     1.56671     1.61498   0.0215195
          15     1.59781     1.61383   0.0201153
          16     1.66218     1.61685   0.0190837
          17     1.61515     1.61675   0.0179614
          18     1.58921     1.61522   0.0170286
          19     1.62147     1.61555   0.0161355
          20      1.6486      1.6172   0.0154131
          21     1.61899     1.61729   0.0146794
          22     1.69866     1.62099   0.0144706
          23      1.5662     1.61861   0.0140361
          24     1.54359     1.61548   0.0137949
          25     1.63527     1.61627   0.0132658
          26     1.61506     1.61622   0.0127557
          27     1.56536     1.61434   0.0124216
          28     1.60754      1.6141   0.0119803
          29     1.61719      1.6142   0.0115677
          30     1.60657     1.61395   0.0111849
          31     1.63505     1.61463   0.0108448
          32     1.58102     1.61358   0.0105566
          33     1.60334     1.61327   0.0102413
          34      1.6558     1.61452   0.0100161
          35     1.65394     1.61565  0.00979307
          36     1.66986     1.61715  0.00963612
          37     1.67437      1.6187  0.00949897
          38     1.54107     1.61666   0.0094661
          39     1.57987     1.61571  0.00927025
          40     1.52543     1.61346  0.00930919
          41     1.65315     1.61442  0.00913233
          42     1.68212     1.61604    0.009056
          43      1.5999     1.61566  0.00885317
          44     1.63684     1.61614  0.00866503
          45     1.60475     1.61589  0.00847617
          46       1.596     1.61546  0.00830292
          47     1.60306     1.61519  0.00813045
          48       1.601      1.6149  0.00796644
          49     1.60662     1.61473  0.00780565
          50     1.61253     1.61468  0.00764966
          51      1.5968     1.61433  0.00750771
          52     1.61699     1.61438   0.0073635
          53     1.62335     1.61455  0.00722651
          54     1.58081     1.61393  0.00711966
          55     1.49855     1.61183  0.00729274
          56     1.59671     1.61156  0.00716751
          57     1.64745     1.61219  0.00706937
          58     1.66744     1.61314  0.00701136
          59     1.58575     1.61268  0.00690788
          60     1.64326     1.61319  0.00681152
          61     1.59241     1.61285  0.00670837
          62     1.62014     1.61297   0.0066012
          63     1.59067     1.61261   0.0065059
          64     1.61125     1.61259  0.00640428
          65     1.64507     1.61309  0.00632522
          66     1.66887     1.61394  0.00628559
          67     1.58273     1.61347  0.00620901
          68     1.61212     1.61345  0.00611773
          69     1.52291     1.61214   0.0061682
          70      1.6569     1.61278  0.00611314
          71     1.64003     1.61316  0.00603908
          72      1.5915     1.61286   0.0059627
          73     1.64664     1.61332  0.00589895
          74     1.59725     1.61311  0.00582323
          75     1.63611     1.61341  0.00575366
          76     1.64378     1.61381  0.00569181
          77     1.56783     1.61321  0.00564912
          78     1.58369     1.61284  0.00558936
          79     1.56818     1.61227  0.00554712
          80     1.59605     1.61207  0.00548148
          81     1.56796     1.61152  0.00544079
          82     1.61287     1.61154  0.00537446
          83     1.59705     1.61137  0.00531255
          84     1.60144     1.61125  0.00525062
          85     1.67962     1.61205  0.00525011
          86     1.62589     1.61221  0.00519152
          87     1.59588     1.61202  0.00513525
          88     1.61474     1.61206  0.00507698
          89     1.69188     1.61295  0.00509854
          90     1.62086     1.61304  0.00504264
          91     1.64436     1.61338  0.00499896
          92     1.60391     1.61328  0.00494568
          93     1.59028     1.61303  0.00489869
          94     1.67448     1.61369  0.00488999
          95     1.64395     1.61401  0.00484888
          96     1.60394      1.6139   0.0047995
          97     1.67145     1.61449  0.00478655
          98     1.63698     1.61472   0.0047432
          99     1.58318     1.61441  0.00470598
         100     1.64119     1.61467  0.00466654
         101     1.64171     1.61494  0.00462801
         102     1.61115      1.6149  0.00458279
         103     1.53203      1.6141  0.00460838
         104      1.6187     1.61414  0.00456428
         105     1.54913     1.61352  0.00456262
         106     1.57993     1.61321  0.00453057
         107     1.59277     1.61302  0.00449225
         108     1.57919      1.6127  0.00446156
         109     1.59526     1.61254   0.0044235
         110     1.51449     1.61165   0.0044722
         111     1.61455     1.61168  0.00443199
         112     1.55024     1.61113  0.00442624
         113     1.59967     1.61103  0.00438823
         114       1.669     1.61154   0.0043791
         115     1.64464     1.61182  0.00435048
         116     1.62075      1.6119  0.00431365
         117     1.59799     1.61178  0.00427842
         118     1.64046     1.61203  0.00424906
         119     1.65742     1.61241  0.00423044
         120     1.60235     1.61232  0.00419602
         121     1.68171      1.6129  0.00420034
         122     1.59653     1.61276  0.00416806
         123     1.68066     1.61331  0.00417056
         124     1.63148     1.61346   0.0041395
         125     1.68913     1.61407  0.00415041
         126     1.66075     1.61444  0.00413398
         127     1.59328     1.61427  0.00410478
         128     1.65206     1.61457  0.00408331
         129     1.57082     1.61423  0.00406572
         130     1.62291     1.61429  0.00403499
         131     1.58795     1.61409   0.0040092
         132     1.55168     1.61362   0.0040066
         133     1.53712     1.61304  0.00401756
         134     1.56454     1.61268  0.00400385
         135     1.58586     1.61248  0.00397912
         136     1.59141     1.61233  0.00395287
         137      1.5654     1.61199  0.00393884
         138     1.55663     1.61158  0.00393067
         139     1.58064     1.61136  0.00390869
         140     1.60079     1.61129   0.0038815
         141     1.61404     1.61131  0.00385402
         142     1.57162     1.61103    0.003837
         143     1.60809     1.61101  0.00381022
         144     1.61531     1.61104  0.00378388
         145     1.51326     1.61036   0.0038174
         146      1.5485     1.60994  0.00381469
         147     1.57611     1.60971  0.00379567
         148     1.61038     1.60971  0.00377003
         149     1.60339     1.60967  0.00374497
         150     1.61675     1.60972   0.0037203
         151     1.58381     1.60955  0.00369961
         152     1.61795      1.6096  0.00367569
         153     1.56001     1.60928  0.00366593
         154     1.65842      1.6096  0.00365598
         155     1.65397     1.60988  0.00364359
         156     1.58253     1.60971  0.00362445
         157     1.51228     1.60909  0.00365411
         158     1.62717      1.6092  0.00363277
         159     1.63984     1.60939  0.00361503
         160      1.6028     1.60935  0.00359267
         161     1.65684     1.60965  0.00358245
         162     1.61699     1.60969  0.00356062
         163     1.57197     1.60946  0.00354629
         164     1.64757     1.60969  0.00353227
         165     1.63017     1.60982  0.00351304
         166     1.62599     1.60992  0.00349323
         167     1.59472     1.60982   0.0034735
         168       1.594     1.60973   0.0034541
         169     1.59982     1.60967  0.00343416
         170     1.61987     1.60973  0.00341448
         171     1.57822     1.60955  0.00339948
         172     1.62715     1.60965  0.00338126
         173     1.63697     1.60981   0.0033654
         174     1.56849     1.60957  0.00335442
         175      1.6174     1.60961  0.00333555
         176     1.65387     1.60987  0.00332607
         177     1.62376     1.60994   0.0033082
         178     1.58983     1.60983  0.00329154
         179     1.59104     1.60973  0.00327483
         180     1.62012     1.60978  0.00325715
         181     1.65248     1.61002  0.00324768
         182     1.69989     1.61051  0.00326716
         183     1.56321     1.61026  0.00325952
         184     1.61627     1.61029  0.00324197
         185     1.54799     1.60995  0.00324189
         186     1.65061     1.61017  0.00323182
         187     1.58519     1.61004   0.0032173
         188     1.64323     1.61021  0.00320503
         189     1.62352     1.61028  0.00318884
         190     1.58375     1.61014  0.00317512
         191     1.61446     1.61017  0.00315857
         192     1.61976     1.61022  0.00314252
         193     1.63739     1.61036  0.00312939
         194     1.53553     1.60997  0.00313694
         195     1.55404     1.60968  0.00313394
         196      1.5856     1.60956  0.00312036
         197     1.57577     1.60939  0.00310923
         198     1.60846     1.60939  0.00309353
         199     1.56118     1.60914  0.00308745
         200     1.65777     1.60939  0.00308158
