           1     1.83287     1.83287 1.40359e-08
           2     1.54609     1.68948    0.101394
           3     1.56003     1.64633   0.0762263
           4     1.51261      1.6129   0.0640825
           5     1.57876     1.60607   0.0516284
           6     1.62911     1.60991   0.0431662
           7     1.58176     1.60589   0.0371865
           8     1.51304     1.59428   0.0343017
           9     1.51739     1.58574   0.0315364
          10     1.58354     1.58552   0.0283835
          11     1.59702     1.58656   0.0258224
          12     1.53803     1.58252   0.0239852
          13     1.56067     1.58084    0.022199
          14     1.59631     1.58194   0.0206409
          15     1.60052     1.58318    0.019302
          16     1.58424     1.58325   0.0180957
          17     1.57097     1.58253   0.0170456
          18     1.54479     1.58043   0.0162271
          19     1.57103     1.57993   0.0153806
          20     1.55428     1.57865   0.0146649
          21      1.5535     1.57745   0.0140154
          22     1.54478     1.57597   0.0134568
          23     1.59715     1.57689   0.0129032
          24     1.56524     1.57641   0.0123747
          25     1.61278     1.57786   0.0119649
          26     1.52829     1.57595   0.0116557
          27     1.70391     1.58069   0.0121493
          28     1.53564     1.57908   0.0118215
          29     1.58052     1.57913    0.011414
          30     1.51814      1.5771   0.0112131
          31     1.52329     1.57536    0.010985
          32       1.612     1.57651   0.0107012
          33     1.60175     1.57727   0.0104042
          34     1.54119     1.57621   0.0101522
          35     1.60084     1.57692  0.00988645
          36     1.59675     1.57747  0.00962717
          37     1.52823     1.57614  0.00945848
          38     1.60479     1.57689  0.00923959
          39      1.5711     1.57674  0.00900387
          40       1.613     1.57765  0.00882429
          41     1.61202     1.57849  0.00864881
          42     1.59675     1.57892  0.00845381
          43     1.51558     1.57745  0.00838455
          44     1.59053     1.57775  0.00819926
          45      1.6023     1.57829  0.00803519
          46     1.61533      1.5791  0.00790075
          47     1.56632     1.57883  0.00773733
          48     1.53318     1.57787  0.00763435
          49     1.59592     1.57824  0.00748743
          50     1.59269     1.57853  0.00734325
          51     1.62927     1.57953  0.00726635
          52     1.55505     1.57906  0.00714183
          53     1.52113     1.57796  0.00709022
          54     1.58424     1.57808  0.00695987
          55     1.52461     1.57711  0.00690089
          56     1.53232     1.57631  0.00682386
          57     1.54952     1.57584  0.00672031
          58     1.50896     1.57468  0.00670264
          59     1.50506      1.5735  0.00669212
          60     1.55493     1.57319  0.00658775
          61     1.56977     1.57314  0.00647999
          62     1.56511     1.57301  0.00637677
          63      1.5505     1.57265  0.00628555
          64     1.63729     1.57366  0.00626794
          65     1.67657     1.57524  0.00636832
          66     1.60593     1.57571  0.00628878
          67     1.55217     1.57536  0.00620473
          68     1.57941     1.57542  0.00611377
          69     1.60524     1.57585  0.00604042
          70     1.56627     1.57571  0.00595568
          71     1.56241     1.57553  0.00587474
          72     1.49393     1.57439  0.00590145
          73     1.56374     1.57425  0.00582241
          74     1.64139     1.57515    0.005814
          75     1.52926     1.57454  0.00576859
          76     1.59237     1.57478  0.00569746
          77     1.58159     1.57486  0.00562415
          78     1.60615     1.57527  0.00556633
          79      1.5708     1.57521  0.00549616
          80     1.55274     1.57493  0.00543463
          81      1.5604     1.57475   0.0053705
          82     1.53149     1.57422  0.00533085
          83      1.5676     1.57414  0.00526722
          84     1.60178     1.57447  0.00521479
          85       1.564     1.57435  0.00515489
          86     1.57432     1.57435  0.00509495
          87     1.61047     1.57476  0.00505328
          88     1.63216     1.57541  0.00503777
          89     1.56711     1.57532  0.00498203
          90     1.58237      1.5754  0.00492729
          91     1.61191      1.5758  0.00488945
          92     1.56655      1.5757  0.00483734
          93     1.51842     1.57508  0.00482438
          94      1.6181     1.57554  0.00479471
          95     1.55091     1.57528  0.00475124
          96     1.53904     1.57491  0.00471672
          97     1.55801     1.57473  0.00467131
          98     1.61176     1.57511   0.0046389
          99     1.60266     1.57539  0.00460038
         100     1.57006     1.57533  0.00455469
         101     1.55183      1.5751  0.00451553
         102     1.63951     1.57573   0.0045152
         103     1.58917     1.57586  0.00447324
         104     1.56908      1.5758  0.00443071
         105     1.56524      1.5757  0.00438965
         106     1.58275     1.57576  0.00434874
         107     1.56703     1.57568  0.00430887
         108     1.56654      1.5756   0.0042698
         109     1.59224     1.57575  0.00423336
         110      1.5973     1.57595   0.0041994
         111      1.6151      1.5763  0.00417636
         112     1.56103     1.57616   0.0041413
         113     1.55977     1.57602  0.00410719
         114     1.52782     1.57559  0.00409286
         115      1.5565     1.57543  0.00406064
         116     1.60119     1.57565   0.0040317
         117     1.61172     1.57596  0.00400901
         118     1.51939     1.57548   0.0040036
         119     1.51028     1.57493  0.00400727
         120     1.61175     1.57524   0.0039856
         121     1.48854     1.57452  0.00401656
         122     1.57565     1.57453  0.00398365
         123     1.63313     1.57501  0.00397965
         124      1.5837     1.57508  0.00394817
         125     1.51658     1.57461  0.00394422
         126     1.51682     1.57415   0.0039395
         127     1.60668     1.57441   0.0039168
         128     1.62034     1.57477   0.0039026
         129     1.55064     1.57458  0.00387683
         130     1.56133     1.57448  0.00384834
         131     1.57953     1.57452  0.00381916
         132     1.56465     1.57444  0.00379096
         133     1.53269     1.57413  0.00377543
         134     1.56454     1.57406  0.00374793
         135      1.5992     1.57424  0.00372479
         136     1.52903     1.57391  0.00371221
         137     1.65939     1.57453  0.00373719
         138     1.59425     1.57468  0.00371283
         139     1.57693     1.57469  0.00368616
         140     1.56661     1.57464  0.00366028
         141     1.57098     1.57461  0.00363441
         142     1.55214     1.57445  0.00361226
         143     1.47468     1.57375  0.00365376
         144     1.55313     1.57361  0.00363119
         145      1.5455     1.57342  0.00361132
         146     1.57305     1.57341  0.00358659
         147     1.65757     1.57399  0.00360759
         148     1.55875     1.57388  0.00358468
         149     1.52806     1.57358  0.00357379
         150     1.55008     1.57342   0.0035534
         151     1.52816     1.57312  0.00354248
         152      1.5426     1.57292  0.00352487
         153     1.62622     1.57327    0.003519
         154     1.59376      1.5734  0.00349866
         155     1.61835     1.57369  0.00348809
         156     1.51661     1.57332  0.00348487
         157     1.52787     1.57303  0.00347468
         158     1.55784     1.57294  0.00345402
         159      1.6288     1.57329  0.00345012
         160     1.56036     1.57321   0.0034295
         161     1.58148     1.57326  0.00340858
         162     1.47988     1.57268  0.00343594
         163     1.59946     1.57285  0.00341878
         164     1.52994     1.57259  0.00340793
         165     1.57038     1.57257  0.00338731
         166     1.56639     1.57254  0.00336711
         167     1.62771     1.57287  0.00336311
         168     1.57105     1.57286  0.00334311
         169     1.55818     1.57277  0.00332446
         170     1.60643     1.57297   0.0033108
         171     1.55266     1.57285  0.00329356
         172      1.5404     1.57266  0.00327981
         173     1.56719     1.57263  0.00326101
         174     1.54752     1.57248  0.00324546
         175     1.53783     1.57229  0.00323295
         176      1.5577      1.5722  0.00321564
         177      1.5829     1.57226  0.00319804
         178      1.6197     1.57253  0.00319116
         179     1.57178     1.57253  0.00317334
         180     1.62251      1.5728  0.00316783
         181     1.47414     1.57226  0.00319689
         182     1.56271     1.57221  0.00317975
         183     1.54067     1.57203  0.00316704
         184     1.53139     1.57181  0.00315752
         185     1.57797     1.57185  0.00314063
         186     1.58909     1.57194  0.00312511
         187     1.57785     1.57197  0.00310856
         188     1.57052     1.57196  0.00309204
         189      1.5547     1.57187  0.00307702
         190     1.57719      1.5719  0.00306096
         191     1.57166      1.5719  0.00304493
         192     1.51495      1.5716  0.00304349
         193     1.58899     1.57169  0.00302905
         194     1.57368      1.5717  0.00301345
         195     1.56246     1.57165  0.00299837
         196     1.54202      1.5715  0.00298688
         197     1.56214     1.57145   0.0029721
         198     1.61662     1.57168  0.00296583
         199     1.58497     1.57175  0.00295168
         200     1.50101      1.5714  0.00295803
