           1     1.29008     1.29008  1.0218e-08
           2     1.09355     1.19182   0.0694833
           3     1.09627     1.15997   0.0531226
           4      1.0941      1.1435   0.0423173
           5     1.14312     1.14342   0.0338539
           6     1.15111     1.14471   0.0282358
           7      1.0987     1.13813   0.0249553
           8     1.14122     1.13852   0.0218389
           9     1.09365     1.13353   0.0199733
          10     1.04581     1.12476    0.019809
          11     1.09869     1.12239   0.0181494
          12     1.10181     1.12068   0.0167178
          13     1.07646     1.11728   0.0157741
          14     1.14883     1.11953   0.0148075
          15     1.14842     1.12146   0.0139451
          16     1.08056      1.1189   0.0133057
          17     1.08843     1.11711   0.0126431
          18     1.10892     1.11665   0.0119489
          19     1.08565     1.11502   0.0114309
          20     1.11201     1.11487   0.0108603
          21     1.06908     1.11269   0.0105598
          22       1.135      1.1137   0.0101284
          23     1.09166     1.11275  0.00973322
          24     1.11803     1.11297  0.00933016
          25     1.07156     1.11131  0.00910275
          26     1.10293     1.11099  0.00875836
          27      1.1058      1.1108  0.00843608
          28     1.09105     1.11009  0.00816422
          29      1.1204     1.11045  0.00789043
          30     1.12464     1.11092  0.00764158
          31     1.15178     1.11224  0.00750789
          32     1.10878     1.11213  0.00727404
          33     1.13328     1.11277  0.00708181
          34     1.10512     1.11254   0.0068771
          35     1.10447     1.11231  0.00668448
          36     1.12982      1.1128  0.00651646
          37     1.13375     1.11337  0.00636488
          38     1.11228     1.11334  0.00619745
          39     1.12803     1.11371  0.00604997
          40     1.11948     1.11386  0.00590044
          41     1.11029     1.11377  0.00575717
          42     1.05634      1.1124  0.00578022
          43      1.0568     1.11111  0.00578864
          44     1.11591     1.11122  0.00565811
          45     1.08859     1.11072  0.00555468
          46     1.10975      1.1107  0.00543397
          47     1.15457     1.11163  0.00539795
          48     1.12776     1.11197  0.00529595
          49     1.09361     1.11159   0.0052011
          50      1.1136     1.11163  0.00509724
          51      1.1189     1.11177  0.00499928
          52     1.11972     1.11193  0.00490548
          53     1.10732     1.11184  0.00481369
          54     1.09616     1.11155  0.00473329
          55     1.11216     1.11156  0.00464725
          56     1.07991     1.11099  0.00459851
          57     1.11685      1.1111  0.00451898
          58     1.15485     1.11185  0.00450359
          59     1.05972     1.11097  0.00451311
          60       1.115     1.11104  0.00443839
          61     1.11426     1.11109  0.00436595
          62     1.11578     1.11116  0.00429619
          63     1.08168      1.1107  0.00425341
          64     1.09626     1.11047  0.00419293
          65     1.10126     1.11033  0.00413081
          66     1.11441     1.11039  0.00406869
          67     1.10569     1.11032  0.00400857
          68     1.08388     1.10993  0.00396843
          69      1.1162     1.11002  0.00391195
          70     1.12492     1.11024  0.00386185
          71     1.10217     1.11012  0.00380913
          72     1.13118     1.11041  0.00376743
          73     1.05669     1.10968  0.00378701
          74     1.04582     1.10882   0.0038329
          75     1.09098     1.10858  0.00378916
          76     1.13242     1.10889  0.00375227
          77     1.12579     1.10911  0.00370995
          78     1.05812     1.10846  0.00371953
          79     1.14021     1.10886   0.0036941
          80     1.13971     1.10924    0.003668
          81     1.14043     1.10963  0.00364286
          82     1.12329      1.1098  0.00360224
          83      1.0719     1.10934  0.00358766
          84     1.07745     1.10896  0.00356498
          85      1.0977     1.10883  0.00352549
          86     1.04998     1.10814  0.00355028
          87     1.08646     1.10789  0.00351821
          88     1.09694     1.10777  0.00348044
          89     1.09824     1.10766  0.00344298
          90     1.11374     1.10773  0.00340538
          91     1.09551      1.1076  0.00337061
          92     1.11854     1.10771  0.00333607
          93      1.1385     1.10805  0.00331658
          94     1.09185     1.10787  0.00328577
          95     1.12027       1.108  0.00325377
          96     1.08054     1.10772  0.00323243
          97     1.09151     1.10755  0.00320342
          98     1.12185      1.1077  0.00317406
          99     1.10381     1.10766  0.00314224
         100     1.14105     1.10799  0.00312851
         101     1.09079     1.10782  0.00310216
         102     1.12782     1.10802  0.00307794
         103     1.12734      1.1082  0.00305377
         104     1.15144     1.10862  0.00305257
         105     1.16631     1.10917  0.00307254
         106     1.12976     1.10936  0.00304969
         107     1.11221     1.10939  0.00302131
         108     1.09193     1.10923  0.00299765
         109     1.13444     1.10946  0.00297906
         110     1.10268      1.1094  0.00295261
         111     1.08991     1.10922  0.00293123
         112     1.09234     1.10907  0.00290893
         113      1.1408     1.10935   0.0028967
         114     1.11744     1.10942  0.00287216
         115     1.15806     1.10985  0.00287816
         116     1.09794     1.10974  0.00285518
         117     1.12902     1.10991  0.00283553
         118      1.1021     1.10984  0.00281227
         119       1.072     1.10952  0.00280656
         120      1.1147     1.10957   0.0027835
         121     1.11136     1.10958  0.00276053
         122     1.09619     1.10947  0.00274009
         123     1.10393     1.10943  0.00271818
         124     1.12069     1.10952  0.00269778
         125     1.07197     1.10922  0.00269287
         126      1.1233     1.10933  0.00267381
         127      1.1216     1.10943   0.0026545
         128     1.11181     1.10945  0.00263383
         129     1.09494     1.10933  0.00261581
         130     1.15116     1.10965   0.0026154
         131     1.13454     1.10984  0.00260232
         132     1.10508     1.10981  0.00258286
         133      1.1492      1.1101  0.00258037
         134     1.10113     1.11004  0.00256198
         135     1.11083     1.11004  0.00254301
         136     1.13237     1.11021   0.0025296
         137     1.10107     1.11014  0.00251202
         138     1.08529     1.10996  0.00250026
         139     1.09981     1.10989  0.00248334
         140     1.08852     1.10974  0.00247029
         141     1.08653     1.10957  0.00245824
         142     1.13523     1.10975  0.00244756
         143     1.16996     1.11017   0.0024664
         144     1.08121     1.10997  0.00245746
         145     1.10351     1.10993  0.00244091
         146     1.09035     1.10979  0.00242787
         147     1.10912     1.10979  0.00241136
         148      1.0602     1.10945  0.00241824
         149     1.08395     1.10928  0.00240806
         150     1.11102     1.10929  0.00239203
         151      1.1278     1.10942  0.00237933
         152     1.10304     1.10937  0.00236404
         153      1.1099     1.10938   0.0023486
         154     1.12274     1.10946  0.00233495
         155     1.12321     1.10955  0.00232157
         156     1.12327     1.10964  0.00230835
         157     1.11999     1.10971  0.00229459
         158     1.14213     1.10991  0.00228922
         159     1.13419     1.11006  0.00227991
         160     1.10955     1.11006  0.00226566
         161     1.11174     1.11007  0.00225161
         162     1.08362     1.10991  0.00224363
         163     1.15419     1.11018  0.00224625
         164     1.10579     1.11015  0.00223272
         165     1.10982     1.11015  0.00221919
         166     1.09531     1.11006  0.00220762
         167     1.13935     1.11024  0.00220135
         168     1.13146     1.11036  0.00219187
         169      1.0939     1.11027  0.00218107
         170     1.06416        1.11  0.00218503
         171     1.13571     1.11015  0.00217742
         172      1.1072     1.11013  0.00216483
         173     1.13313     1.11026  0.00215639
         174     1.10484     1.11023  0.00214423
         175     1.14614     1.11044  0.00214177
         176     1.11454     1.11046  0.00212973
         177      1.1157     1.11049   0.0021179
         178     1.06372     1.11023  0.00212224
         179     1.06449     1.10997  0.00212571
         180      1.0727     1.10976  0.00212396
         181     1.09087     1.10966  0.00211479
         182     1.13336     1.10979  0.00210718
         183     1.12588     1.10988   0.0020975
         184     1.13755     1.11003  0.00209148
         185     1.10276     1.10999  0.00208055
         186     1.13777     1.11014  0.00207472
         187     1.11014     1.11014  0.00206362
         188     1.13214     1.11025  0.00205596
         189     1.10046      1.1102  0.00204574
         190     1.09252     1.11011  0.00203708
         191     1.11719     1.11015  0.00202676
         192     1.11089     1.11015   0.0020162
         193     1.10151     1.11011  0.00200625
         194     1.11855     1.11015  0.00199638
         195     1.11291     1.11016   0.0019862
         196     1.07028     1.10996  0.00198646
         197     1.13303     1.11008  0.00197982
         198     1.10975     1.11008  0.00196983
         199     1.12697     1.11016  0.00196176
         200     1.11101     1.11016  0.00195195
