           1     1.91461     1.91461 1.02311e-08
           2     1.62148     1.76804    0.103638
           3     1.62728     1.72112   0.0790031
           4     1.61721     1.69514   0.0633798
           5     1.68401     1.69292   0.0507429
           6     1.68409     1.69145   0.0423071
           7     1.62676      1.6822   0.0372588
           8       1.643      1.6773   0.0329221
           9     1.69358     1.67911   0.0293138
          10     1.62093      1.6733   0.0269535
          11     1.67543     1.67349   0.0245039
          12     1.59991     1.66736   0.0232164
          13     1.64413     1.66557   0.0214992
          14     1.64595     1.66417   0.0200091
          15     1.65894     1.66382   0.0186782
          16     1.66532     1.66392   0.0175111
          17     1.68235       1.665   0.0165146
          18     1.67314     1.66545   0.0156033
          19     1.71144     1.66787   0.0149686
          20     1.65705     1.66733     0.01423
          21     1.67439     1.66767   0.0135563
          22     1.69551     1.66893   0.0129991
          23     1.65229     1.66821    0.012454
          24     1.65688     1.66774   0.0119441
          25     1.62086     1.66586   0.0116125
          26     1.69325     1.66692   0.0112136
          27     1.62961     1.66553    0.010883
          28     1.61007     1.66355   0.0106731
          29     1.54796     1.65957   0.0110242
          30     1.67816     1.66019   0.0106741
          31     1.72248      1.6622   0.0105173
          32     1.70661     1.66358   0.0102798
          33     1.66216     1.66354  0.00996836
          34     1.59867     1.66163  0.00985606
          35     1.61452     1.66029  0.00966594
          36     1.56677     1.65769  0.00974024
          37     1.65799      1.6577    0.009477
          38     1.66991     1.65802  0.00923305
          39     1.63813     1.65751  0.00901037
          40     1.65808     1.65752  0.00878513
          41     1.61007     1.65637  0.00864675
          42     1.65551     1.65635   0.0084409
          43     1.68947     1.65712  0.00827968
          44     1.66506      1.6573  0.00809347
          45     1.61357     1.65633  0.00797174
          46     1.69658      1.6572  0.00784631
          47      1.6718     1.65751  0.00768552
          48     1.62285     1.65679  0.00755924
          49     1.64175     1.65648  0.00741119
          50     1.65495     1.65645  0.00726303
          51     1.68042     1.65692  0.00713581
          52     1.65436     1.65687  0.00699875
          53     1.64506     1.65665  0.00687025
          54     1.68891     1.65725  0.00676896
          55     1.59597     1.65613  0.00673695
          56     1.62876     1.65564  0.00663436
          57     1.70885     1.65658  0.00658332
          58      1.6673     1.65676  0.00647241
          59      1.6606     1.65683  0.00636303
          60     1.63954     1.65654   0.0062635
          61     1.65826     1.65657  0.00616088
          62     1.63608     1.65624  0.00607037
          63     1.62722     1.65578  0.00599147
          64     1.60372     1.65496   0.0059528
          65      1.6149     1.65435  0.00589304
          66     1.71602     1.65528  0.00587736
          67     1.67974     1.65565  0.00580097
          68     1.68669      1.6561   0.0057336
          69     1.63649     1.65582  0.00565754
          70     1.64611     1.65568  0.00557842
          71     1.61989     1.65518  0.00552258
          72     1.60201     1.65444  0.00549503
          73     1.61103     1.65384  0.00545183
          74     1.61261     1.65328  0.00540656
          75     1.66544     1.65345   0.0053369
          76     1.68632     1.65388  0.00528418
          77     1.67216     1.65412  0.00522089
          78     1.63964     1.65393  0.00515725
          79     1.62543     1.65357  0.00510457
          80     1.70049     1.65416  0.00507434
          81     1.64046     1.65399  0.00501451
          82     1.68025     1.65431  0.00496358
          83     1.65327      1.6543  0.00490379
          84     1.68909     1.65471  0.00486287
          85     1.65247     1.65468  0.00480573
          86     1.70251     1.65524  0.00478193
          87     1.61536     1.65478  0.00474889
          88     1.64918     1.65472  0.00469535
          89     1.63095     1.65445  0.00465018
          90     1.62905     1.65417  0.00460707
          91     1.62071      1.6538  0.00457109
          92     1.62615      1.6535  0.00453127
          93     1.73188     1.65434  0.00456024
          94     1.64989      1.6543  0.00451198
          95     1.61939     1.65393  0.00447941
          96     1.64506     1.65384  0.00443371
          97     1.66849     1.65399  0.00439057
          98     1.67411     1.65419  0.00435057
          99     1.59544      1.6536  0.00434692
         100     1.63233     1.65339  0.00430865
         101      1.6538     1.65339  0.00426599
         102     1.65285     1.65339  0.00422417
         103     1.65362     1.65339  0.00418316
         104     1.63928     1.65325  0.00414513
         105     1.66802     1.65339  0.00410804
         106     1.61346     1.65302  0.00408652
         107     1.62505     1.65275  0.00405668
         108     1.64005     1.65264  0.00402082
         109     1.64756     1.65259   0.0039842
         110     1.65103     1.65258    0.003948
         111     1.63403     1.65241  0.00391597
         112      1.6422     1.65232  0.00388207
         113     1.59081     1.65177  0.00388568
         114     1.68485     1.65206  0.00386242
         115     1.69502     1.65244  0.00384685
         116     1.67609     1.65264  0.00381908
         117     1.67939     1.65287  0.00379328
         118     1.61369     1.65254  0.00377564
         119     1.64228     1.65245  0.00374489
         120     1.60802     1.65208  0.00373195
         121     1.66276     1.65217  0.00370215
         122     1.67547     1.65236  0.00367672
         123     1.65839     1.65241  0.00364716
         124     1.59139     1.65192  0.00365079
         125     1.69383     1.65225  0.00363694
         126     1.66231     1.65233  0.00360895
         127     1.68462     1.65259  0.00358948
         128     1.62298     1.65236  0.00356888
         129     1.62934     1.65218  0.00354567
         130     1.65803     1.65222  0.00351868
         131     1.69522     1.65255   0.0035071
         132     1.60685      1.6522  0.00349758
         133     1.56865     1.65158  0.00352725
         134     1.70661     1.65199  0.00352475
         135     1.65018     1.65197  0.00349867
         136      1.6448     1.65192  0.00347334
         137     1.63508      1.6518  0.00345016
         138      1.6576     1.65184  0.00342542
         139      1.6209     1.65162    0.003408
         140     1.61289     1.65134  0.00339486
         141     1.64796     1.65132  0.00337087
         142     1.60645       1.651  0.00336191
         143     1.69296     1.65129  0.00335118
         144     1.68203     1.65151   0.0033347
         145     1.59348     1.65111  0.00333563
         146     1.64292     1.65105  0.00331325
         147     1.67873     1.65124  0.00329606
         148     1.61011     1.65096  0.00328548
         149      1.6985     1.65128  0.00327889
         150     1.65033     1.65127  0.00325703
         151     1.51511     1.65037  0.00335798
         152     1.68692     1.65061  0.00334449
         153     1.63045     1.65048  0.00332522
         154      1.6098     1.65022  0.00331411
         155     1.59696     1.64987  0.00331049
         156     1.63064     1.64975  0.00329156
         157     1.61675     1.64954   0.0032773
         158     1.67967     1.64973   0.0032621
         159      1.6583     1.64978  0.00324203
         160     1.67407     1.64994  0.00322532
         161     1.64066     1.64988   0.0032058
         162     1.66781     1.64999  0.00318792
         163     1.60452     1.64971  0.00318055
         164     1.60624     1.64945  0.00317218
         165     1.61315     1.64923  0.00316057
         166     1.65412     1.64925  0.00314167
         167     1.62872     1.64913  0.00312526
         168     1.62119     1.64897  0.00311108
         169     1.58099     1.64856  0.00311857
         170     1.68223     1.64876   0.0031065
         171     1.63798      1.6487  0.00308898
         172     1.66051     1.64877  0.00307178
         173     1.64289     1.64873  0.00305421
         174     1.63911     1.64868  0.00303716
         175     1.58574     1.64832  0.00304103
         176     1.63459     1.64824  0.00302475
         177      1.6906     1.64848  0.00301711
         178     1.69134     1.64872  0.00300976
         179     1.65744     1.64877  0.00299334
         180     1.65941     1.64883  0.00297729
         181      1.6716     1.64895   0.0029635
         182      1.6581       1.649  0.00294764
         183     1.74154     1.64951  0.00297459
         184     1.65306     1.64953  0.00295849
         185     1.65936     1.64958  0.00294297
         186     1.70675     1.64989  0.00294316
         187     1.68865      1.6501  0.00293471
         188     1.66321     1.65017  0.00291993
         189     1.64341     1.65013   0.0029047
         190     1.65846     1.65017  0.00288974
         191     1.64487     1.65015  0.00287475
         192     1.67695     1.65029  0.00286316
         193     1.66296     1.65035  0.00284908
         194     1.65932      1.6504  0.00283477
         195      1.5766     1.65002  0.00284538
         196     1.62132     1.64987  0.00283463
         197     1.62236     1.64973  0.00282368
         198     1.64085     1.64969  0.00280977
         199     1.64494     1.64966  0.00279576
         200     1.64212     1.64963  0.00278203
