           1   0.0500402   0.0500402 1.19002e-10
           2   0.0506472   0.0503437 0.000214589
           3   0.0531142   0.0512672 0.000767474
           4   0.0567821   0.0526459  0.00132551
           5   0.0587968   0.0538761  0.00152812
           6   0.0589656   0.0547244  0.00149038
           7   0.0602191   0.0555093  0.00146972
           8   0.0602922   0.0561072  0.00140234
           9   0.0593954   0.0564725  0.00129324
          10   0.0589496   0.0567202  0.00118741
          11   0.0593821   0.0569622  0.00110384
          12   0.0599321   0.0572097  0.00103923
          13   0.0599946   0.0574239 0.000981119
          14   0.0596644    0.057584 0.000923998
          15   0.0588948   0.0576714 0.000866521
          16   0.0594666   0.0577836 0.000819596
          17   0.0593407   0.0578752 0.000776486
          18   0.0595833   0.0579701 0.000739124
          19   0.0605954   0.0581082 0.000713022
          20   0.0605814   0.0582319  0.00068801
          21   0.0601472   0.0583231 0.000661266
          22   0.0609363   0.0584419 0.000641788
          23   0.0614937   0.0585746 0.000627451
          24   0.0604383   0.0586522 0.000606093
          25   0.0593993   0.0586821 0.000582586
          26   0.0595385   0.0587151 0.000561109
          27   0.0606881   0.0587881 0.000545065
          28   0.0607984   0.0588599 0.000530306
          29   0.0598391   0.0588937 0.000513093
          30   0.0585721    0.058883 0.000496102
          31    0.058915    0.058884   0.0004801
          32   0.0596463   0.0589078 0.000465687
          33   0.0603741   0.0589523  0.00045369
          34   0.0615014   0.0590272 0.000446498
          35   0.0619903   0.0591119 0.000441695
          36   0.0622253   0.0591984  0.00043781
          37   0.0615675   0.0592624 0.000430634
          38   0.0605867   0.0592972  0.00042071
          39   0.0603312   0.0593238 0.000410757
          40   0.0605331    0.059354 0.000401599
          41   0.0611574    0.059398 0.000394205
          42   0.0621936   0.0594645 0.000390399
          43   0.0630152   0.0595471 0.000389954
          44   0.0629349   0.0596241 0.000388619
          45   0.0639139   0.0597194   0.0003915
          46   0.0632148   0.0597954 0.000390294
          47   0.0621266    0.059845 0.000385128
          48   0.0628564   0.0599078  0.00038218
          49   0.0628301   0.0599674 0.000379006
          50   0.0624689   0.0600174 0.000374713
          51   0.0624352   0.0600648 0.000370352
          52   0.0618403    0.060099 0.000364801
          53   0.0611183   0.0601182 0.000358424
          54    0.060666   0.0601284  0.00035193
          55   0.0605926   0.0601368 0.000345633
          56    0.061281   0.0601572 0.000340064
          57   0.0624924   0.0601982 0.000336557
          58   0.0624031   0.0602362 0.000332894
          59   0.0624351   0.0602735 0.000329331
          60    0.062509   0.0603107 0.000325943
          61   0.0628886    0.060353 0.000323328
          62   0.0639626   0.0604112 0.000323312
          63   0.0645499   0.0604769 0.000324785
          64   0.0638609   0.0605298 0.000323986
          65   0.0638914   0.0605815 0.000323103
          66   0.0635674   0.0606267 0.000321359
          67    0.063377   0.0606678 0.000319173
          68   0.0629954    0.060702  0.00031631
          69   0.0643431   0.0607548 0.000316097
          70   0.0636398    0.060796 0.000314257
          71   0.0617895     0.06081 0.000310142
          72   0.0616957   0.0608223 0.000306078
          73    0.060985   0.0608245 0.000301893
          74   0.0608438   0.0608248 0.000297814
          75   0.0615593   0.0608346 0.000294004
          76   0.0613297   0.0608411 0.000290208
          77   0.0611203   0.0608447 0.000286461
          78   0.0622729    0.060863 0.000283373
          79   0.0635942   0.0608976 0.000281887
          80   0.0647813   0.0609462 0.000282513
          81   0.0642379   0.0609868 0.000281933
          82   0.0639709   0.0610232 0.000280834
          83   0.0656796   0.0610793 0.000282999
          84   0.0656414   0.0611336 0.000284793
          85   0.0634359   0.0611607 0.000282728
          86   0.0626221   0.0611777 0.000279951
          87   0.0635858   0.0612054 0.000278098
          88   0.0639294   0.0612363 0.000276655
          89   0.0629318   0.0612554 0.000274202
          90   0.0622675   0.0612666 0.000271386
          91   0.0622769   0.0612777  0.00026863
          92   0.0626519   0.0612926 0.000266125
          93   0.0627764   0.0613086 0.000263742
          94   0.0627386   0.0613238 0.000261374
          95   0.0624604   0.0613358 0.000258897
          96    0.063007   0.0613532 0.000256784
          97   0.0637549   0.0613779 0.000255328
          98   0.0633454    0.061398 0.000253511
          99    0.063627   0.0614205 0.000251948
         100   0.0635971   0.0614423 0.000250367
         101   0.0620505   0.0614483  0.00024796
         102   0.0618877   0.0614526 0.000245567
         103   0.0635433   0.0614729  0.00024402
         104     0.06261   0.0614839 0.000241918
         105   0.0621889   0.0614906 0.000239708
         106   0.0637613    0.061512 0.000238401
         107   0.0653322   0.0615477 0.000238832
         108   0.0645928   0.0615759 0.000238279
         109   0.0634892   0.0615934 0.000236738
         110   0.0633291   0.0616092 0.000235112
         111   0.0634988   0.0616263 0.000233609
         112   0.0640503   0.0616479 0.000232524
         113    0.064444   0.0616726 0.000231779
         114   0.0636085   0.0616896 0.000230367
         115   0.0623338   0.0616952 0.000228432
         116   0.0616652    0.061695 0.000226463
         117    0.061496   0.0616933 0.000224533
         118   0.0621794   0.0616974 0.000222668
         119   0.0623809   0.0617031 0.000220871
         120    0.062848   0.0617127 0.000219237
         121   0.0627761   0.0617215 0.000217601
         122   0.0630957   0.0617327 0.000216109
         123   0.0629488   0.0617426 0.000214578
         124   0.0609918   0.0617366 0.000212933
         125   0.0593154   0.0617172 0.000212108
         126   0.0594155   0.0616989  0.00021121
         127   0.0607103   0.0616911  0.00020969
         128    0.061356   0.0616885 0.000208068
         129     0.06135   0.0616859 0.000206472
         130   0.0617177   0.0616861 0.000204884
         131   0.0624994   0.0616923 0.000203414
         132   0.0624916   0.0616984 0.000201963
         133   0.0637872   0.0617141 0.000201054
         134   0.0648409   0.0617374 0.000200903
         135   0.0645894   0.0617586 0.000200523
         136   0.0629888   0.0617676 0.000199252
         137   0.0624168   0.0617723 0.000197854
         138   0.0631124   0.0617821 0.000196659
         139   0.0624544   0.0617869 0.000195303
         140   0.0613792    0.061784  0.00019393
         141   0.0632005    0.061794 0.000192815
         142   0.0650219   0.0618168 0.000192792
         143   0.0646937   0.0618369 0.000192491
         144   0.0643591   0.0618544 0.000191949
         145   0.0643728   0.0618718  0.00019141
         146   0.0634755   0.0618827 0.000190414
         147   0.0641172   0.0618979 0.000189724
         148   0.0659475   0.0619253 0.000190405
         149   0.0651624    0.061947 0.000190362
         150   0.0647901    0.061966 0.000190034
         151   0.0639606   0.0619792 0.000189235
         152   0.0629647   0.0619857 0.000188101
         153   0.0637101   0.0619969 0.000187209
         154   0.0656507   0.0620207  0.00018749
         155   0.0649893   0.0620398 0.000187256
         156   0.0628006   0.0620447 0.000186119
         157   0.0632685   0.0620525 0.000185097
         158    0.064053   0.0620652 0.000184358
         159   0.0647282   0.0620819 0.000183958
         160   0.0645269   0.0620972 0.000183442
         161   0.0629126   0.0621023 0.000182372
         162   0.0616118   0.0620992 0.000181272
         163   0.0613185   0.0620944 0.000180223
         164   0.0617619   0.0620924 0.000179135
         165   0.0624688   0.0620947 0.000178064
         166     0.06238   0.0620964    0.000177
         167   0.0625872   0.0620994 0.000175964
         168   0.0634735   0.0621075 0.000175107
         169   0.0628209   0.0621118 0.000174122
         170   0.0625007    0.062114 0.000173112
         171   0.0613844   0.0621098 0.000172153
         172   0.0615676   0.0621066 0.000171181
         173   0.0628439   0.0621109 0.000170244
         174   0.0626685   0.0621141 0.000169296
         175   0.0629193   0.0621187 0.000168391
         176   0.0631848   0.0621247 0.000167543
         177   0.0610225   0.0621185 0.000166712
         178   0.0607243   0.0621107  0.00016596
         179   0.0616801   0.0621083  0.00016505
         180   0.0610669   0.0621025 0.000164234
         181   0.0600332   0.0620911 0.000163724
         182   0.0605908   0.0620828 0.000163032
         183   0.0608406    0.062076 0.000162283
         184   0.0609966   0.0620702 0.000161507
         185   0.0603522   0.0620609   0.0001609
         186   0.0592948    0.062046 0.000160721
         187     0.06012   0.0620357 0.000160191
         188   0.0606155   0.0620282 0.000159517
         189   0.0610009   0.0620227 0.000158766
         190   0.0612767   0.0620188 0.000157979
         191   0.0617787   0.0620175 0.000157157
         192   0.0627194   0.0620212 0.000156381
         193   0.0631812   0.0620272 0.000155686
         194   0.0617439   0.0620257  0.00015489
         195   0.0612207   0.0620216 0.000154151
         196    0.061419   0.0620185 0.000153395
         197   0.0610344   0.0620135 0.000152698
         198   0.0604958   0.0620059 0.000152119
         199   0.0602016   0.0619968 0.000151624
         200   0.0606239   0.0619899 0.000151021
         201   0.0602929   0.0619815 0.000150506
         202   0.0610929   0.0619771 0.000149825
         203   0.0605358     0.06197 0.000149255
         204   0.0601215   0.0619609 0.000148798
         205   0.0609734   0.0619561 0.000148151
         206   0.0619959   0.0619563 0.000147431
         207   0.0636463   0.0619645 0.000146945
         208    0.062699    0.061968 0.000146281
         209   0.0602824   0.0619599 0.000145803
         210   0.0597951   0.0619496 0.000145473
         211   0.0593784   0.0619375 0.000145293
         212    0.058861   0.0619229 0.000145331
         213   0.0588988   0.0619087  0.00014534
         214   0.0594132   0.0618971 0.000145128
         215    0.059006   0.0618836 0.000145075
         216   0.0573078   0.0618625 0.000145942
         217   0.0578512    0.061844 0.000146435
         218   0.0593715   0.0618326 0.000146202
         219   0.0595011    0.061822 0.000145921
         220   0.0601462   0.0618144 0.000145457
         221   0.0601918    0.061807 0.000144984
         222   0.0601436   0.0617995 0.000144524
         223   0.0604687   0.0617936 0.000143999
         224    0.060384   0.0617873 0.000143494
         225   0.0609439   0.0617835 0.000142905
         226   0.0620014   0.0617845 0.000142276
         227   0.0631485   0.0617905 0.000141776
         228   0.0630279   0.0617959 0.000141258
         229   0.0616167   0.0617951 0.000140643
         230   0.0603815    0.061789 0.000140166
         231   0.0600208   0.0617813 0.000139768
         232    0.060378   0.0617753 0.000139297
         233   0.0596322   0.0617661 0.000139002
         234   0.0594383   0.0617561 0.000138764
         235   0.0596508   0.0617472 0.000138462
         236   0.0611344   0.0617446   0.0001379
         237   0.0623666   0.0617472 0.000137343
         238   0.0628532   0.0617519 0.000136844
         239   0.0624143   0.0617546   0.0001363
         240   0.0619879   0.0617556 0.000135735
         241    0.061436   0.0617543 0.000135179
         242   0.0608048   0.0617504 0.000134677
         243   0.0611047   0.0617477 0.000134149
         244   0.0607254   0.0617435 0.000133664
         245    0.060465   0.0617383 0.000133221
         246   0.0599134   0.0617309 0.000132886
         247   0.0609904   0.0617279 0.000132381
         248   0.0616706   0.0617276 0.000131848
         249   0.0613438   0.0617261 0.000131327
         250   0.0612367   0.0617241 0.000130817
         251   0.0608155   0.0617205 0.000130345
         252   0.0617418   0.0617206 0.000129828
         253   0.0620811    0.061722 0.000129323
         254    0.061517   0.0617212 0.000128816
         255   0.0610356   0.0617185 0.000128339
         256   0.0615958   0.0617181 0.000127839
         257   0.0616999    0.061718 0.000127341
         258   0.0623327   0.0617204  0.00012687
         259   0.0624081    0.061723 0.000126408
         260   0.0628102   0.0617272 0.000125991
         261   0.0625754   0.0617305  0.00012555
         262    0.063605   0.0617376 0.000125275
         263   0.0635996   0.0617447 0.000124998
         264   0.0627216   0.0617484 0.000124579
         265   0.0623728   0.0617507 0.000124132
         266   0.0618809   0.0617512 0.000123666
         267   0.0620679   0.0617524 0.000123208
         268   0.0634694   0.0617588 0.000122915
         269   0.0635846   0.0617656 0.000122645
         270   0.0625344   0.0617685 0.000122224
         271   0.0618875   0.0617689 0.000121774
         272   0.0619078   0.0617694 0.000121327
         273   0.0615703   0.0617687 0.000120885
         274   0.0612451   0.0617668 0.000120459
         275   0.0612981   0.0617651 0.000120033
         276   0.0615556   0.0617643 0.000119601
         277   0.0627835    0.061768 0.000119225
         278   0.0622994   0.0617699 0.000118812
         279   0.0614114   0.0617686 0.000118393
         280   0.0606022   0.0617644 0.000118043
         281   0.0610977   0.0617621 0.000117647
         282     0.06123   0.0617602 0.000117245
         283    0.061454   0.0617591 0.000116836
         284   0.0619645   0.0617598 0.000116427
         285   0.0623524   0.0617619 0.000116037
         286   0.0640594   0.0617699 0.000115909
         287   0.0642899   0.0617787 0.000115837
         288   0.0634207   0.0617844 0.000115575
         289   0.0624324   0.0617867 0.000115197
         290   0.0611083   0.0617843 0.000114823
         291   0.0610746   0.0617819 0.000114455
         292    0.062146   0.0617831 0.000114069
         293     0.06323   0.0617881 0.000113787
         294   0.0620886   0.0617891 0.000113405
         295   0.0616041   0.0617885 0.000113022
         296   0.0618427   0.0617886  0.00011264
         297    0.061872   0.0617889 0.000112261
         298   0.0609066    0.061786 0.000111924
         299   0.0607463   0.0617825 0.000111603
         300   0.0614635   0.0617814 0.000111236
         301   0.0625112   0.0617839 0.000110893
         302   0.0631781   0.0617885 0.000110622
         303   0.0613809   0.0617871 0.000110265
         304   0.0597877   0.0617805 0.000110098
         305    0.059401   0.0617727 0.000110013
         306   0.0615348    0.061772 0.000109657
         307   0.0622763   0.0617736 0.000109312
         308   0.0623285   0.0617754 0.000108972
         309   0.0619066   0.0617758  0.00010862
         310   0.0622954   0.0617775 0.000108282
         311   0.0637507   0.0617839  0.00010812
         312   0.0638346   0.0617904 0.000107973
         313   0.0628283   0.0617937 0.000107679
         314   0.0624337   0.0617958 0.000107355
         315   0.0624615   0.0617979 0.000107035
         316   0.0619582   0.0617984 0.000106698
         317   0.0611791   0.0617965 0.000106379
         318   0.0602415   0.0617916 0.000106157
         319   0.0603752   0.0617871 0.000105917
         320   0.0608267   0.0617841 0.000105629
         321   0.0607943    0.061781 0.000105344
         322   0.0610415   0.0617787 0.000105042
         323   0.0605348   0.0617749 0.000104788
         324    0.060678   0.0617715 0.000104519
         325   0.0619604   0.0617721 0.000104199
         326   0.0624395   0.0617741 0.000103899
         327   0.0622219   0.0617755 0.000103591
         328   0.0611755   0.0617737 0.000103291
         329   0.0601926   0.0617689 0.000103089
         330   0.0601681    0.061764 0.000102891
         331   0.0607421   0.0617609 0.000102626
         332   0.0604754   0.0617571  0.00010239
         333   0.0602805   0.0617526 0.000102178
         334   0.0597852   0.0617467 0.000102042
         335    0.059793   0.0617409 0.000101904
         336   0.0601892   0.0617363 0.000101705
         337   0.0602923    0.061732 0.000101494
         338   0.0604651   0.0617282 0.000101263
         339   0.0616628   0.0617281 0.000100964
         340   0.0622354   0.0617295 0.000100678
         341   0.0634151   0.0617345 0.000100504
         342   0.0635589   0.0617398 0.000100352
         343    0.065271   0.0617501 0.000100586
         344   0.0658678   0.0617621 0.000101003
         345   0.0648482    0.061771 0.000101106
         346   0.0643561   0.0617785 0.000101089
         347   0.0647588   0.0617871 0.000101162
         348   0.0632707   0.0617914 0.000100961
         349   0.0621353   0.0617923 0.000100677
         350    0.062099   0.0617932 0.000100393
         351   0.0631435   0.0617971 0.000100181
         352     0.06371   0.0618025 0.000100043
         353   0.0643231   0.0618096 0.000100014
         354   0.0641183   0.0618162 9.99443e-05
         355   0.0633247   0.0618204  9.9753e-05
         356    0.062445   0.0618222 9.94883e-05
         357   0.0629625   0.0618254 9.92609e-05
         358   0.0633148   0.0618295 9.90707e-05
         359   0.0625821   0.0618316  9.8817e-05
         360    0.062977   0.0618348 9.85937e-05
         361   0.0636142   0.0618397 9.84437e-05
         362   0.0629677   0.0618428  9.8221e-05
         363   0.0624837   0.0618446 9.79663e-05
         364   0.0632205   0.0618484 9.77701e-05
         365     0.06401   0.0618543 9.76814e-05
         366   0.0635058   0.0618588 9.75187e-05
         367   0.0629592   0.0618618 9.72991e-05
         368   0.0630665   0.0618651 9.70897e-05
         369   0.0637716   0.0618703  9.6964e-05
         370   0.0634924   0.0618746  9.6801e-05
         371   0.0621243   0.0618753 9.65424e-05
         372   0.0618207   0.0618752  9.6283e-05
         373   0.0620103   0.0618755 9.60255e-05
         374   0.0618128   0.0618754 9.57689e-05
         375   0.0613183   0.0618739 9.55251e-05
         376   0.0614532   0.0618728 9.52776e-05
         377   0.0624168   0.0618742 9.50358e-05
         378   0.0627836   0.0618766 9.48148e-05
         379   0.0627855    0.061879  9.4595e-05
         380   0.0611783   0.0618772  9.4364e-05
         381    0.061418    0.061876  9.4124e-05
         382   0.0608039   0.0618732 9.39194e-05
         383   0.0613611   0.0618718 9.36837e-05
         384   0.0619725   0.0618721 9.34401e-05
         385   0.0614067   0.0618709 9.32053e-05
         386   0.0608939   0.0618683 9.29982e-05
         387   0.0609721    0.061866 9.27867e-05
         388   0.0608459   0.0618634 9.25848e-05
         389   0.0619083   0.0618635 9.23468e-05
         390   0.0625755   0.0618653 9.21281e-05
         391   0.0630423   0.0618683 9.19416e-05
         392    0.063667   0.0618729 9.18215e-05
         393   0.0634883    0.061877 9.16798e-05
         394   0.0627604   0.0618793 9.14745e-05
         395   0.0624016   0.0618806 9.12525e-05
         396   0.0629754   0.0618834  9.1064e-05
         397   0.0625368    0.061885 9.08494e-05
         398   0.0615685   0.0618842 9.06247e-05
         399   0.0611694   0.0618824 9.04152e-05
         400   0.0620078   0.0618827 9.01897e-05
         401   0.0623666    0.061884 8.99729e-05
         402   0.0614717   0.0618829 8.97549e-05
         403    0.061497    0.061882 8.95373e-05
         404   0.0624733   0.0618834 8.93277e-05
         405   0.0631423   0.0618865 8.91612e-05
         406   0.0618053   0.0618863 8.89418e-05
         407   0.0613844   0.0618851 8.87318e-05
         408   0.0625499   0.0618867 8.85293e-05
         409   0.0631209   0.0618898 8.83642e-05
         410   0.0632123    0.061893 8.82076e-05
         411    0.061736   0.0618926 8.79938e-05
         412    0.061536   0.0618917 8.77845e-05
         413   0.0614724   0.0618907 8.75778e-05
         414   0.0617598   0.0618904 8.73668e-05
         415    0.062203   0.0618912 8.71595e-05
         416   0.0615456   0.0618903  8.6954e-05
         417   0.0615201   0.0618894   8.675e-05
         418   0.0616954    0.061889 8.65437e-05
         419   0.0618854    0.061889 8.63371e-05
         420   0.0625223   0.0618905 8.61447e-05
         421   0.0632783   0.0618938 8.60032e-05
         422   0.0631906   0.0618968 8.58543e-05
         423    0.063308   0.0619002 8.57161e-05
         424   0.0619084   0.0619002 8.55139e-05
         425   0.0615779   0.0618994 8.53161e-05
         426   0.0620412   0.0618998 8.51165e-05
         427   0.0617924   0.0618995 8.49175e-05
         428   0.0627038   0.0619014 8.47399e-05
         429    0.062834   0.0619036 8.45702e-05
         430   0.0622476   0.0619044 8.43773e-05
         431    0.062712   0.0619062 8.42024e-05
         432   0.0637153   0.0619104 8.41115e-05
         433    0.065145   0.0619179 8.42483e-05
         434   0.0631359   0.0619207  8.4101e-05
         435   0.0631488   0.0619235  8.3955e-05
         436   0.0621563   0.0619241 8.37641e-05
         437   0.0621439   0.0619246  8.3574e-05
         438   0.0622838   0.0619254 8.33872e-05
         439   0.0628134   0.0619274 8.32218e-05
         440   0.0632674   0.0619305 8.30883e-05
         441   0.0626521   0.0619321  8.2916e-05
         442   0.0617426   0.0619317 8.27295e-05
         443   0.0604877   0.0619284  8.2607e-05
         444   0.0605409   0.0619253   8.248e-05
         445    0.061855   0.0619251 8.22948e-05
         446   0.0631473   0.0619279 8.21559e-05
         447   0.0631729   0.0619307 8.20193e-05
         448   0.0628035   0.0619326 8.18594e-05
         449   0.0624371   0.0619337 8.16848e-05
         450   0.0634166    0.061937 8.15697e-05
         451   0.0634875   0.0619405 8.14612e-05
         452   0.0620211   0.0619406 8.12812e-05
         453   0.0618092   0.0619403 8.11023e-05
         454   0.0624703   0.0619415 8.09321e-05
         455   0.0626991   0.0619432 8.07713e-05
         456   0.0613724   0.0619419 8.06039e-05
         457   0.0606097    0.061939 8.04802e-05
         458   0.0599762   0.0619347 8.04185e-05
         459   0.0607126   0.0619321 8.02874e-05
         460   0.0620984   0.0619324 8.01136e-05
         461   0.0627142   0.0619341 7.99578e-05
         462   0.0615832   0.0619334 7.97883e-05
         463   0.0611454   0.0619317 7.96342e-05
         464   0.0609054   0.0619294 7.94933e-05
         465   0.0605932   0.0619266 7.93742e-05
         466   0.0599204   0.0619223 7.93206e-05
         467   0.0604453   0.0619191 7.92137e-05
         468   0.0612898   0.0619178 7.90559e-05
         469   0.0605631   0.0619149 7.89401e-05
         470   0.0606277   0.0619121 7.88196e-05
         471    0.061546   0.0619114 7.86561e-05
         472   0.0627532   0.0619131 7.85097e-05
         473   0.0628055    0.061915 7.83663e-05
         474   0.0626352   0.0619165 7.82157e-05
         475   0.0611546   0.0619149 7.80675e-05
         476   0.0602258   0.0619114 7.79841e-05
         477   0.0603229   0.0619081 7.78917e-05
         478   0.0620004   0.0619083  7.7729e-05
         479   0.0627478     0.06191 7.75865e-05
         480   0.0635046   0.0619133 7.74959e-05
         481   0.0633151   0.0619162 7.73896e-05
         482   0.0616934   0.0619158 7.72304e-05
         483   0.0618487   0.0619156 7.70706e-05
         484    0.062224   0.0619163  7.6914e-05
         485   0.0631316   0.0619188 7.67963e-05
         486   0.0624461   0.0619199 7.66459e-05
         487   0.0630541   0.0619222 7.65239e-05
         488    0.063416   0.0619253 7.64283e-05
         489   0.0631182   0.0619277 7.63109e-05
         490   0.0629468   0.0619298 7.61835e-05
         491   0.0627329   0.0619314 7.60459e-05
         492   0.0613908   0.0619303 7.58993e-05
         493   0.0610516   0.0619285 7.57663e-05
         494   0.0611859    0.061927 7.56278e-05
         495    0.060691   0.0619245 7.55162e-05
         496   0.0606561    0.061922 7.54073e-05
         497   0.0610977   0.0619203 7.52738e-05
         498   0.0621778   0.0619208 7.51244e-05
         499   0.0636959   0.0619244  7.5058e-05
         500    0.063433   0.0619274 7.49685e-05
         501   0.0623468   0.0619282 7.48236e-05
         502   0.0624305   0.0619292 7.46812e-05
         503   0.0626194   0.0619306 7.45453e-05
         504   0.0626189    0.061932 7.44099e-05
         505   0.0629177   0.0619339 7.42882e-05
         506   0.0633247   0.0619367 7.41922e-05
         507   0.0633147   0.0619394 7.40956e-05
         508     0.06289   0.0619413 7.39734e-05
         509   0.0630787   0.0619435 7.38618e-05
         510   0.0634467   0.0619465 7.37758e-05
         511   0.0626447   0.0619478  7.3644e-05
         512   0.0614804   0.0619469 7.35059e-05
         513   0.0605754   0.0619442 7.34112e-05
         514   0.0600088   0.0619405 7.33649e-05
         515    0.060865   0.0619384 7.32521e-05
         516   0.0621431   0.0619388 7.31112e-05
         517   0.0626769   0.0619402 7.29838e-05
         518     0.06239   0.0619411  7.2848e-05
         519   0.0617372   0.0619407 7.27087e-05
         520   0.0616065     0.06194 7.25717e-05
         521   0.0618138   0.0619398 7.24329e-05
         522   0.0619047   0.0619397 7.22941e-05
         523   0.0620913     0.06194 7.21565e-05
         524   0.0614291    0.061939 7.20254e-05
         525   0.0612605   0.0619378 7.18998e-05
         526   0.0622709   0.0619384 7.17659e-05
         527   0.0619698   0.0619384 7.16297e-05
         528   0.0628034   0.0619401 7.15128e-05
         529   0.0628013   0.0619417 7.13961e-05
         530   0.0615601    0.061941  7.1265e-05
         531   0.0605366   0.0619383 7.11799e-05
         532   0.0612714   0.0619371 7.10571e-05
         533   0.0609005   0.0619351 7.09504e-05
         534   0.0594875   0.0619306 7.09655e-05
         535   0.0593223   0.0619257 7.10001e-05
         536   0.0608059   0.0619236 7.08984e-05
         537      0.0619   0.0619236 7.07663e-05
         538   0.0627212    0.061925 7.06503e-05
         539   0.0619236    0.061925 7.05193e-05
         540   0.0606285   0.0619226 7.04295e-05
         541   0.0613884   0.0619216 7.03063e-05
         542   0.0627802   0.0619232 7.01944e-05
         543   0.0621225   0.0619236 7.00661e-05
         544   0.0611688   0.0619222  6.9951e-05
         545   0.0594601   0.0619177 6.99684e-05
         546   0.0594415   0.0619132 6.99871e-05
         547   0.0601603     0.06191 6.99325e-05
         548   0.0606937   0.0619077   6.984e-05
         549   0.0613469   0.0619067 6.97203e-05
         550   0.0626708   0.0619081 6.96074e-05
         551   0.0624405   0.0619091 6.94878e-05
         552    0.061458   0.0619083 6.93667e-05
         553   0.0608378   0.0619063 6.92683e-05
         554    0.061439   0.0619055 6.91484e-05
         555   0.0617419   0.0619052 6.90244e-05
         556   0.0611417   0.0619038 6.89139e-05
         557   0.0617366   0.0619035 6.87908e-05
         558   0.0610979   0.0619021 6.86827e-05
         559    0.059783   0.0618983 6.86644e-05
         560   0.0593157   0.0618937 6.86965e-05
         561   0.0596038   0.0618896 6.86952e-05
         562   0.0599894   0.0618862 6.86561e-05
         563   0.0598531   0.0618826  6.8629e-05
         564   0.0602582   0.0618797 6.85678e-05
         565   0.0606182   0.0618775 6.84827e-05
         566   0.0596262   0.0618735 6.84772e-05
         567   0.0603591   0.0618708 6.84085e-05
         568     0.06142     0.06187 6.82926e-05
         569   0.0610714   0.0618686  6.8187e-05
         570   0.0604776   0.0618662 6.81111e-05
         571   0.0607885   0.0618643 6.80179e-05
         572    0.060456   0.0618618 6.79436e-05
         573    0.059882   0.0618584 6.79128e-05
         574    0.060849   0.0618566 6.78172e-05
         575   0.0608965    0.061855 6.77198e-05
         576   0.0610378   0.0618535 6.76171e-05
         577   0.0606189   0.0618514 6.75338e-05
         578   0.0599416   0.0618481 6.74977e-05
         579   0.0598968   0.0618447 6.74652e-05
         580   0.0597283   0.0618411 6.74475e-05
         581   0.0597566   0.0618375 6.74268e-05
         582   0.0602736   0.0618348 6.73645e-05
         583   0.0602486   0.0618321 6.73038e-05
         584   0.0615718   0.0618316 6.71901e-05
         585   0.0631815   0.0618339 6.71148e-05
         586   0.0645898   0.0618386 6.71648e-05
         587   0.0642826   0.0618428 6.71793e-05
         588    0.063507   0.0618456 6.71247e-05
         589   0.0635402   0.0618485 6.70723e-05
         590   0.0633217    0.061851 6.70051e-05
         591   0.0634851   0.0618538 6.69488e-05
         592    0.064751   0.0618587 6.70143e-05
         593   0.0657631   0.0618653  6.7224e-05
         594   0.0635669   0.0618681 6.71718e-05
         595   0.0632385   0.0618704 6.70984e-05
         596    0.063068   0.0618724 6.70159e-05
         597   0.0634812   0.0618751 6.69578e-05
         598   0.0640644   0.0618788 6.69459e-05
         599   0.0636144   0.0618817 6.68968e-05
         600   0.0636879   0.0618847  6.6853e-05
         601   0.0635782   0.0618875 6.68011e-05
         602   0.0632408   0.0618898 6.67279e-05
         603   0.0639191   0.0618931 6.67021e-05
         604   0.0635253   0.0618958 6.66464e-05
         605   0.0636734   0.0618988  6.6601e-05
         606   0.0640999   0.0619024   6.659e-05
         607   0.0636635   0.0619053 6.65435e-05
         608    0.063539    0.061908 6.64883e-05
         609   0.0635279   0.0619106 6.64323e-05
         610   0.0631057   0.0619126 6.63523e-05
         611   0.0633954    0.061915  6.6288e-05
         612    0.063625   0.0619178 6.62386e-05
         613   0.0638558    0.061921 6.62059e-05
         614   0.0648784   0.0619258 6.62731e-05
         615    0.065844   0.0619322 6.64709e-05
         616   0.0653564   0.0619377  6.6595e-05
         617   0.0634494   0.0619402 6.65321e-05
         618   0.0627123   0.0619414 6.64362e-05
         619   0.0640337   0.0619448 6.64148e-05
         620   0.0639609   0.0619481 6.63872e-05
         621   0.0625055    0.061949 6.62864e-05
         622   0.0613749    0.061948 6.61862e-05
         623   0.0616151   0.0619475 6.60821e-05
         624   0.0612835   0.0619464 6.59848e-05
         625   0.0612193   0.0619453 6.58895e-05
         626   0.0620919   0.0619455 6.57846e-05
         627   0.0618663   0.0619454 6.56798e-05
         628   0.0622377   0.0619459 6.55769e-05
         629    0.062776   0.0619472 6.54859e-05
         630   0.0617781   0.0619469 6.53825e-05
         631   0.0614197   0.0619461 6.52843e-05
         632   0.0615045   0.0619454 6.51847e-05
         633   0.0614626   0.0619446 6.50862e-05
         634    0.061162   0.0619434 6.49952e-05
         635   0.0605051   0.0619411 6.49323e-05
         636   0.0607051   0.0619392 6.48593e-05
         637   0.0608888   0.0619375 6.47784e-05
         638   0.0608787   0.0619359 6.46982e-05
         639   0.0620716   0.0619361 6.45973e-05
         640   0.0628598   0.0619375 6.45125e-05
         641   0.0626087   0.0619386 6.44203e-05
         642   0.0618364   0.0619384 6.43202e-05
         643   0.0627152   0.0619396 6.42315e-05
         644   0.0631409   0.0619415 6.41588e-05
         645   0.0635237   0.0619439 6.41062e-05
         646   0.0634951   0.0619463 6.40519e-05
         647   0.0637683   0.0619491 6.40148e-05
         648    0.064622   0.0619533 6.40488e-05
         649   0.0642022   0.0619567 6.40438e-05
         650   0.0628959   0.0619582 6.39615e-05
         651   0.0609201   0.0619566 6.38832e-05
         652    0.060599   0.0619545 6.38191e-05
         653   0.0615944   0.0619539 6.37238e-05
         654    0.061532   0.0619533 6.36296e-05
         655   0.0621166   0.0619536 6.35329e-05
         656   0.0623775   0.0619542 6.34394e-05
         657   0.0625356   0.0619551  6.3349e-05
         658     0.06187    0.061955 6.32528e-05
         659    0.061713   0.0619546 6.31579e-05
         660   0.0613227   0.0619536 6.30695e-05
         661   0.0620988   0.0619538 6.29744e-05
         662   0.0634261   0.0619561 6.29186e-05
         663   0.0638397   0.0619589 6.28878e-05
         664   0.0633141    0.061961 6.28262e-05
         665   0.0624325   0.0619617 6.27357e-05
         666   0.0628537    0.061963 6.26558e-05
         667   0.0620826   0.0619632 6.25621e-05
         668   0.0593825   0.0619593 6.25876e-05
         669   0.0582546   0.0619538 6.27386e-05
         670   0.0578907   0.0619477 6.29374e-05
         671   0.0584969   0.0619426 6.30533e-05
         672   0.0590461   0.0619383 6.31067e-05
         673   0.0593029   0.0619343 6.31343e-05
         674   0.0597267   0.0619311 6.31255e-05
         675   0.0593885   0.0619273 6.31443e-05
         676   0.0595639   0.0619238 6.31476e-05
         677   0.0602645   0.0619214 6.31018e-05
         678   0.0605268   0.0619193 6.30423e-05
         679   0.0613907   0.0619185 6.29542e-05
         680   0.0609963   0.0619172 6.28763e-05
         681   0.0609362   0.0619157 6.28004e-05
         682    0.060698   0.0619139 6.27337e-05
         683   0.0601641   0.0619114 6.26942e-05
         684   0.0602903    0.061909 6.26473e-05
         685   0.0606724   0.0619072 6.25818e-05
         686   0.0607903   0.0619056 6.25118e-05
         687   0.0612489   0.0619046 6.24281e-05
         688   0.0606719   0.0619028 6.23631e-05
         689   0.0609728   0.0619015 6.22872e-05
         690   0.0600162   0.0618987 6.22568e-05
         691   0.0597923   0.0618957 6.22413e-05
         692   0.0603917   0.0618935 6.21893e-05
         693   0.0603245   0.0618913 6.21407e-05
         694   0.0607243   0.0618896  6.2074e-05
         695   0.0602846   0.0618873 6.20276e-05
         696   0.0602858    0.061885 6.19811e-05
         697   0.0611094   0.0618839 6.19022e-05
         698   0.0607957   0.0618823 6.18331e-05
         699   0.0603539   0.0618801 6.17833e-05
         700   0.0610058   0.0618789 6.17077e-05
         701   0.0607003   0.0618772 6.16425e-05
         702   0.0605542   0.0618753 6.15835e-05
         703   0.0609428    0.061874 6.15102e-05
         704   0.0620202   0.0618742 6.14232e-05
         705   0.0617447    0.061874 6.13363e-05
         706   0.0613833   0.0618733 6.12534e-05
         707   0.0617243   0.0618731 6.11671e-05
         708   0.0608926   0.0618717 6.10964e-05
         709   0.0599613    0.061869 6.10696e-05
         710   0.0601858   0.0618666 6.10296e-05
         711     0.05972   0.0618636 6.10184e-05
         712    0.059964    0.061861  6.0991e-05
         713   0.0605249   0.0618591 6.09342e-05
         714   0.0611668   0.0618581 6.08566e-05
         715   0.0616733   0.0618578  6.0772e-05
         716    0.061941    0.061858 6.06873e-05
         717   0.0624945   0.0618589 6.06091e-05
         718   0.0632286   0.0618608 6.05547e-05
         719   0.0627605    0.061862 6.04834e-05
         720    0.063943   0.0618649 6.04685e-05
         721   0.0642498   0.0618682  6.0475e-05
         722   0.0633184   0.0618702 6.04246e-05
         723   0.0633713   0.0618723 6.03767e-05
         724   0.0622456   0.0618728 6.02955e-05
         725   0.0614144   0.0618722 6.02156e-05
         726   0.0613224   0.0618714 6.01374e-05
         727   0.0602602   0.0618692 6.00956e-05
         728    0.060149   0.0618668 6.00594e-05
         729    0.060173   0.0618645  6.0022e-05
         730   0.0610548   0.0618634   5.995e-05
         731   0.0623126    0.061864 5.98712e-05
         732   0.0612471   0.0618632 5.97953e-05
         733   0.0611991   0.0618623 5.97206e-05
         734   0.0616715    0.061862 5.96398e-05
         735   0.0620585   0.0618623 5.95592e-05
         736   0.0626757   0.0618634 5.94886e-05
         737   0.0624561   0.0618642 5.94133e-05
         738   0.0612291   0.0618633  5.9339e-05
         739   0.0609973   0.0618622 5.92703e-05
         740    0.061617   0.0618618 5.91911e-05
         741   0.0624346   0.0618626 5.91163e-05
         742   0.0632469   0.0618645  5.9066e-05
         743   0.0641149   0.0618675 5.90642e-05
         744   0.0644946    0.061871 5.90902e-05
         745   0.0649205   0.0618751 5.91525e-05
         746   0.0658182   0.0618804 5.93089e-05
         747   0.0654767   0.0618852 5.94246e-05
         748   0.0629809   0.0618867 5.93632e-05
         749   0.0630747   0.0618883 5.93051e-05
         750    0.062799   0.0618895 5.92385e-05
         751   0.0628568   0.0618908 5.91736e-05
         752   0.0617635   0.0618906 5.90952e-05
         753   0.0626855   0.0618917 5.90261e-05
         754   0.0635657   0.0618939 5.89896e-05
         755   0.0628353   0.0618951 5.89246e-05
         756   0.0625123   0.0618959 5.88523e-05
         757   0.0620516   0.0618961 5.87749e-05
         758   0.0612264   0.0618953  5.8704e-05
         759   0.0618571   0.0618952 5.86267e-05
         760    0.062863   0.0618965 5.85634e-05
         761   0.0638272    0.061899 5.85414e-05
         762   0.0646208   0.0619026 5.85734e-05
         763   0.0646703   0.0619062 5.86089e-05
         764   0.0642149   0.0619092   5.861e-05
         765   0.0641053   0.0619121 5.86036e-05
         766   0.0638815   0.0619147 5.85835e-05
         767   0.0645622   0.0619181 5.86087e-05
         768   0.0652958   0.0619225 5.86972e-05
         769    0.065146   0.0619267 5.87704e-05
         770   0.0644932   0.0619301 5.87885e-05
         771   0.0635906   0.0619322 5.87517e-05
         772   0.0634309   0.0619342 5.87076e-05
         773    0.064242   0.0619371 5.87075e-05
         774   0.0646648   0.0619407 5.87374e-05
         775   0.0639961   0.0619433 5.87214e-05
         776   0.0623752   0.0619439 5.86484e-05
         777   0.0620117    0.061944  5.8573e-05
         778    0.060916   0.0619426 5.85126e-05
         779   0.0611012   0.0619416 5.84474e-05
         780   0.0614271   0.0619409 5.83762e-05
         781   0.0616464   0.0619405 5.83027e-05
         782   0.0624376   0.0619412 5.82316e-05
         783   0.0624904   0.0619419 5.81615e-05
         784   0.0618692   0.0619418 5.80874e-05
         785   0.0626029   0.0619426 5.80195e-05
         786   0.0625982   0.0619434 5.79516e-05
         787   0.0616842   0.0619431 5.78789e-05
         788   0.0625955   0.0619439 5.78114e-05
         789   0.0630942   0.0619454 5.77565e-05
         790   0.0630343   0.0619468 5.76999e-05
         791   0.0620598   0.0619469 5.76271e-05
         792   0.0620114    0.061947 5.75544e-05
         793   0.0619592    0.061947 5.74818e-05
         794   0.0609125   0.0619457 5.74242e-05
         795   0.0613389    0.061945  5.7357e-05
         796   0.0625664   0.0619457 5.72903e-05
         797   0.0634335   0.0619476 5.72488e-05
         798   0.0633851   0.0619494 5.72054e-05
         799   0.0619558   0.0619494 5.71338e-05
         800   0.0620572   0.0619495 5.70625e-05
