           1    0.941344    0.941344 2.48693e-09
           2    0.952763    0.947054  0.00403732
           3    0.999442    0.964516     0.01451
           4     1.07189     0.99136   0.0256687
           5     1.11243     1.01557   0.0298455
           6     1.11842     1.03272   0.0293842
           7     1.14635     1.04895   0.0293295
           8     1.15053     1.06165   0.0282785
           9     1.14218     1.07059   0.0265145
          10     1.12497     1.07603   0.0244141
          11     1.14075     1.08192   0.0228927
          12     1.16048     1.08846   0.0219011
          13     1.15524      1.0936   0.0208101
          14     1.15375      1.0979   0.0197622
          15     1.15672     1.10182   0.0188298
          16      1.1564     1.10523   0.0179593
          17     1.15415     1.10811   0.0171319
          18     1.15604     1.11077   0.0163858
          19     1.16622     1.11369   0.0157811
          20     1.15746     1.11588    0.015143
          21     1.15288     1.11764   0.0145241
          22     1.16861     1.11996   0.0140475
          23     1.16845     1.12206    0.013594
          24     1.16947     1.12404   0.0131703
          25     1.14973     1.12507   0.0126836
          26     1.13669     1.12551   0.0122036
          27     1.13029     1.12569   0.0117529
          28     1.16202     1.12699   0.0114045
          29     1.19041     1.12917    0.011219
          30     1.18648     1.13108   0.0110065
          31     1.17403     1.13247   0.0107382
          32     1.17065     1.13366   0.0104688
          33     1.15442     1.13429   0.0101704
          34      1.1266     1.13407   0.0098738
          35     1.12261     1.13374  0.00959712
          36     1.15028      1.1342  0.00934152
          37     1.15762     1.13483  0.00911047
          38     1.13791     1.13491  0.00887108
          39     1.11576     1.13442   0.0086572
          40     1.13265     1.13438  0.00844088
          41     1.13991     1.13451  0.00823608
          42     1.12551      1.1343  0.00804278
          43      1.1178     1.13391  0.00786488
          44     1.12712     1.13376  0.00768765
          45      1.1471     1.13406  0.00752253
          46     1.15611     1.13454  0.00737425
          47      1.1424      1.1347  0.00721925
          48     1.14466     1.13491  0.00707183
          49     1.15697     1.13536  0.00694182
          50     1.17147     1.13608  0.00684045
          51     1.18577     1.13706  0.00677534
          52     1.17966     1.13788  0.00669439
          53     1.17738     1.13862  0.00660945
          54     1.17638     1.13932  0.00652393
          55     1.17092      1.1399  0.00643056
          56      1.1743     1.14051  0.00634501
          57     1.18279     1.14125   0.0062769
          58     1.19423     1.14216  0.00623477
          59     1.20004     1.14315  0.00620579
          60      1.1729     1.14364  0.00612214
          61     1.17484     1.14415  0.00604311
          62     1.20598     1.14515  0.00602734
          63     1.23024      1.1465  0.00608111
          64     1.21434     1.14756  0.00607778
          65     1.21421     1.14859  0.00607014
          66     1.22217      1.1497   0.0060797
          67     1.25242     1.15123  0.00617925
          68     1.25253     1.15272  0.00626535
          69     1.22627     1.15379  0.00626455
          70     1.20982     1.15459  0.00622598
          71     1.20888     1.15535  0.00618507
          72     1.18935     1.15583  0.00611716
          73      1.1689     1.15601  0.00603598
          74      1.1836     1.15638  0.00596592
          75     1.19731     1.15692  0.00591129
          76     1.21656     1.15771  0.00588536
          77     1.23465     1.15871  0.00589313
          78     1.22376     1.15954   0.0058763
          79     1.20073     1.16006    0.005825
          80     1.19272     1.16047  0.00576648
          81     1.19586     1.16091  0.00571181
          82        1.18     1.16114   0.0056469
          83     1.17251     1.16128  0.00558052
          84     1.19382     1.16167  0.00552752
          85     1.18842     1.16198  0.00547144
          86     1.19113     1.16232  0.00541831
          87     1.19338     1.16268  0.00536778
          88     1.18809     1.16297  0.00531455
          89     1.18761     1.16324  0.00526204
          90     1.16435     1.16325  0.00520359
          91     1.14671     1.16307  0.00514958
          92     1.14783     1.16291  0.00509627
          93     1.14881     1.16276  0.00504373
          94     1.16157     1.16274  0.00499009
          95     1.16603     1.16278  0.00493768
          96     1.14678     1.16261  0.00488906
          97      1.1372     1.16235  0.00484567
          98     1.14983     1.16222   0.0047979
          99     1.17506     1.16235  0.00475119
         100     1.17542     1.16248  0.00470548
         101     1.15901     1.16245  0.00465901
         102     1.15621     1.16239  0.00461374
         103     1.15569     1.16232   0.0045694
         104     1.15403     1.16224  0.00452616
         105     1.17404     1.16235  0.00448445
         106     1.21391     1.16284  0.00446845
         107     1.23051     1.16347  0.00447121
         108     1.24433     1.16422  0.00449206
         109     1.21743     1.16471  0.00447729
         110     1.21144     1.16513  0.00445669
         111     1.22058     1.16563  0.00444445
         112     1.20409     1.16598  0.00441801
         113      1.2055     1.16633  0.00439274
         114     1.21896     1.16679   0.0043784
         115     1.20725     1.16714  0.00435444
         116     1.19974     1.16742  0.00432596
         117     1.16739     1.16742  0.00428899
         118     1.17095     1.16745  0.00425274
         119     1.16974     1.16747  0.00421705
         120     1.15564     1.16737  0.00418306
         121     1.15541     1.16727  0.00414966
         122     1.16831     1.16728  0.00411565
         123     1.17278     1.16733  0.00408243
         124     1.17484     1.16739  0.00404996
         125     1.17412     1.16744  0.00401792
         126     1.18298     1.16756  0.00398792
         127     1.19011     1.16774  0.00396047
         128     1.18518     1.16788  0.00393187
         129     1.17487     1.16793  0.00390177
         130     1.18716     1.16808  0.00387456
         131     1.21151     1.16841  0.00385914
         132     1.20983     1.16873  0.00384264
         133     1.21174     1.16905  0.00382733
         134     1.20096     1.16929  0.00380617
         135     1.20961     1.16959  0.00378968
         136     1.20187     1.16982  0.00376924
         137     1.18985     1.16997  0.00374456
         138     1.19274     1.17013  0.00372106
         139     1.17025     1.17013  0.00369429
         140      1.1579     1.17005  0.00366894
         141     1.17924     1.17011  0.00364349
         142     1.20231     1.17034  0.00362488
         143     1.16193     1.17028  0.00360001
         144      1.1563     1.17018  0.00357632
         145     1.18202     1.17027  0.00355259
         146     1.18116     1.17034  0.00352904
         147     1.18101     1.17041  0.00350578
         148     1.18109     1.17048  0.00348283
         149     1.19349     1.17064  0.00346288
         150      1.1913     1.17078  0.00344253
         151      1.1781     1.17083  0.00342007
         152     1.16488     1.17079   0.0033978
         153     1.15906     1.17071  0.00337645
         154       1.163     1.17066   0.0033549
         155     1.16638     1.17063  0.00333337
         156      1.1628     1.17058  0.00331238
         157     1.15996     1.17051  0.00329197
         158     1.15819     1.17044  0.00327206
         159     1.16778     1.17042  0.00325152
         160     1.17722     1.17046  0.00323148
         161     1.18376     1.17054  0.00321246
         162      1.1796      1.1706  0.00319312
         163     1.16674     1.17058  0.00317362
         164     1.16294     1.17053  0.00315461
         165     1.14833      1.1704  0.00313836
         166     1.15911     1.17033  0.00312019
         167     1.16728     1.17031  0.00310156
         168     1.20717     1.17053  0.00309085
         169     1.23587     1.17092  0.00309665
         170     1.23169     1.17127  0.00309899
         171     1.20428     1.17147  0.00308688
         172     1.22392     1.17177  0.00308396
         173     1.21702     1.17203  0.00307721
         174     1.18675     1.17212  0.00306068
         175     1.18719      1.1722   0.0030444
         176     1.18468     1.17227  0.00302793
         177     1.18641     1.17235  0.00301188
         178     1.20385     1.17253  0.00300015
         179     1.20367      1.1727  0.00298843
         180     1.20507     1.17288  0.00297723
         181     1.20346     1.17305  0.00296557
         182     1.19923      1.1732  0.00295276
         183     1.19882     1.17334  0.00293994
         184     1.20544     1.17351  0.00292914
         185     1.20418     1.17368  0.00291799
         186     1.21818     1.17392  0.00291209
         187     1.23748     1.17426  0.00291629
         188     1.22708     1.17454  0.00291428
         189     1.24037     1.17489  0.00291961
         190     1.25754     1.17532  0.00293647
         191      1.2417     1.17567   0.0029416
         192     1.22197     1.17591  0.00293614
         193     1.21068     1.17609  0.00292645
         194     1.21899     1.17631  0.00291971
         195     1.20028     1.17643  0.00290733
         196     1.18771     1.17649  0.00289306
         197     1.19146     1.17657  0.00287937
         198     1.19821     1.17668  0.00286691
         199     1.17224     1.17665  0.00285259
         200     1.16035     1.17657  0.00283949
         201      1.1856     1.17662  0.00282572
         202     1.21472     1.17681  0.00281802
         203     1.22197     1.17703   0.0028129
         204     1.22172     1.17725  0.00280764
         205     1.20615     1.17739  0.00279748
         206     1.20084      1.1775  0.00278621
         207     1.18297     1.17753  0.00277288
         208     1.17257     1.17751  0.00275965
         209     1.17636      1.1775  0.00274645
         210     1.17212     1.17747  0.00273349
         211     1.16299     1.17741   0.0027214
         212     1.13884     1.17722  0.00271463
         213     1.13719     1.17704  0.00270839
         214     1.16163     1.17696  0.00269669
         215     1.17985     1.17698  0.00268418
         216     1.20264      1.1771  0.00267438
         217     1.20607     1.17723  0.00266539
         218     1.18464     1.17726  0.00265338
         219     1.18297     1.17729  0.00264139
         220     1.17723     1.17729  0.00262938
         221     1.17763     1.17729  0.00261749
         222     1.17709     1.17729   0.0026057
         223     1.17574     1.17728  0.00259402
         224     1.16824     1.17724  0.00258275
         225     1.16719      1.1772  0.00257166
         226     1.19597     1.17728  0.00256162
         227     1.22669      1.1775  0.00255957
         228     1.21905     1.17768  0.00255483
         229     1.18977     1.17773  0.00254421
         230      1.1559     1.17764  0.00253492
         231     1.16376     1.17758  0.00252466
         232     1.19404     1.17765  0.00251478
         233      1.2025     1.17776  0.00250624
         234     1.21199      1.1779   0.0024998
         235     1.19837     1.17799  0.00249068
         236     1.17576     1.17798  0.00248014
         237     1.17423     1.17796  0.00246973
         238     1.17459     1.17795  0.00245939
         239     1.16127     1.17788  0.00245009
         240     1.15263     1.17778  0.00244214
         241     1.15578     1.17768  0.00243371
         242     1.15857      1.1776  0.00242494
         243     1.16298     1.17754  0.00241571
         244     1.18032     1.17756  0.00240583
         245     1.21094     1.17769  0.00239987
         246     1.20945     1.17782  0.00239358
         247     1.17375      1.1778  0.00238395
         248     1.16233     1.17774  0.00237515
         249     1.17124     1.17772  0.00236576
         250     1.17784     1.17772   0.0023563
         251     1.17172     1.17769  0.00234703
         252     1.17176     1.17767  0.00233783
         253     1.16557     1.17762  0.00232908
         254      1.1591     1.17755  0.00232105
         255     1.15894     1.17748   0.0023131
         256     1.14892     1.17736  0.00230675
         257     1.16083      1.1773  0.00229867
         258     1.18308     1.17732  0.00228987
         259     1.20458     1.17743  0.00228345
         260     1.18574     1.17746  0.00227489
         261     1.15396     1.17737  0.00226795
         262     1.14617     1.17725  0.00226242
         263     1.17152     1.17723  0.00225392
         264     1.17112     1.17721   0.0022455
         265     1.15702     1.17713  0.00223832
         266     1.17439     1.17712  0.00222993
         267      1.1872     1.17716   0.0022219
         268     1.18096     1.17717  0.00221365
         269     1.19026     1.17722  0.00220596
         270     1.19802      1.1773  0.00219913
         271     1.20357     1.17739  0.00219316
         272     1.19331     1.17745  0.00218587
         273     1.17259     1.17743  0.00217794
         274      1.1683      1.1774  0.00217024
         275     1.16842     1.17737   0.0021626
         276     1.19958     1.17745  0.00215626
         277     1.22854     1.17763  0.00215635
         278     1.22937     1.17782  0.00215661
         279     1.20698     1.17792  0.00215141
         280     1.19141     1.17797  0.00214427
         281     1.17138     1.17795  0.00213676
         282     1.15763     1.17788   0.0021304
         283     1.16569     1.17783  0.00212331
         284      1.1779     1.17783  0.00211583
         285     1.19911     1.17791  0.00210972
         286      1.2254     1.17807  0.00210887
         287     1.23129     1.17826  0.00210966
         288      1.2124     1.17838  0.00210566
         289     1.20806     1.17848  0.00210088
         290     1.18355      1.1785  0.00209371
         291     1.16559     1.17845  0.00208698
         292      1.1525     1.17837  0.00208173
         293     1.15084     1.17827  0.00207674
         294     1.17471     1.17826  0.00206972
         295     1.18542     1.17828  0.00206284
         296      1.1923     1.17833  0.00205642
         297     1.19977      1.1784  0.00205076
         298     1.19846     1.17847  0.00204498
         299     1.19789     1.17854  0.00203917
         300     1.20148     1.17861  0.00203381
         301     1.21267     1.17872   0.0020302
         302     1.22204     1.17887  0.00202854
         303     1.21865       1.179  0.00202609
         304     1.20099     1.17907  0.00202071
         305     1.15438     1.17899  0.00201571
         306      1.1381     1.17886  0.00201355
         307     1.13694     1.17872  0.00201161
         308     1.17149      1.1787  0.00200522
         309     1.17543     1.17869  0.00199876
         310     1.17422     1.17867  0.00199236
         311     1.16932     1.17864  0.00198618
         312      1.1699     1.17861  0.00198001
         313     1.17934     1.17862  0.00197369
         314     1.17081     1.17859  0.00196756
         315     1.17323     1.17857  0.00196139
         316     1.16164     1.17852  0.00195591
         317     1.13297     1.17838  0.00195501
         318     1.13777     1.17825  0.00195303
         319      1.1728     1.17823  0.00194698
         320     1.18248     1.17825  0.00194094
         321     1.16602     1.17821  0.00193527
         322     1.18165     1.17822  0.00192929
         323     1.20497      1.1783  0.00192509
         324     1.22482     1.17844   0.0019245
         325     1.22286     1.17858  0.00192342
         326     1.21198     1.17868  0.00192025
         327     1.23588     1.17886  0.00192233
         328     1.23598     1.17903  0.00192434
         329     1.23084     1.17919  0.00192492
         330     1.22303     1.17932  0.00192367
         331     1.20969     1.17942  0.00192004
         332      1.1957     1.17946  0.00191488
         333     1.18441     1.17948  0.00190919
         334     1.18941     1.17951  0.00190371
         335     1.19776     1.17956   0.0018988
         336     1.19807     1.17962  0.00189395
         337     1.20115     1.17968  0.00188941
         338       1.226     1.17982  0.00188878
         339     1.23769     1.17999  0.00189091
         340      1.2183      1.1801   0.0018887
         341     1.21743     1.18021  0.00188633
         342     1.20697     1.18029  0.00188244
         343     1.19878     1.18034  0.00187772
         344      1.1818     1.18035  0.00187227
         345     1.17018     1.18032  0.00186707
         346     1.18072     1.18032  0.00186168
         347     1.17107     1.18029   0.0018565
         348     1.16333     1.18024  0.00185181
         349     1.16274     1.18019  0.00184718
         350     1.16053     1.18014  0.00184276
         351     1.16814      1.1801  0.00183782
         352     1.16307     1.18006  0.00183324
         353     1.16801     1.18002  0.00182836
         354     1.16581     1.17998  0.00182364
         355      1.1603     1.17993  0.00181935
         356     1.16444     1.17988  0.00181476
         357     1.13038     1.17974  0.00181496
         358     1.12212     1.17958  0.00181701
         359     1.15049      1.1795  0.00181376
         360     1.15131     1.17942  0.00181041
         361     1.16838     1.17939  0.00180565
         362     1.17989     1.17939  0.00180067
         363     1.16278     1.17935  0.00179629
         364     1.16024      1.1793  0.00179212
         365     1.15525     1.17923  0.00178842
         366     1.15547     1.17917  0.00178471
         367     1.15437      1.1791  0.00178113
         368     1.15783     1.17904  0.00177723
         369     1.17109     1.17902  0.00177254
         370     1.19074     1.17905  0.00176803
         371     1.16979     1.17903  0.00176344
         372     1.16235     1.17898  0.00175927
         373     1.15286     1.17891  0.00175595
         374     1.17346      1.1789  0.00175131
         375     1.17319     1.17888  0.00174671
         376     1.15777     1.17882  0.00174297
         377     1.13835     1.17872  0.00174165
         378     1.12571     1.17858  0.00174268
         379     1.13063     1.17845  0.00174266
         380     1.13375     1.17833  0.00174204
         381     1.14519     1.17825  0.00173964
         382      1.1449     1.17816  0.00173728
         383     1.15754      1.1781  0.00173358
         384     1.17423     1.17809  0.00172909
         385     1.18319     1.17811  0.00172465
         386     1.17756     1.17811  0.00172018
         387     1.16466     1.17807  0.00171609
         388     1.15974     1.17802  0.00171232
         389     1.16586     1.17799   0.0017082
         390     1.16998     1.17797  0.00170394
         391     1.19309     1.17801  0.00170002
         392     1.22277     1.17813  0.00169952
         393     1.21254     1.17821  0.00169745
         394      1.2136      1.1783  0.00169551
         395     1.20543     1.17837  0.00169261
         396     1.20539     1.17844  0.00168971
         397     1.21126     1.17852  0.00168748
         398     1.22269     1.17863  0.00168688
         399     1.23862     1.17878  0.00168934
         400     1.21898     1.17888   0.0016881
         401      1.2101     1.17896  0.00168569
         402     1.19956     1.17901  0.00168227
         403     1.19426     1.17905  0.00167852
         404     1.20183     1.17911  0.00167532
         405     1.21861      1.1792  0.00167402
         406     1.22622     1.17932  0.00167389
         407     1.22494     1.17943  0.00167353
         408     1.21147     1.17951  0.00167127
         409     1.19513     1.17955  0.00166762
         410     1.19008     1.17958  0.00166375
         411     1.18666     1.17959  0.00165979
         412     1.18416      1.1796   0.0016558
         413     1.19436     1.17964  0.00165218
         414     1.19656     1.17968  0.00164869
         415     1.20222     1.17973  0.00164561
         416     1.20366     1.17979  0.00164266
         417     1.19643     1.17983  0.00163921
         418     1.19387     1.17987  0.00163563
         419     1.19317      1.1799  0.00163203
         420     1.16559     1.17986   0.0016285
         421     1.16727     1.17983  0.00162491
         422      1.1873     1.17985  0.00162116
         423     1.18571     1.17986  0.00161738
         424     1.19275      1.1799  0.00161385
         425     1.18546     1.17991  0.00161011
         426     1.16563     1.17987  0.00160668
         427     1.16182     1.17983  0.00160347
         428     1.16824     1.17981  0.00159995
         429      1.1693     1.17978  0.00159641
         430     1.17285     1.17976  0.00159278
         431     1.19863     1.17981  0.00158969
         432     1.20628     1.17987  0.00158719
         433     1.20036     1.17992  0.00158423
         434     1.18446     1.17993  0.00158061
         435     1.19131     1.17995  0.00157719
         436     1.19018     1.17998  0.00157375
         437     1.19874     1.18002  0.00157073
         438     1.19738     1.18006  0.00156765
         439     1.19855      1.1801  0.00156464
         440     1.18609     1.18012  0.00156115
         441     1.20367     1.18017  0.00155852
         442     1.19818     1.18021  0.00155553
         443     1.21059     1.18028  0.00155353
         444     1.20521     1.18033  0.00155104
         445     1.19969     1.18038  0.00154817
         446     1.21438     1.18045  0.00154657
         447     1.24499      1.1806  0.00154983
         448     1.21808     1.18068  0.00154863
         449     1.19701     1.18072  0.00154561
         450     1.24915     1.18087  0.00154964
         451      1.2422     1.18101  0.00155216
         452     1.20216     1.18105  0.00154943
         453     1.20301      1.1811  0.00154677
         454     1.22636      1.1812  0.00154657
         455     1.23206     1.18131   0.0015472
         456     1.20162     1.18136  0.00154445
         457     1.17789     1.18135  0.00154109
         458      1.1799     1.18135  0.00153773
         459     1.20907     1.18141  0.00153556
         460     1.20944     1.18147  0.00153344
         461     1.21043     1.18153   0.0015314
         462     1.20267     1.18158  0.00152876
         463     1.18478     1.18158  0.00152548
         464     1.16181     1.18154  0.00152279
         465     1.17278     1.18152  0.00151963
         466     1.16863     1.18149  0.00151662
         467     1.16695     1.18146  0.00151369
         468     1.18261     1.18147  0.00151046
         469     1.19552      1.1815  0.00150753
         470     1.18699     1.18151  0.00150437
         471     1.17895      1.1815  0.00150119
         472     1.17921      1.1815  0.00149802
         473      1.1894     1.18151  0.00149494
         474     1.19299     1.18154  0.00149198
         475     1.17919     1.18153  0.00148885
         476     1.15978     1.18149  0.00148642
         477     1.14173      1.1814  0.00148564
         478     1.14949     1.18134  0.00148403
         479     1.17012     1.18131  0.00148112
         480     1.19737     1.18135  0.00147841
         481     1.18815     1.18136  0.00147541
         482      1.1862     1.18137  0.00147238
         483     1.19698      1.1814  0.00146969
         484     1.18763     1.18142  0.00146671
         485     1.16134     1.18138  0.00146427
         486     1.17091     1.18135  0.00146141
         487     1.19808     1.18139  0.00145881
         488     1.18829      1.1814  0.00145589
         489     1.16177     1.18136  0.00145347
         490     1.16331     1.18133  0.00145097
         491     1.16383     1.18129  0.00144845
         492     1.19124     1.18131  0.00144565
         493     1.19374     1.18134  0.00144294
         494     1.18306     1.18134  0.00144002
         495     1.15636     1.18129  0.00143799
         496     1.16624     1.18126  0.00143542
         497     1.18312     1.18126  0.00143253
         498     1.17935     1.18126  0.00142966
         499     1.15887     1.18121   0.0014275
         500      1.1531     1.18116  0.00142575
         501     1.15606     1.18111  0.00142379
         502     1.15337     1.18105  0.00142202
         503     1.15714       1.181  0.00141999
         504     1.15363     1.18095  0.00141821
         505     1.14058     1.18087  0.00141765
         506     1.13814     1.18079  0.00141736
         507     1.15944     1.18074  0.00141519
         508     1.19873     1.18078  0.00141285
         509     1.18557     1.18079  0.00141011
         510     1.18235     1.18079  0.00140734
         511      1.1652     1.18076  0.00140492
         512     1.15858     1.18072  0.00140284
         513     1.16822     1.18069  0.00140032
         514     1.18793     1.18071  0.00139767
         515     1.21316     1.18077  0.00139637
         516     1.19982     1.18081  0.00139416
         517     1.18049     1.18081  0.00139146
         518     1.17093     1.18079   0.0013889
         519     1.18062     1.18079  0.00138623
         520     1.18388     1.18079  0.00138357
         521     1.19285     1.18082  0.00138111
         522     1.20048     1.18085  0.00137898
         523     1.18035     1.18085  0.00137634
         524     1.17303     1.18084   0.0013738
         525     1.17822     1.18083  0.00137119
         526     1.15963     1.18079  0.00136918
         527     1.15036     1.18073   0.0013678
         528     1.14964     1.18068  0.00136647
         529     1.15225     1.18062  0.00136495
         530     1.17087      1.1806  0.00136249
         531     1.20026     1.18064  0.00136043
         532     1.18117     1.18064  0.00135787
         533     1.16401     1.18061  0.00135568
         534      1.1723      1.1806  0.00135324
         535     1.16428     1.18056  0.00135105
         536     1.16757     1.18054  0.00134875
         537     1.18086     1.18054  0.00134623
         538     1.15757      1.1805  0.00134441
         539     1.15835     1.18046  0.00134254
         540     1.17527     1.18045  0.00134009
         541     1.17838     1.18044  0.00133762
         542     1.18409     1.18045  0.00133517
         543     1.20157     1.18049  0.00133328
         544     1.19601     1.18052  0.00133113
         545     1.18867     1.18053  0.00132877
         546     1.19006     1.18055  0.00132645
         547     1.16102     1.18051  0.00132451
         548     1.14884     1.18046  0.00132335
         549     1.14953      1.1804  0.00132214
         550     1.15734     1.18036   0.0013204
         551     1.17475     1.18035  0.00131804
         552      1.1798     1.18035  0.00131566
         553     1.19346     1.18037  0.00131349
         554     1.21886     1.18044  0.00131296
         555     1.23647     1.18054  0.00131447
         556     1.22806     1.18063  0.00131488
         557     1.22864     1.18071  0.00131534
         558     1.22918      1.1808  0.00131585
         559     1.20086     1.18084  0.00131398
         560     1.16971     1.18082  0.00131179
         561     1.16087     1.18078  0.00130993
         562     1.17785     1.18078  0.00130761
         563     1.17096     1.18076   0.0013054
         564     1.15655     1.18071  0.00130379
         565     1.14143     1.18065  0.00130334
         566     1.13826     1.18057  0.00130319
         567     1.12151     1.18047  0.00130504
         568     1.12927     1.18038  0.00130585
         569     1.14523     1.18031  0.00130502
         570     1.15899     1.18028  0.00130327
         571      1.1611     1.18024  0.00130142
         572     1.17518     1.18023  0.00129917
         573     1.15348     1.18019  0.00129774
         574      1.1629     1.18016  0.00129583
         575     1.18239     1.18016  0.00129358
         576     1.19416     1.18019  0.00129156
         577     1.15672     1.18015  0.00128997
         578     1.13462     1.18007  0.00129014
         579     1.15625     1.18003  0.00128856
         580     1.17782     1.18002  0.00128635
         581     1.20134     1.18006  0.00128466
         582     1.19997     1.18009  0.00128291
         583      1.1625     1.18006  0.00128106
         584     1.15329     1.18002  0.00127969
         585     1.14771     1.17996  0.00127869
         586     1.15344     1.17992  0.00127731
         587     1.16044     1.17988  0.00127556
         588     1.14096     1.17982  0.00127511
         589      1.1425     1.17975  0.00127452
         590     1.16314     1.17973  0.00127267
         591     1.20564     1.17977  0.00127127
         592     1.22567     1.17985  0.00127149
         593      1.2215     1.17992  0.00127128
         594     1.19913     1.17995  0.00126955
         595     1.18433     1.17996  0.00126744
         596     1.18869     1.17997   0.0012654
         597     1.20519     1.18001  0.00126398
         598     1.22648     1.18009  0.00126426
         599     1.22101     1.18016  0.00126399
         600     1.20125     1.18019  0.00126237
         601     1.20776     1.18024   0.0012611
         602     1.20651     1.18028  0.00125976
         603     1.20606     1.18033   0.0012584
         604     1.21928     1.18039  0.00125797
         605     1.21768     1.18045   0.0012574
         606     1.20927      1.1805  0.00125622
         607     1.19789     1.18053  0.00125448
         608     1.18034     1.18053  0.00125241
         609     1.21205     1.18058  0.00125143
         610     1.23398     1.18067  0.00125243
         611     1.22276     1.18074  0.00125228
         612     1.20293     1.18077  0.00125076
         613     1.20771     1.18082  0.00124949
         614     1.22313     1.18089  0.00124935
         615     1.21494     1.18094  0.00124855
         616     1.21573       1.181   0.0012478
         617     1.22085     1.18106  0.00124744
         618     1.21302     1.18111   0.0012465
         619     1.20388     1.18115  0.00124503
         620     1.20821     1.18119  0.00124378
         621     1.20731     1.18124  0.00124249
         622     1.21245     1.18129  0.00124151
         623     1.19727     1.18131  0.00123978
         624     1.19988     1.18134  0.00123815
         625     1.18474     1.18135  0.00123618
         626     1.18373     1.18135  0.00123421
         627     1.19997     1.18138   0.0012326
         628     1.22155     1.18145   0.0012323
         629     1.19706     1.18147  0.00123059
         630     1.18602     1.18148  0.00122865
         631     1.20511     1.18151  0.00122728
         632     1.21589     1.18157  0.00122654
         633     1.19544     1.18159   0.0012248
         634     1.17901     1.18159  0.00122287
         635     1.18525     1.18159  0.00122096
         636     1.17391     1.18158   0.0012191
         637     1.16793     1.18156  0.00121738
         638     1.16194     1.18153  0.00121586
         639     1.17058     1.18151  0.00121407
         640     1.18053     1.18151  0.00121218
         641     1.17462      1.1815  0.00121033
         642     1.17286     1.18149  0.00120852
         643     1.17562     1.18148  0.00120668
         644     1.18235     1.18148  0.00120481
         645     1.17522     1.18147  0.00120298
         646     1.16764     1.18145   0.0012013
         647     1.15095      1.1814  0.00120037
         648     1.14632     1.18135  0.00119974
         649     1.17097     1.18133    0.001198
         650     1.18582     1.18134  0.00119617
         651     1.18944     1.18135   0.0011944
         652     1.18109     1.18135  0.00119257
         653     1.18433     1.18135  0.00119075
         654     1.18476     1.18136  0.00118894
         655     1.18683     1.18137  0.00118716
         656     1.19937     1.18139  0.00118566
         657     1.21402     1.18144   0.0011849
         658     1.19382     1.18146  0.00118325
         659     1.18354     1.18147  0.00118146
         660     1.18807     1.18148  0.00117971
         661      1.1938     1.18149  0.00117807
         662     1.19674     1.18152  0.00117652
         663     1.19814     1.18154  0.00117501
         664     1.21233     1.18159  0.00117415
         665     1.21193     1.18163  0.00117327
         666     1.19174     1.18165  0.00117161
         667      1.1741     1.18164  0.00116991
         668     1.17255     1.18162  0.00116824
         669     1.17697     1.18162  0.00116651
         670     1.16841      1.1816  0.00116494
         671     1.16075     1.18157  0.00116362
         672     1.16905     1.18155  0.00116203
         673     1.18107     1.18155  0.00116031
         674     1.18988     1.18156  0.00115865
         675      1.1797     1.18156  0.00115694
         676     1.17845     1.18155  0.00115524
         677     1.16781     1.18153  0.00115371
         678     1.18115     1.18153  0.00115201
         679     1.18847     1.18154  0.00115035
         680     1.16753     1.18152  0.00114885
         681     1.15235     1.18148  0.00114796
         682     1.12962      1.1814  0.00114879
         683     1.13414     1.18133  0.00114919
         684     1.15229     1.18129  0.00114829
         685     1.14467     1.18124  0.00114786
         686     1.12279     1.18115  0.00114935
         687     1.13039     1.18108  0.00115005
         688      1.1395     1.18102  0.00114996
         689     1.16005     1.18099  0.00114869
         690     1.14824     1.18094  0.00114801
         691     1.13407     1.18087  0.00114835
         692     1.14118     1.18081  0.00114812
         693     1.15634     1.18078  0.00114701
         694     1.18862     1.18079  0.00114541
         695     1.18808      1.1808  0.00114381
         696     1.19142     1.18082  0.00114227
         697     1.16297     1.18079  0.00114092
         698     1.15737     1.18076  0.00113978
         699     1.16365     1.18073  0.00113841
         700     1.20352     1.18077  0.00113725
         701     1.20252      1.1808  0.00113605
         702     1.19699     1.18082  0.00113467
         703      1.1999     1.18085  0.00113338
         704     1.22516     1.18091  0.00113351
         705     1.24699       1.181  0.00113577
         706     1.22796     1.18107  0.00113611
         707     1.20007      1.1811  0.00113482
         708      1.1877     1.18111  0.00113326
         709     1.17778      1.1811  0.00113167
         710     1.16398     1.18108  0.00113033
         711     1.17036     1.18106  0.00112884
         712     1.17201     1.18105  0.00112733
         713     1.17791     1.18104  0.00112576
         714     1.17181     1.18103  0.00112425
         715     1.17204     1.18102  0.00112275
         716     1.17691     1.18101   0.0011212
         717     1.18545     1.18102  0.00111965
         718     1.19792     1.18104  0.00111834
         719     1.20915     1.18108  0.00111747
         720     1.22785     1.18115   0.0011178
         721     1.22809     1.18121  0.00111815
         722     1.19882     1.18124  0.00111686
         723     1.18365     1.18124  0.00111532
         724     1.18257     1.18124  0.00111378
         725      1.1859     1.18125  0.00111227
         726     1.17437     1.18124  0.00111077
         727     1.17112     1.18123  0.00110933
         728      1.1572     1.18119   0.0011083
         729     1.14631     1.18114  0.00110781
         730     1.17115     1.18113  0.00110638
         731     1.17753     1.18113  0.00110488
         732     1.17953     1.18112  0.00110337
         733     1.16617      1.1811  0.00110205
         734     1.14064     1.18105  0.00110193
         735     1.15249     1.18101  0.00110112
         736     1.15797     1.18098  0.00110006
         737     1.14421     1.18093   0.0010997
         738     1.12496     1.18085  0.00110082
         739     1.12376     1.18077  0.00110204
         740      1.1427     1.18072  0.00110175
         741     1.16488      1.1807  0.00110047
         742     1.17483     1.18069  0.00109902
         743     1.14892     1.18065  0.00109837
         744     1.11675     1.18057  0.00110025
         745     1.12021     1.18048  0.00110175
         746     1.12901     1.18042  0.00110243
         747     1.13628     1.18036  0.00110254
         748     1.13155     1.18029  0.00110299
         749     1.13994     1.18024  0.00110283
         750      1.1417     1.18019  0.00110256
         751     1.14279     1.18014  0.00110222
         752     1.15811     1.18011  0.00110114
         753      1.1749      1.1801   0.0010997
         754     1.17184     1.18009  0.00109829
         755     1.17592     1.18008  0.00109685
         756     1.17083     1.18007  0.00109547
         757     1.18107     1.18007  0.00109403
         758     1.17586     1.18007   0.0010926
         759     1.16035     1.18004  0.00109147
         760     1.17136     1.18003  0.00109009
         761     1.17988     1.18003  0.00108866
         762     1.16346     1.18001  0.00108744
         763      1.1558     1.17998  0.00108648
         764     1.17325     1.17997   0.0010851
         765     1.16016     1.17994  0.00108399
         766     1.16769     1.17993  0.00108269
         767     1.19342     1.17994  0.00108142
         768     1.20933     1.17998  0.00108069
         769     1.18813     1.17999  0.00107934
         770     1.19821     1.18002  0.00107819
         771     1.20748     1.18005  0.00107738
         772     1.21208     1.18009  0.00107679
         773     1.20305     1.18012   0.0010758
         774     1.17235     1.18011  0.00107446
         775     1.15694     1.18008  0.00107349
         776     1.15998     1.18006  0.00107242
         777     1.17084     1.18004   0.0010711
         778     1.15454     1.18001  0.00107023
         779      1.1509     1.17997  0.00106951
         780      1.1684     1.17996  0.00106824
         781     1.17601     1.17995  0.00106688
         782     1.15436     1.17992  0.00106602
         783     1.15786     1.17989  0.00106503
         784     1.15537     1.17986  0.00106413
         785      1.1525     1.17983  0.00106335
         786     1.17222     1.17982  0.00106204
         787     1.19993     1.17984    0.001061
         788     1.18871     1.17985  0.00105971
         789     1.17444     1.17985  0.00105839
         790     1.14513      1.1798  0.00105796
         791     1.14266     1.17976  0.00105767
         792     1.15691     1.17973  0.00105672
         793     1.13613     1.17967  0.00105682
         794     1.12666     1.17961   0.0010576
         795     1.14913     1.17957  0.00105696
         796     1.17454     1.17956  0.00105565
         797      1.2034     1.17959  0.00105475
         798     1.17688     1.17959  0.00105343
         799     1.16512     1.17957  0.00105227
         800     1.15703     1.17954  0.00105133
