           1     1.00144     1.00144 8.46128e-09
           2     1.01393     1.00768   0.0044152
           3     1.06389     1.02642   0.0155794
           4     1.13579     1.05376   0.0264047
           5     1.17728     1.07846    0.030568
           6     1.18137     1.09561   0.0299003
           7     1.20466     1.11119   0.0294081
           8     1.20712     1.12318   0.0280703
           9      1.1898     1.13059   0.0259089
          10     1.18213     1.13574   0.0238253
          11     1.18892     1.14057   0.0221445
          12     1.20109     1.14562   0.0208654
          13     1.20096     1.14987   0.0196899
          14     1.19551     1.15313   0.0185514
          15     1.17937     1.15488   0.0173968
          16     1.19134     1.15716   0.0164581
          17      1.1884       1.159   0.0155922
          18     1.19317      1.1609   0.0148411
          19     1.21289     1.16363     0.01431
          20      1.2137     1.16614   0.0138117
          21     1.20507     1.16799   0.0132778
          22     1.21912     1.17032   0.0128761
          23     1.23044     1.17293   0.0125788
          24     1.21159     1.17454   0.0121574
          25      1.1881     1.17508   0.0116832
          26     1.19276     1.17576   0.0112536
          27     1.21634     1.17727   0.0109367
          28     1.21727     1.17869   0.0106391
          29     1.19835     1.17937   0.0102937
          30     1.17311     1.17916  0.00995274
          31     1.17946     1.17917  0.00963169
          32     1.19445     1.17965  0.00934252
          33     1.20971     1.18056  0.00910371
          34      1.2319     1.18207  0.00896032
          35     1.24248      1.1838  0.00886901
          36     1.24626     1.18553  0.00879074
          37     1.23346     1.18683  0.00864805
          38     1.21343     1.18753  0.00844876
          39     1.20832     1.18806  0.00824893
          40     1.21411     1.18871  0.00806837
          41       1.223     1.18955   0.0079148
          42     1.24584     1.19089  0.00783902
          43      1.2621     1.19254  0.00782969
          44     1.25947     1.19407  0.00779809
          45     1.27949     1.19596  0.00785244
          46     1.26639     1.19749  0.00782956
          47     1.24535     1.19851  0.00772889
          48     1.25885     1.19977  0.00766942
          49     1.25905     1.20098  0.00760771
          50     1.24991     1.20196  0.00751823
          51     1.25061     1.20291  0.00743108
          52      1.2391     1.20361  0.00732069
          53     1.22335     1.20398  0.00719203
          54     1.21464     1.20418  0.00706156
          55     1.21314     1.20434  0.00693504
          56     1.22806     1.20476  0.00682413
          57     1.25182     1.20559  0.00675415
          58     1.24871     1.20633  0.00667849
          59     1.25005     1.20707  0.00660626
          60     1.25123     1.20781  0.00653701
          61     1.26065     1.20868  0.00648698
          62     1.28252     1.20987  0.00649078
          63     1.29279     1.21118  0.00651986
          64      1.2797     1.21225  0.00650529
          65     1.28026      1.2133  0.00648879
          66     1.27341     1.21421  0.00645408
          67     1.26903     1.21503  0.00640941
          68     1.26351     1.21574  0.00635467
          69      1.2872     1.21678   0.0063464
          70     1.27495     1.21761  0.00630991
          71     1.23746     1.21789  0.00622723
          72     1.23525     1.21813   0.0061454
          73     1.22056     1.21816  0.00606131
          74     1.21875     1.21817   0.0059794
          75     1.23253     1.21836  0.00590274
          76     1.22749     1.21848   0.0058263
          77     1.22481     1.21856  0.00575121
          78     1.24719     1.21893  0.00568917
          79     1.27401     1.21963  0.00565972
          80     1.29747      1.2206    0.005672
          81     1.28542      1.2214  0.00565814
          82     1.28264     1.22215  0.00563822
          83     1.31531     1.22327  0.00568091
          84     1.31502     1.22436  0.00571732
          85     1.27268     1.22493  0.00567824
          86     1.25404     1.22527  0.00562229
          87     1.27389     1.22583  0.00558538
          88     1.28027     1.22645  0.00555606
          89     1.26188     1.22685  0.00550788
          90     1.24719     1.22707  0.00545132
          91     1.24704     1.22729  0.00539582
          92     1.25424     1.22758  0.00534512
          93     1.25799     1.22791  0.00529763
          94     1.25606     1.22821  0.00524973
          95     1.25104     1.22845  0.00519997
          96     1.26316     1.22881  0.00515836
          97     1.27646      1.2293  0.00512851
          98     1.26857      1.2297  0.00509181
          99     1.27485     1.23016  0.00506075
         100     1.27414      1.2306  0.00502922
         101     1.24239     1.23072  0.00498078
         102     1.24128     1.23082  0.00493302
         103     1.27085     1.23121  0.00490041
         104     1.25381     1.23143  0.00485811
         105      1.2464     1.23157  0.00481393
         106     1.27731       1.232  0.00478782
         107     1.30764     1.23271  0.00479497
         108     1.29409     1.23328  0.00478414
         109     1.27208     1.23363  0.00475348
         110      1.2674     1.23394  0.00472017
         111      1.2728     1.23429  0.00469062
         112     1.28227     1.23472  0.00466826
         113     1.29178     1.23522  0.00465418
         114     1.27449     1.23557  0.00462608
         115     1.24865     1.23568  0.00458725
         116     1.23533     1.23568  0.00454771
         117     1.23375     1.23566  0.00450887
         118     1.24459     1.23574  0.00447129
         119     1.24902     1.23585  0.00443511
         120     1.25943     1.23605   0.0044025
         121     1.25711     1.23622  0.00436956
         122     1.26296     1.23644  0.00433924
         123     1.26045     1.23663  0.00430835
         124     1.22225     1.23652  0.00427517
         125     1.18979     1.23614  0.00425728
         126     1.19092     1.23578   0.0042386
         127     1.21523     1.23562  0.00420831
         128     1.22851     1.23557   0.0041758
         129     1.22929     1.23552  0.00414371
         130      1.2354     1.23552  0.00411184
         131     1.25144     1.23564  0.00408224
         132     1.25202     1.23576   0.0040532
         133      1.2771     1.23607  0.00403463
         134     1.29725     1.23653  0.00403026
         135     1.29268     1.23695  0.00402181
         136     1.26294     1.23714  0.00399678
         137     1.25052     1.23724  0.00396879
         138     1.26484     1.23744  0.00394507
         139     1.25052     1.23753  0.00391781
         140     1.22966     1.23747  0.00389023
         141     1.26596     1.23768  0.00386788
         142     1.30153     1.23813  0.00386669
         143     1.29621     1.23853  0.00386093
         144     1.28936     1.23888  0.00385022
         145     1.28899     1.23923  0.00383914
         146     1.27298     1.23946   0.0038198
         147      1.2855     1.23977  0.00380663
         148     1.32127     1.24032  0.00382053
         149      1.3051     1.24076  0.00381954
         150     1.29833     1.24114  0.00381331
         151     1.28061      1.2414  0.00379701
         152     1.26175     1.24154  0.00377439
         153     1.27622     1.24177  0.00375652
         154     1.31485     1.24224  0.00376198
         155     1.30055     1.24262  0.00375647
         156      1.2594     1.24272  0.00373394
         157     1.26719     1.24288   0.0037134
         158     1.28274     1.24313  0.00369846
         159     1.29459     1.24346  0.00368933
         160     1.29294     1.24376  0.00367921
         161      1.2597     1.24386  0.00365769
         162     1.23446     1.24381  0.00363557
         163     1.22813     1.24371  0.00361454
         164     1.23658     1.24367  0.00359276
         165      1.2519     1.24372  0.00357133
         166     1.24925     1.24375  0.00354998
         167     1.25426     1.24381  0.00352928
         168     1.27268     1.24398  0.00351245
         169     1.25663     1.24406  0.00349246
         170     1.25101      1.2441  0.00347216
         171     1.23012     1.24402  0.00345281
         172     1.23456     1.24396  0.00343318
         173     1.25857     1.24405  0.00341437
         174     1.25659     1.24412  0.00339551
         175     1.26081     1.24421  0.00337745
         176     1.26386     1.24433   0.0033601
         177     1.22213      1.2442  0.00334345
         178     1.21704     1.24405  0.00332815
         179     1.23455       1.244  0.00330998
         180     1.22268     1.24388  0.00329371
         181     1.20242     1.24365  0.00328347
         182     1.21401     1.24349  0.00326946
         183     1.21875     1.24335  0.00325439
         184     1.22202     1.24323  0.00323877
         185     1.20861     1.24305  0.00322666
         186     1.18759     1.24275  0.00322306
         187     1.20443     1.24254  0.00321233
         188     1.21355     1.24239  0.00319894
         189     1.22199     1.24228  0.00318384
         190     1.22669      1.2422  0.00316814
         191     1.23845     1.24218  0.00315161
         192     1.25656     1.24225  0.00313609
         193     1.26559     1.24238  0.00312217
         194     1.23619     1.24234  0.00310624
         195     1.22713     1.24227  0.00309129
         196     1.22812     1.24219  0.00307636
         197     1.22326      1.2421  0.00306224
         198     1.21303     1.24195  0.00305029
         199     1.20537     1.24177   0.0030405
         200     1.21394     1.24163  0.00302848
         201     1.20702     1.24146   0.0030183
         202      1.2244     1.24137  0.00300454
         203     1.21122     1.24122  0.00299341
         204     1.20445     1.24104  0.00298415
         205      1.2216     1.24095   0.0029711
         206     1.24045     1.24095  0.00295668
         207     1.27517     1.24111  0.00294702
         208     1.25485     1.24118  0.00293359
         209     1.20719     1.24101  0.00292406
         210     1.19854     1.24081  0.00291712
         211     1.18852     1.24056   0.0029138
         212     1.17851     1.24027  0.00291472
         213      1.1795     1.23999  0.00291497
         214     1.18867     1.23975   0.0029112
         215     1.18141     1.23947  0.00291027
         216     1.14749     1.23905  0.00292779
         217     1.15851     1.23868  0.00293773
         218     1.18882     1.23845  0.00293314
         219     1.19316     1.23824  0.00292702
         220     1.20338     1.23808  0.00291801
         221      1.2064     1.23794  0.00290832
         222     1.20557     1.23779  0.00289887
         223     1.21058     1.23767  0.00288844
         224     1.20977     1.23755  0.00287823
         225     1.22144     1.23748  0.00286633
         226     1.24142     1.23749   0.0028537
         227     1.26436     1.23761  0.00284358
         228     1.26221     1.23772  0.00283316
         229     1.23359      1.2377  0.00282084
         230     1.20994     1.23758  0.00281116
         231     1.20246     1.23743   0.0028031
         232     1.20844      1.2373   0.0027938
         233     1.19301     1.23711  0.00278827
         234     1.19128     1.23692  0.00278322
         235     1.19347     1.23673  0.00277751
         236     1.22518     1.23668  0.00276618
         237     1.24959     1.23674  0.00275504
         238     1.25979     1.23684  0.00274517
         239     1.24995     1.23689  0.00273423
         240     1.24197     1.23691  0.00272292
         241     1.23092     1.23689  0.00271173
         242     1.21725     1.23681  0.00270174
         243     1.22244     1.23675  0.00269127
         244     1.21642     1.23666  0.00268153
         245     1.21151     1.23656  0.00267255
         246     1.20059     1.23641  0.00266568
         247     1.22139     1.23635  0.00265558
         248     1.23543     1.23635  0.00264488
         249     1.22823     1.23632  0.00263446
         250     1.22684     1.23628  0.00262419
         251     1.21795     1.23621  0.00261475
         252     1.23708     1.23621  0.00260438
         253     1.24307     1.23624  0.00259423
         254       1.233     1.23622  0.00258404
         255     1.22284     1.23617  0.00257444
         256     1.23449     1.23617   0.0025644
         257      1.2352     1.23616  0.00255442
         258     1.24808     1.23621  0.00254494
         259      1.2497     1.23626  0.00253564
         260     1.25659     1.23634   0.0025271
         261     1.25305      1.2364  0.00251823
         262     1.27355     1.23654   0.0025126
         263     1.27458     1.23669  0.00250721
         264     1.25726     1.23677  0.00249892
         265     1.24966     1.23682  0.00248997
         266     1.23962     1.23683  0.00248063
         267     1.24286     1.23685  0.00247144
         268     1.27146     1.23698  0.00246559
         269     1.27351     1.23711  0.00246016
         270     1.25218     1.23717  0.00245168
         271     1.24117     1.23718  0.00244268
         272     1.24067      1.2372  0.00243373
         273     1.23323     1.23718  0.00242486
         274     1.22743     1.23715  0.00241627
         275     1.22647     1.23711   0.0024078
         276     1.23336     1.23709  0.00239911
         277     1.25838     1.23717  0.00239168
         278     1.24644      1.2372  0.00238331
         279     1.23129     1.23718  0.00237486
         280     1.21337      1.2371   0.0023679
         281     1.22475     1.23705  0.00235989
         282     1.22607     1.23702  0.00235184
         283     1.23089     1.23699  0.00234363
         284     1.24118     1.23701  0.00233542
         285     1.24887     1.23705   0.0023276
         286     1.28372     1.23721  0.00232517
         287     1.28761     1.23739  0.00232369
         288     1.26885      1.2375  0.00231819
         289     1.25106     1.23754  0.00231064
         290     1.22507      1.2375  0.00230308
         291     1.22285     1.23745  0.00229571
         292     1.24493     1.23748  0.00228799
         293     1.26538     1.23757  0.00228217
         294     1.24339     1.23759  0.00227449
         295      1.2352     1.23758  0.00226679
         296     1.23734     1.23758  0.00225914
         297     1.23966     1.23759  0.00225154
         298     1.21882     1.23753  0.00224486
         299       1.217     1.23746  0.00223841
         300     1.23113     1.23744  0.00223104
         301     1.25275     1.23749  0.00222421
         302      1.2635     1.23757  0.00221851
         303     1.22903     1.23755  0.00221137
         304     1.19833     1.23742  0.00220786
         305     1.18958     1.23726  0.00220618
         306     1.23255     1.23724  0.00219902
         307     1.24772     1.23728  0.00219213
         308     1.24859     1.23732  0.00218532
         309     1.24051     1.23733  0.00217827
         310     1.24856     1.23736  0.00217154
         311     1.27576     1.23749  0.00216807
         312     1.27815     1.23762  0.00216503
         313     1.25854     1.23768  0.00215915
         314     1.25049     1.23772  0.00215266
         315     1.25112     1.23777  0.00214624
         316     1.23995     1.23777  0.00213946
         317     1.22627     1.23774  0.00213302
         318     1.20641     1.23764  0.00212859
         319     1.21034     1.23755  0.00212363
         320     1.21805     1.23749  0.00211787
         321     1.21774     1.23743  0.00211217
         322     1.22287     1.23739  0.00210609
         323     1.21211     1.23731  0.00210102
         324     1.21531     1.23724  0.00209564
         325     1.24018     1.23725  0.00208921
         326     1.25001     1.23729  0.00208316
         327     1.24613     1.23731  0.00207697
         328     1.22338     1.23727  0.00207107
         329     1.20715     1.23718   0.0020668
         330     1.20426     1.23708  0.00206294
         331     1.21633     1.23702  0.00205766
         332     1.21078     1.23694  0.00205298
         333     1.20595     1.23685  0.00204892
         334     1.19872     1.23673  0.00204597
         335     1.19778     1.23662  0.00204316
         336      1.2058     1.23652  0.00203914
         337     1.20725     1.23644  0.00203494
         338     1.21196     1.23636   0.0020302
         339     1.23523     1.23636  0.00202422
         340     1.24526     1.23639  0.00201843
         341     1.27102     1.23649  0.00201507
         342     1.27418      1.2366  0.00201219
         343     1.30559      1.2368  0.00201635
         344     1.31899     1.23704  0.00202459
         345     1.29928     1.23722  0.00202675
         346     1.28784     1.23737  0.00202616
         347     1.29773     1.23754  0.00202778
         348     1.26739     1.23763  0.00202376
         349     1.24596     1.23765  0.00201811
         350     1.24433     1.23767  0.00201243
         351     1.26429     1.23774  0.00200813
         352     1.27581     1.23785  0.00200533
         353     1.28884       1.238  0.00200484
         354     1.28509     1.23813  0.00200359
         355     1.26981     1.23822  0.00199993
         356     1.25056     1.23825  0.00199461
         357     1.26142     1.23832  0.00199008
         358     1.26751      1.2384  0.00198619
         359     1.25525     1.23845  0.00198122
         360      1.2618     1.23851  0.00197677
         361     1.27415     1.23861  0.00197376
         362      1.2619     1.23867  0.00196936
         363     1.25158     1.23871  0.00196425
         364     1.26658     1.23879  0.00196035
         365     1.28238     1.23891  0.00195861
         366     1.27215       1.239  0.00195537
         367     1.26025     1.23906   0.0019509
         368      1.2636     1.23912  0.00194673
         369      1.2761     1.23922  0.00194404
         370     1.27284     1.23931   0.0019409
         371     1.24366     1.23932  0.00193571
         372     1.23859     1.23932   0.0019305
         373     1.24166     1.23933  0.00192534
         374     1.23748     1.23932   0.0019202
         375     1.22765     1.23929  0.00191533
         376     1.23176     1.23927  0.00191034
         377     1.24931      1.2393  0.00190546
         378      1.2581     1.23935  0.00190107
         379     1.25749      1.2394  0.00189665
         380     1.22366     1.23936  0.00189211
         381     1.22996     1.23933  0.00188731
         382     1.21869     1.23928  0.00188314
         383     1.22923     1.23925  0.00187841
         384     1.24152     1.23926  0.00187352
         385     1.23017     1.23923  0.00186881
         386     1.21989     1.23918  0.00186464
         387     1.22266     1.23914  0.00186031
         388     1.21989     1.23909  0.00185617
         389     1.24075     1.23909  0.00185141
         390     1.25282     1.23913    0.001847
         391      1.2621     1.23919  0.00184321
         392     1.27523     1.23928   0.0018408
         393     1.27135     1.23936  0.00183792
         394     1.25796     1.23941  0.00183386
         395     1.24974     1.23944   0.0018294
         396     1.26131     1.23949  0.00182562
         397     1.25294     1.23952  0.00182133
         398     1.23404     1.23951  0.00181681
         399     1.22574     1.23948  0.00181258
         400     1.24264     1.23948  0.00180807
         401     1.24886     1.23951  0.00180371
         402      1.2322     1.23949  0.00179932
         403     1.23186     1.23947  0.00179495
         404     1.25045      1.2395  0.00179071
         405     1.26405     1.23956  0.00178732
         406     1.23955     1.23956  0.00178292
         407     1.23002     1.23954  0.00177869
         408     1.25265     1.23957  0.00177462
         409     1.26306     1.23962  0.00177121
         410     1.26665     1.23969  0.00176812
         411     1.23716     1.23968  0.00176383
         412     1.23181     1.23967  0.00175965
         413     1.23173     1.23965  0.00175549
         414     1.23635     1.23964  0.00175127
         415     1.24661     1.23965  0.00174713
         416     1.23409     1.23964  0.00174298
         417     1.23329     1.23963  0.00173887
         418     1.23645     1.23962  0.00173473
         419     1.24038     1.23962  0.00173059
         420     1.25176     1.23965  0.00172671
         421     1.26854     1.23972  0.00172397
         422     1.26471     1.23978   0.0017209
         423     1.26868     1.23985  0.00171819
         424     1.23998     1.23985  0.00171414
         425      1.2321     1.23983   0.0017102
         426      1.2424     1.23983   0.0017062
         427     1.23766     1.23983  0.00170221
         428     1.25623     1.23987  0.00169866
         429     1.25898     1.23991  0.00169529
         430     1.24586     1.23993   0.0016914
         431     1.25752     1.23997  0.00168797
         432     1.27546     1.24005  0.00168606
         433     1.30439      1.2402   0.0016887
         434     1.25953     1.24024   0.0016854
         435     1.26623      1.2403  0.00168258
         436     1.24501     1.24031  0.00167876
         437     1.24541     1.24032  0.00167496
         438     1.24855     1.24034  0.00167124
         439     1.25826     1.24038  0.00166793
         440     1.26689     1.24044  0.00166522
         441     1.25445     1.24048  0.00166175
         442     1.23655     1.24047  0.00165802
         443     1.21198      1.2404  0.00165552
         444     1.21406     1.24034  0.00165285
         445     1.23813     1.24034  0.00164915
         446     1.26454     1.24039  0.00164634
         447     1.26436     1.24045  0.00164353
         448     1.25817     1.24049  0.00164034
         449     1.25285     1.24051  0.00163692
         450     1.27121     1.24058   0.0016347
         451      1.2696     1.24065  0.00163234
         452     1.24259     1.24065  0.00162874
         453     1.23903     1.24065  0.00162514
         454     1.25025     1.24067   0.0016217
         455     1.25654      1.2407  0.00161851
         456     1.22961     1.24068  0.00161515
         457     1.21522     1.24062  0.00161257
         458     1.20025     1.24053  0.00161146
         459     1.21709     1.24048  0.00160876
         460     1.24225     1.24049  0.00160527
         461      1.2558     1.24052  0.00160213
         462     1.23257      1.2405  0.00159875
         463     1.22446     1.24047  0.00159567
         464     1.21995     1.24042  0.00159285
         465     1.21325     1.24037  0.00159049
         466     1.20185     1.24028  0.00158923
         467     1.21169     1.24022    0.001587
         468     1.22766     1.24019  0.00158384
         469     1.21353     1.24014  0.00158148
         470     1.21493     1.24008  0.00157903
         471     1.23151     1.24007  0.00157578
         472     1.25612      1.2401  0.00157281
         473     1.25831     1.24014  0.00156995
         474     1.25378     1.24017   0.0015669
         475     1.22603     1.24014  0.00156389
         476     1.20625     1.24007  0.00156222
         477     1.20822        1.24  0.00156037
         478     1.24113        1.24  0.00155711
         479     1.25766     1.24004   0.0015543
         480     1.27082      1.2401  0.00155238
         481     1.26664     1.24016  0.00155013
         482     1.23594     1.24015  0.00154694
         483     1.23892     1.24015  0.00154374
         484     1.24681     1.24016  0.00154061
         485     1.26412     1.24021  0.00153823
         486     1.25077     1.24023  0.00153522
         487     1.26321     1.24028  0.00153279
         488     1.26958     1.24034  0.00153082
         489     1.26448     1.24039  0.00152849
         490     1.26039     1.24043  0.00152591
         491     1.25761     1.24046  0.00152321
         492     1.23057     1.24044  0.00152024
         493     1.22366     1.24041  0.00151754
         494     1.22526     1.24038  0.00151478
         495     1.21652     1.24033  0.00151249
         496     1.21498     1.24028   0.0015103
         497     1.22403     1.24025  0.00150761
         498     1.24541     1.24026  0.00150462
         499     1.27465     1.24033  0.00150319
         500     1.26959     1.24039  0.00150132
         501     1.24928      1.2404  0.00149843
         502     1.25011     1.24042  0.00149557
         503     1.25456     1.24045  0.00149286
         504     1.25424     1.24048  0.00149015
         505     1.26031     1.24052  0.00148771
         506     1.26874     1.24057  0.00148582
         507     1.26881     1.24063  0.00148393
         508      1.2595     1.24067  0.00148147
         509     1.26426     1.24071  0.00147929
         510      1.2705     1.24077  0.00147754
         511      1.2533     1.24079  0.00147485
         512     1.23268     1.24078  0.00147206
         513     1.21252     1.24072  0.00147022
         514     1.20263     1.24065  0.00146922
         515     1.22012     1.24061  0.00146691
         516     1.24405     1.24062  0.00146408
         517     1.25586     1.24065  0.00146155
         518     1.24988     1.24066  0.00145884
         519     1.23747     1.24066  0.00145604
         520     1.23415     1.24065  0.00145329
         521     1.23742     1.24064  0.00145052
         522     1.24215     1.24064  0.00144774
         523     1.24323     1.24065  0.00144498
         524     1.23166     1.24063  0.00144232
         525     1.22614      1.2406  0.00143984
         526      1.2473     1.24061  0.00143716
         527     1.24074     1.24062  0.00143443
         528     1.25714     1.24065  0.00143206
         529     1.25735     1.24068   0.0014297
         530     1.23373     1.24066  0.00142706
         531     1.21149     1.24061  0.00142543
         532     1.22715     1.24058  0.00142298
         533     1.21944     1.24054  0.00142086
         534      1.1915     1.24045  0.00142116
         535     1.18959     1.24036  0.00142168
         536     1.21773     1.24032  0.00141966
         537     1.23956     1.24031  0.00141702
         538     1.25645     1.24034   0.0014147
         539     1.24061     1.24034  0.00141207
         540     1.21641      1.2403  0.00141016
         541     1.22904     1.24028   0.0014077
         542     1.25732     1.24031  0.00140546
         543     1.24293     1.24032  0.00140288
         544     1.22464     1.24029  0.00140059
         545     1.19208      1.2402  0.00140081
         546     1.19084     1.24011  0.00140116
         547     1.20518     1.24004  0.00140005
         548     1.21606        1.24  0.00139818
         549     1.22802     1.23998  0.00139581
         550      1.2556     1.24001  0.00139356
         551      1.2501     1.24003  0.00139115
         552     1.23207     1.24001   0.0013887
         553     1.21906     1.23997  0.00138671
         554     1.23126     1.23996  0.00138429
         555     1.23701     1.23995  0.00138181
         556     1.22439     1.23992  0.00137961
         557      1.2356     1.23992  0.00137715
         558     1.22399     1.23989  0.00137498
         559     1.19795     1.23981  0.00137457
         560     1.18823     1.23972  0.00137519
         561     1.19327     1.23964  0.00137523
         562     1.20174     1.23957  0.00137444
         563      1.2002      1.2395  0.00137377
         564     1.20666     1.23944  0.00137257
         565     1.21329      1.2394  0.00137092
         566     1.19353     1.23932   0.0013709
         567     1.21051     1.23926  0.00136942
         568     1.22921     1.23925  0.00136712
         569     1.22329     1.23922  0.00136501
         570     1.21246     1.23917  0.00136342
         571     1.21639     1.23913  0.00136161
         572     1.21098     1.23908  0.00136012
         573     1.19946     1.23901  0.00135951
         574     1.21884     1.23898  0.00135759
         575     1.21836     1.23894   0.0013557
         576     1.22379     1.23892  0.00135361
         577     1.21359     1.23887  0.00135197
         578     1.20024     1.23881  0.00135128
         579     1.19914     1.23874  0.00135069
         580     1.19583     1.23866  0.00135038
         581     1.19718     1.23859  0.00134994
         582     1.20683     1.23854  0.00134873
         583      1.2073     1.23848  0.00134748
         584     1.23454     1.23848  0.00134519
         585     1.26528     1.23852  0.00134367
         586      1.2933     1.23862  0.00134462
         587     1.28705      1.2387  0.00134486
         588     1.27249     1.23876   0.0013438
         589     1.27201     1.23881   0.0013427
         590     1.26857     1.23886  0.00134138
         591     1.27209     1.23892  0.00134028
         592     1.29697     1.23902   0.0013416
         593     1.31622     1.23915  0.00134564
         594     1.27358     1.23921  0.00134462
         595     1.26654     1.23925  0.00134315
         596     1.26393     1.23929  0.00134153
         597     1.27171     1.23935  0.00134038
         598     1.28245     1.23942  0.00134008
         599     1.27529     1.23948  0.00133918
         600     1.27517     1.23954  0.00133827
         601     1.27362     1.23959  0.00133724
         602     1.26666     1.23964  0.00133578
         603     1.27996     1.23971  0.00133523
         604     1.27357     1.23976   0.0013342
         605       1.276     1.23982  0.00133334
         606     1.28325     1.23989  0.00133306
         607     1.27508     1.23995  0.00133213
         608     1.27399     1.24001  0.00133111
         609     1.27366     1.24006  0.00133007
         610     1.26449      1.2401  0.00132849
         611     1.27018     1.24015  0.00132723
         612     1.27466     1.24021  0.00132626
         613     1.27941     1.24027  0.00132564
         614     1.30041     1.24037  0.00132709
         615     1.31631     1.24049  0.00133067
         616     1.30946     1.24061  0.00133321
         617     1.27081     1.24066  0.00133194
         618     1.25645     1.24068  0.00133003
         619      1.2832     1.24075  0.00132966
         620     1.27875     1.24081  0.00132893
         621     1.25181     1.24083   0.0013269
         622     1.22842     1.24081  0.00132492
         623     1.23295      1.2408  0.00132285
         624      1.2286     1.24078  0.00132088
         625      1.2268     1.24075  0.00131895
         626      1.2432     1.24076  0.00131685
         627      1.2393     1.24076  0.00131476
         628      1.2467     1.24077   0.0013127
         629     1.25767     1.24079  0.00131088
         630     1.23636     1.24079  0.00130882
         631     1.23128     1.24077  0.00130683
         632      1.2318     1.24076  0.00130484
         633     1.23055     1.24074  0.00130288
         634     1.22364     1.24071  0.00130111
         635     1.21257     1.24067  0.00129981
         636     1.21449     1.24063  0.00129842
         637     1.22007      1.2406  0.00129678
         638     1.21921     1.24056  0.00129518
         639     1.24357     1.24057  0.00129316
         640     1.25795     1.24059  0.00129143
         641     1.25384     1.24061  0.00128958
         642     1.23908     1.24061  0.00128757
         643     1.25663     1.24064  0.00128581
         644     1.26249     1.24067  0.00128426
         645     1.27384     1.24072   0.0012833
         646     1.27226     1.24077  0.00128224
         647     1.27733     1.24083   0.0012815
         648     1.29431     1.24091  0.00128218
         649     1.28635     1.24098  0.00128212
         650     1.25974     1.24101  0.00128047
         651     1.22039     1.24098  0.00127889
         652     1.21408     1.24094   0.0012776
         653     1.23401     1.24093  0.00127569
         654     1.23238     1.24091   0.0012738
         655     1.24417     1.24092  0.00127187
         656      1.2494     1.24093  0.00126999
         657     1.25317     1.24095   0.0012682
         658     1.23838     1.24094  0.00126628
         659     1.23598     1.24094  0.00126438
         660      1.2289     1.24092  0.00126259
         661     1.24327     1.24092  0.00126069
         662     1.27114     1.24097  0.00125961
         663     1.27769     1.24102  0.00125893
         664     1.26984     1.24107  0.00125778
         665     1.25155     1.24108  0.00125598
         666     1.25766     1.24111  0.00125435
         667      1.2436     1.24111  0.00125247
         668     1.18832     1.24103  0.00125309
         669      1.1675     1.24092  0.00125603
         670      1.1606      1.2408  0.00125986
         671     1.17137      1.2407  0.00126222
         672     1.18222     1.24061  0.00126334
         673     1.18732     1.24053  0.00126394
         674     1.19631     1.24047  0.00126377
         675     1.18922     1.24039  0.00126418
         676     1.19346     1.24032  0.00126421
         677     1.20771     1.24027  0.00126326
         678     1.21212     1.24023  0.00126208
         679     1.22916     1.24022  0.00126033
         680      1.2208     1.24019   0.0012588
         681     1.22095     1.24016  0.00125727
         682     1.21611     1.24012  0.00125592
         683     1.20479     1.24007  0.00125514
         684     1.20732     1.24002  0.00125422
         685     1.21614     1.23999  0.00125287
         686     1.21576     1.23995  0.00125155
         687     1.22679     1.23993  0.00124987
         688      1.2158      1.2399  0.00124855
         689     1.22054     1.23987  0.00124705
         690     1.20264     1.23982  0.00124641
         691     1.19661     1.23976  0.00124617
         692      1.2096     1.23971  0.00124513
         693      1.2094     1.23967  0.00124411
         694     1.21606     1.23963  0.00124278
         695     1.20814     1.23959  0.00124182
         696     1.20775     1.23954  0.00124087
         697     1.22327     1.23952  0.00123931
         698     1.21668     1.23949  0.00123797
         699     1.20948     1.23944  0.00123694
         700     1.22239     1.23942  0.00123542
         701     1.21641     1.23939  0.00123409
         702     1.21196     1.23935  0.00123295
         703     1.22045     1.23932  0.00123149
         704     1.24127     1.23932  0.00122974
         705     1.23658     1.23932    0.001228
         706     1.22958     1.23931  0.00122634
         707     1.23404      1.2393  0.00122463
         708     1.22016     1.23927   0.0012232
         709       1.202     1.23922   0.0012226
         710     1.20648     1.23917  0.00122175
         711       1.195     1.23911  0.00122161
         712     1.20161     1.23906  0.00122103
         713     1.21301     1.23902  0.00121986
         714     1.22551       1.239   0.0012183
         715     1.23497       1.239  0.00121661
         716     1.24032       1.239  0.00121491
         717     1.25189     1.23902  0.00121335
         718     1.26684     1.23906  0.00121228
         719     1.25828     1.23908  0.00121089
         720     1.28099     1.23914  0.00121061
         721     1.28592     1.23921  0.00121066
         722     1.26888     1.23925  0.00120968
         723     1.26902     1.23929  0.00120871
         724     1.24751      1.2393   0.0012071
         725      1.2294     1.23929  0.00120551
         726     1.22882     1.23927  0.00120393
         727     1.20691     1.23923   0.0012031
         728     1.20569     1.23918  0.00120233
         729     1.20596     1.23913  0.00120154
         730     1.22241     1.23911  0.00120011
         731     1.24743     1.23912  0.00119853
         732      1.2266     1.23911  0.00119701
         733     1.22509     1.23909  0.00119553
         734     1.23609     1.23908  0.00119391
         735     1.24438     1.23909  0.00119231
         736      1.2556     1.23911   0.0011909
         737     1.25129     1.23913   0.0011894
         738     1.22656     1.23911  0.00118791
         739     1.22303     1.23909   0.0011865
         740     1.23394     1.23908  0.00118492
         741     1.25017      1.2391  0.00118341
         742     1.26741     1.23914  0.00118243
         743     1.28403      1.2392  0.00118238
         744     1.29234     1.23927  0.00118295
         745      1.2998     1.23935  0.00118415
         746     1.31819     1.23946  0.00118727
         747     1.31199     1.23955  0.00118964
         748     1.26188     1.23958  0.00118843
         749     1.26445     1.23962   0.0011873
         750     1.25619     1.23964  0.00118593
         751     1.25821     1.23966  0.00118461
         752     1.23737     1.23966  0.00118303
         753     1.25652     1.23968  0.00118167
         754     1.27295     1.23973  0.00118093
         755     1.25853     1.23975  0.00117963
         756     1.25147     1.23977  0.00117817
         757     1.24417     1.23977  0.00117663
         758     1.22741     1.23976  0.00117519
         759     1.23869     1.23975  0.00117364
         760     1.25931     1.23978  0.00117238
         761     1.27827     1.23983  0.00117193
         762     1.29346      1.2399   0.0011725
         763       1.295     1.23997  0.00117319
         764     1.28808     1.24004  0.00117334
         765     1.28394     1.24009  0.00117321
         766      1.2798     1.24015  0.00117282
         767     1.29403     1.24022   0.0011734
         768     1.30835      1.2403  0.00117522
         769     1.30456     1.24039  0.00117665
         770     1.29257     1.24046  0.00117708
         771     1.27426      1.2405  0.00117637
         772     1.27101     1.24054  0.00117551
         773     1.28781      1.2406  0.00117557
         774     1.29344     1.24067  0.00117604
         775     1.28187     1.24072  0.00117572
         776     1.24827     1.24073  0.00117424
         777     1.24136     1.24073  0.00117273
         778     1.21986     1.24071  0.00117153
         779     1.22277     1.24068  0.00117026
         780     1.22905     1.24067  0.00116885
         781     1.23555     1.24066  0.00116737
         782     1.25072     1.24067  0.00116595
         783     1.25179     1.24069  0.00116455
         784     1.23947     1.24069  0.00116306
         785     1.25481      1.2407  0.00116172
         786     1.25303     1.24072  0.00116035
         787     1.23627     1.24071  0.00115889
         788     1.25319     1.24073  0.00115753
         789     1.26448     1.24076  0.00115645
         790     1.26122     1.24079  0.00115528
         791     1.24466     1.24079  0.00115383
         792     1.24052     1.24079  0.00115237
         793     1.24209     1.24079  0.00115092
         794     1.22136     1.24077  0.00114973
         795     1.22958     1.24075  0.00114837
         796     1.25427     1.24077  0.00114705
         797      1.2692     1.24081  0.00114617
         798     1.27001     1.24084  0.00114531
         799      1.2417     1.24084  0.00114388
         800     1.24316     1.24085  0.00114245
