           1     0.95136     0.95136 6.46209e-09
           2    0.962954    0.957157   0.0040991
           3     1.01021    0.974842   0.0146966
           4     1.08245     1.00174   0.0257739
           5     1.12342     1.02608   0.0299817
           6     1.12887     1.04321   0.0294759
           7     1.15646     1.05939   0.0293715
           8     1.15965     1.07192   0.0282474
           9     1.14934     1.08053   0.0263862
          10     1.13393     1.08587   0.0242821
          11     1.14827     1.09154   0.0227277
          12     1.16706     1.09783   0.0216876
          13      1.1641     1.10293   0.0206097
          14     1.16569     1.10741   0.0196191
          15     1.16592     1.11131   0.0186949
          16     1.16556      1.1147   0.0178312
          17     1.15175     1.11688    0.016915
          18     1.13603     1.11795   0.0160087
          19     1.13556     1.11887   0.0151929
          20     1.15186     1.12052   0.0145225
          21     1.16997     1.12288   0.0140206
          22     1.19139     1.12599   0.0137247
          23     1.18832      1.1287   0.0133928
          24     1.20082     1.13171   0.0131676
          25      1.2151     1.13504   0.0130566
          26     1.22751      1.1386   0.0130298
          27     1.20678     1.14112   0.0127895
          28     1.18897     1.14283   0.0124464
          29      1.1855      1.1443   0.0121039
          30     1.17925     1.14547   0.0117563
          31     1.20549     1.14741   0.0115354
          32     1.19906     1.14902   0.0112873
          33     1.20083     1.15059   0.0110539
          34     1.20922     1.15231   0.0108625
          35     1.22909     1.15451   0.0107713
          36     1.22547     1.15648   0.0106509
          37      1.2443     1.15885   0.0106242
          38       1.246     1.16115   0.0105893
          39     1.22238     1.16272   0.0104335
          40     1.22405     1.16425   0.0102847
          41     1.21888     1.16558   0.0101198
          42     1.21825     1.16684  0.00995626
          43     1.22028     1.16808    0.009802
          44     1.21528     1.16915  0.00963775
          45     1.19697     1.16977  0.00944339
          46     1.18869     1.17018  0.00924705
          47     1.20414      1.1709  0.00907848
          48     1.20977     1.17171  0.00892538
          49     1.18568       1.172  0.00874778
          50     1.15962     1.17175  0.00857632
          51     1.16257     1.17157  0.00841005
          52     1.15094     1.17117  0.00825767
          53      1.1544     1.17086  0.00810793
          54     1.17666     1.17096   0.0079585
          55     1.21041     1.17168  0.00784604
          56     1.18014     1.17183  0.00770738
          57     1.18088     1.17199   0.0075738
          58     1.20266     1.17252  0.00746165
          59     1.19105     1.17283  0.00734179
          60     1.17815     1.17292  0.00721996
          61     1.17983     1.17304  0.00710249
          62     1.18576     1.17324  0.00699089
          63     1.17999     1.17335  0.00688075
          64     1.18286      1.1735  0.00677484
          65     1.20302     1.17395  0.00668582
          66     1.20181     1.17437  0.00659783
          67     1.18491     1.17453  0.00650123
          68      1.1991     1.17489  0.00641565
          69     1.20186     1.17528  0.00633456
          70     1.20297     1.17568  0.00625641
          71     1.20136     1.17604  0.00617874
          72     1.20072     1.17638  0.00610243
          73     1.21345     1.17689  0.00603993
          74     1.21714     1.17743  0.00598275
          75      1.2083     1.17785  0.00591712
          76     1.19415     1.17806  0.00584315
          77     1.16911     1.17794  0.00576842
          78      1.1733     1.17788  0.00569477
          79     1.18419     1.17796  0.00562324
          80     1.19012     1.17812  0.00555501
          81     1.20038     1.17839  0.00549322
          82     1.19382     1.17858  0.00542945
          83     1.16267     1.17839  0.00536742
          84     1.14588       1.178  0.00531746
          85     1.15297     1.17771  0.00526305
          86     1.17296     1.17765  0.00520214
          87     1.18742     1.17776  0.00514356
          88     1.18567     1.17785  0.00508589
          89     1.17919     1.17787  0.00502877
          90     1.19761     1.17809  0.00497768
          91     1.22301     1.17858  0.00494739
          92     1.21453     1.17897  0.00490902
          93     1.20786     1.17928  0.00486605
          94     1.20059     1.17951  0.00481956
          95     1.19786      1.1797   0.0047727
          96     1.21296     1.18005  0.00473554
          97     1.22173     1.18048  0.00470618
          98     1.20862     1.18077  0.00466691
          99     1.18642     1.18082  0.00462012
         100     1.19377     1.18095  0.00457573
         101     1.18699     1.18101  0.00453082
         102     1.18555     1.18106  0.00448662
         103     1.18817     1.18113  0.00444359
         104     1.19461     1.18126  0.00440275
         105     1.20116     1.18144   0.0043649
         106     1.18775      1.1815  0.00432413
         107     1.18543     1.18154  0.00428387
         108     1.19329     1.18165  0.00424559
         109     1.19814      1.1818  0.00420933
         110     1.20146     1.18198  0.00417486
         111     1.20578     1.18219  0.00414275
         112     1.19458     1.18231  0.00410724
         113     1.17006      1.1822  0.00407232
         114     1.17088      1.1821  0.00403781
         115     1.17679     1.18205  0.00400296
         116     1.18398     1.18207  0.00396849
         117     1.18154     1.18206  0.00393457
         118     1.20208     1.18223  0.00390488
         119     1.20588     1.18243  0.00387712
         120     1.20213      1.1826  0.00384828
         121     1.22023     1.18291  0.00382903
         122     1.22127     1.18322  0.00381053
         123     1.23132     1.18361  0.00379956
         124     1.21475     1.18386  0.00377721
         125     1.20682     1.18405  0.00375145
         126     1.22761     1.18439  0.00373758
         127     1.21913     1.18467  0.00371814
         128     1.21268     1.18489  0.00369553
         129     1.18225     1.18486  0.00366694
         130     1.17748     1.18481  0.00363917
         131     1.18124     1.18478  0.00361149
         132     1.17511     1.18471  0.00358488
         133     1.17737     1.18465  0.00355835
         134     1.19467     1.18473  0.00353258
         135     1.20112     1.18485   0.0035085
         136      1.2119     1.18505  0.00348833
         137     1.19511     1.18512  0.00346364
         138     1.20431     1.18526  0.00344133
         139     1.20941     1.18543  0.00342096
         140     1.20438     1.18557   0.0033992
         141     1.21585     1.18578  0.00338187
         142     1.22196     1.18604  0.00336764
         143     1.19985     1.18614  0.00334547
         144     1.20721     1.18628  0.00332544
         145     1.19633     1.18635  0.00330323
         146     1.18294     1.18633  0.00328068
         147     1.19172     1.18636  0.00325857
         148     1.19629     1.18643  0.00323724
         149     1.20132     1.18653  0.00321706
         150     1.20062     1.18662  0.00319698
         151     1.18201     1.18659  0.00317596
         152     1.15406     1.18638  0.00316227
         153     1.15212     1.18616  0.00314952
         154     1.18059     1.18612  0.00312927
         155     1.20614     1.18625  0.00311175
         156     1.20176     1.18635  0.00309339
         157     1.18907     1.18637  0.00307373
         158     1.17936     1.18632   0.0030546
         159     1.17581     1.18626   0.0030361
         160     1.17237     1.18617  0.00301837
         161     1.14839     1.18593  0.00300873
         162     1.15368     1.18574  0.00299673
         163     1.17662     1.18568  0.00297887
         164     1.18908      1.1857  0.00296078
         165     1.17058     1.18561  0.00294425
         166     1.15893     1.18545   0.0029309
         167      1.1739     1.18538  0.00291416
         168     1.17164      1.1853  0.00289797
         169     1.16431     1.18517  0.00288348
         170     1.15534       1.185  0.00287185
         171     1.14815     1.18478  0.00286313
         172      1.1478     1.18457  0.00285454
         173     1.16406     1.18445   0.0028405
         174      1.1729     1.18438  0.00282495
         175     1.18392     1.18438  0.00280881
         176     1.20954     1.18452  0.00279649
         177     1.21043     1.18467  0.00278452
         178     1.19233     1.18471  0.00276921
         179     1.17975     1.18468  0.00275388
         180     1.15305     1.18451  0.00274418
         181     1.15124     1.18432  0.00273516
         182     1.15745     1.18418  0.00272412
         183     1.15435     1.18401   0.0027141
         184     1.15461     1.18385  0.00270405
         185     1.16094     1.18373  0.00269227
         186     1.17175     1.18367  0.00267857
         187     1.16688     1.18358  0.00266575
         188     1.16308     1.18347  0.00265379
         189     1.16511     1.18337  0.00264153
         190     1.17018      1.1833  0.00262854
         191     1.17446     1.18325  0.00261518
         192     1.17792     1.18323  0.00260171
         193     1.16759     1.18315  0.00258949
         194     1.15843     1.18302  0.00257928
         195     1.14406     1.18282  0.00257378
         196     1.14753     1.18264  0.00256693
         197     1.15649     1.18251  0.00255733
         198     1.16543     1.18242  0.00254587
         199     1.17933      1.1824  0.00253312
         200      1.1765     1.18237  0.00252063
         201     1.18481     1.18239  0.00250812
         202     1.18455      1.1824  0.00249573
         203     1.19759     1.18247  0.00248455
         204     1.20105     1.18256  0.00247404
         205     1.18995      1.1826  0.00246224
         206     1.22922     1.18282  0.00246066
         207     1.24451     1.18312  0.00246675
         208     1.22089      1.1833  0.00246157
         209     1.22734     1.18352  0.00245879
         210     1.24158     1.18379  0.00246258
         211     1.23768     1.18405  0.00246412
         212     1.20826     1.18416  0.00245514
         213     1.17802     1.18413  0.00244378
         214       1.155       1.184  0.00243615
         215     1.14168      1.1838  0.00243276
         216     1.15118     1.18365  0.00242618
         217     1.15057      1.1835  0.00241978
         218       1.148     1.18333  0.00241415
         219     1.15721     1.18321  0.00240607
         220     1.16485     1.18313  0.00239658
         221     1.18246     1.18313  0.00238574
         222     1.17222     1.18308   0.0023755
         223     1.15709     1.18296   0.0023677
         224     1.15486     1.18284  0.00236046
         225      1.1572     1.18272  0.00235271
         226     1.17823      1.1827  0.00234239
         227     1.21145     1.18283  0.00233549
         228      1.2121     1.18296  0.00232877
         229     1.19476     1.18301  0.00231917
         230     1.17919     1.18299  0.00230915
         231     1.17457     1.18296  0.00229944
         232     1.17583     1.18293  0.00228973
         233     1.18838     1.18295  0.00228003
         234      1.1725      1.1829  0.00227072
         235     1.18086      1.1829  0.00226107
         236     1.19857     1.18296  0.00225247
         237     1.19329     1.18301  0.00224339
         238     1.17714     1.18298   0.0022341
         239      1.2003     1.18305  0.00222592
         240     1.20955     1.18316  0.00221938
         241     1.18289     1.18316  0.00221018
         242     1.18643     1.18318  0.00220108
         243     1.19734     1.18323   0.0021928
         244     1.18826     1.18325  0.00218391
         245      1.1799     1.18324  0.00217504
         246     1.19257     1.18328  0.00216653
         247     1.18955      1.1833   0.0021579
         248     1.17159     1.18326  0.00214972
         249     1.18756     1.18327  0.00214115
         250     1.20465     1.18336   0.0021343
         251     1.19433      1.1834  0.00212624
         252     1.17231     1.18336  0.00211826
         253     1.18067     1.18335  0.00210991
         254     1.19153     1.18338  0.00210185
         255     1.18755      1.1834  0.00209367
         256     1.19279     1.18343  0.00208582
         257     1.19717     1.18349  0.00207838
         258     1.20031     1.18355  0.00207135
         259     1.20728     1.18364  0.00206538
         260     1.20341     1.18372  0.00205883
         261      1.1712     1.18367   0.0020515
         262     1.17171     1.18363  0.00204418
         263     1.18493     1.18363  0.00203641
         264     1.19136     1.18366  0.00202891
         265     1.18927     1.18368  0.00202136
         266     1.18851      1.1837  0.00201385
         267     1.16902     1.18365  0.00200706
         268     1.16425     1.18357  0.00200087
         269     1.16409      1.1835  0.00199474
         270     1.16475     1.18343  0.00198856
         271     1.15971     1.18334  0.00198315
         272     1.15603     1.18324   0.0019784
         273      1.1578     1.18315  0.00197335
         274     1.14336       1.183  0.00197148
         275     1.13176     1.18282   0.0019731
         276     1.13624     1.18265  0.00197316
         277     1.14478     1.18251  0.00197077
         278     1.13978     1.18236  0.00196966
         279     1.15945     1.18228  0.00196431
         280      1.1775     1.18226  0.00195737
         281     1.19905     1.18232  0.00195132
         282      1.1917     1.18235  0.00194468
         283     1.19348     1.18239  0.00193821
         284     1.19306     1.18243  0.00193175
         285     1.20292      1.1825   0.0019263
         286      1.2062     1.18258  0.00192135
         287     1.20833     1.18267  0.00191675
         288      1.2226     1.18281   0.0019151
         289     1.21977     1.18294  0.00191274
         290     1.19488     1.18298  0.00190659
         291     1.17594     1.18296  0.00190019
         292     1.17211     1.18292  0.00189404
         293     1.17426     1.18289  0.00188781
         294     1.16801     1.18284  0.00188207
         295     1.17723     1.18282  0.00187578
         296     1.17484     1.18279  0.00186964
         297     1.19533     1.18284  0.00186382
         298     1.18857     1.18286  0.00185767
         299     1.17276     1.18282  0.00185176
         300     1.18025     1.18281  0.00184561
         301     1.17075     1.18277  0.00183991
         302     1.15474     1.18268  0.00183616
         303       1.151     1.18258  0.00183307
         304     1.17027     1.18254  0.00182749
         305        1.19     1.18256  0.00182166
         306     1.19876     1.18261  0.00181648
         307       1.216     1.18272  0.00181381
         308     1.20515     1.18279  0.00180939
         309     1.19487     1.18283  0.00180395
         310     1.17716     1.18282  0.00179823
         311     1.17942      1.1828  0.00179248
         312       1.172     1.18277  0.00178707
         313     1.16828     1.18272  0.00178196
         314     1.21096     1.18281  0.00177855
         315     1.23232     1.18297  0.00177983
         316     1.21471     1.18307  0.00177703
         317     1.20635     1.18314  0.00177294
         318     1.21079     1.18323   0.0017695
         319     1.19282     1.18326  0.00176421
         320     1.19256     1.18329  0.00175893
         321     1.20903     1.18337  0.00175528
         322     1.22371      1.1835  0.00175429
         323     1.21834      1.1836  0.00175217
         324      1.2028     1.18366  0.00174777
         325     1.22434     1.18379  0.00174686
         326     1.24081     1.18396  0.00175024
         327     1.22675     1.18409  0.00174977
         328     1.20006     1.18414  0.00174512
         329     1.19677     1.18418  0.00174023
         330     1.18759     1.18419  0.00173499
         331     1.19417     1.18422  0.00173001
         332     1.20818     1.18429   0.0017263
         333     1.21292     1.18438  0.00172326
         334     1.21762     1.18448  0.00172097
         335     1.21959     1.18458  0.00171902
         336     1.20886     1.18466  0.00171542
         337     1.21155     1.18474  0.00171219
         338     1.23059     1.18487  0.00171249
         339      1.2345     1.18502  0.00171368
         340     1.21172      1.1851  0.00171044
         341     1.18279     1.18509  0.00170544
         342      1.1643     1.18503  0.00170154
         343     1.17358       1.185   0.0016969
         344     1.19347     1.18502  0.00169215
         345     1.20072     1.18507  0.00168785
         346     1.20918     1.18514  0.00168441
         347     1.21778     1.18523  0.00168219
         348     1.19947     1.18527  0.00167785
         349     1.18162     1.18526  0.00167307
         350     1.17864     1.18524   0.0016684
         351     1.19554     1.18527  0.00166391
         352     1.20884     1.18534  0.00166053
         353     1.21571     1.18542  0.00165805
         354       1.206     1.18548  0.00165438
         355     1.18781     1.18549  0.00164974
         356     1.17415     1.18546  0.00164541
         357     1.16719     1.18541   0.0016416
         358     1.18111     1.18539  0.00163706
         359     1.18942      1.1854  0.00163253
         360     1.16739     1.18535  0.00162877
         361     1.15506     1.18527  0.00162641
         362     1.14096     1.18515  0.00162652
         363     1.15731     1.18507  0.00162385
         364     1.17504     1.18504  0.00161962
         365     1.18247     1.18504   0.0016152
         366     1.20525     1.18509  0.00161173
         367     1.18111     1.18508  0.00160737
         368     1.17053     1.18504  0.00160349
         369     1.15549     1.18496  0.00160115
         370     1.17117     1.18492  0.00159725
         371     1.18706     1.18493  0.00159296
         372     1.18317     1.18493  0.00158868
         373     1.17999     1.18491  0.00158448
         374     1.18886     1.18492  0.00158028
         375     1.20853     1.18499  0.00157732
         376     1.19609     1.18502   0.0015734
         377     1.14473     1.18491  0.00157285
         378     1.14419      1.1848  0.00157237
         379     1.15152     1.18471  0.00157067
         380     1.14402     1.18461  0.00157019
         381     1.14069     1.18449  0.00157029
         382     1.15103      1.1844  0.00156862
         383     1.15806     1.18433  0.00156603
         384     1.17746     1.18432  0.00156206
         385     1.19382     1.18434  0.00155819
         386     1.20515     1.18439  0.00155509
         387     1.17805     1.18438  0.00155116
         388     1.14006     1.18426  0.00155136
         389     1.12987     1.18412  0.00155366
         390     1.13802     1.18401  0.00155417
         391     1.14799     1.18391  0.00155292
         392     1.16667     1.18387  0.00154958
         393     1.19623      1.1839  0.00154596
         394     1.18063     1.18389  0.00154206
         395     1.15631     1.18382  0.00153973
         396     1.14427     1.18372  0.00153908
         397     1.16323     1.18367  0.00153607
         398     1.19964     1.18371  0.00153273
         399      1.2048     1.18377   0.0015298
         400     1.17702     1.18375  0.00152607
         401     1.16881     1.18371  0.00152272
         402     1.17514     1.18369  0.00151908
         403     1.16127     1.18363  0.00151633
         404     1.16265     1.18358  0.00151347
         405     1.16315     1.18353  0.00151057
         406     1.17363     1.18351  0.00150705
         407     1.17816     1.18349   0.0015034
         408     1.20721     1.18355  0.00150084
         409     1.23161     1.18367  0.00150176
         410     1.21979     1.18376  0.00150068
         411     1.19934      1.1838  0.00149751
         412     1.16562     1.18375  0.00149452
         413      1.1506     1.18367  0.00149306
         414     1.18091     1.18366  0.00148947
         415     1.17789     1.18365  0.00148594
         416     1.16081      1.1836  0.00148339
         417     1.16925     1.18356  0.00148023
         418     1.18242     1.18356  0.00147669
         419     1.18543     1.18356  0.00147317
         420     1.19513     1.18359  0.00146992
         421     1.19579     1.18362  0.00146672
         422     1.19158     1.18364  0.00146336
         423     1.20471     1.18369  0.00146075
         424     1.22509     1.18379  0.00146056
         425      1.2241     1.18388   0.0014602
         426     1.18685     1.18389  0.00145679
         427       1.178     1.18387  0.00145345
         428     1.20945     1.18393  0.00145128
         429     1.21547     1.18401  0.00144976
         430      1.1936     1.18403  0.00144656
         431     1.19368     1.18405  0.00144337
         432     1.19331     1.18407  0.00144019
         433     1.17934     1.18406  0.00143691
         434     1.16364     1.18402  0.00143437
         435     1.17485     1.18399  0.00143122
         436     1.17012     1.18396  0.00142829
         437     1.18339     1.18396  0.00142503
         438     1.19424     1.18398  0.00142197
         439      1.1846     1.18399  0.00141873
         440     1.18611     1.18399  0.00141551
         441     1.18221     1.18399  0.00141231
         442     1.16551     1.18395  0.00140973
         443     1.17969     1.18394  0.00140658
         444     1.19547     1.18396  0.00140365
         445     1.21847     1.18404  0.00140264
         446     1.23235     1.18415  0.00140367
         447      1.2066      1.1842  0.00140143
         448     1.18708      1.1842  0.00139832
         449      1.1699     1.18417  0.00139557
         450     1.16087     1.18412  0.00139342
         451     1.17802     1.18411   0.0013904
         452     1.21889     1.18418  0.00138945
         453     1.21565     1.18425  0.00138812
         454     1.20172     1.18429   0.0013856
         455      1.2019     1.18433  0.00138309
         456     1.20649     1.18438  0.00138091
         457     1.21651     1.18445  0.00137968
         458     1.20816      1.1845  0.00137764
         459     1.20248     1.18454  0.00137519
         460       1.192     1.18456   0.0013723
         461     1.18946     1.18457  0.00136936
         462     1.18157     1.18456  0.00136641
         463     1.17765     1.18455  0.00136354
         464     1.17428     1.18452  0.00136079
         465     1.17224      1.1845  0.00135812
         466     1.18211     1.18449  0.00135521
         467     1.18623      1.1845  0.00135231
         468     1.19361     1.18452  0.00134956
         469     1.20207     1.18455  0.00134721
         470     1.22576     1.18464  0.00134719
         471     1.23706     1.18475  0.00134892
         472     1.24654     1.18488   0.0013524
         473     1.22887     1.18498  0.00135273
         474     1.20627     1.18502  0.00135062
         475     1.19407     1.18504  0.00134791
         476     1.18187     1.18503   0.0013451
         477     1.16245     1.18499  0.00134311
         478     1.14752     1.18491  0.00134259
         479     1.15378     1.18484  0.00134136
         480     1.17311     1.18482  0.00133878
         481     1.19429     1.18484  0.00133615
         482     1.20949     1.18489  0.00133435
         483     1.19565     1.18491  0.00133178
         484     1.18077      1.1849  0.00132905
         485     1.16714     1.18487  0.00132682
         486     1.17163     1.18484  0.00132437
         487      1.1766     1.18482  0.00132175
         488     1.17575      1.1848  0.00131918
         489     1.18099      1.1848   0.0013165
         490     1.18281     1.18479  0.00131382
         491     1.19785     1.18482  0.00131141
         492     1.21973     1.18489  0.00131067
         493     1.24279     1.18501  0.00131326
         494     1.23853     1.18511  0.00131506
         495      1.2188     1.18518  0.00131417
         496     1.21421     1.18524  0.00131282
         497     1.22553     1.18532  0.00131268
         498     1.23535     1.18542  0.00131388
         499     1.23951     1.18553  0.00131571
         500     1.24487     1.18565  0.00131842
         501     1.24893     1.18578  0.00132183
         502     1.22085     1.18585  0.00132104
         503     1.20528     1.18588  0.00131898
         504     1.20561     1.18592  0.00131694
         505     1.20779     1.18597  0.00131504
         506      1.2255     1.18604  0.00131476
         507      1.2289     1.18613  0.00131489
         508     1.22696     1.18621  0.00131475
         509     1.23035      1.1863  0.00131503
         510     1.23326     1.18639  0.00131567
         511     1.22292     1.18646  0.00131503
         512      1.2028     1.18649  0.00131285
         513     1.20097     1.18652   0.0013106
         514     1.20601     1.18656   0.0013086
         515     1.21425     1.18661  0.00130716
         516     1.21479     1.18667  0.00130577
         517     1.21273     1.18672  0.00130421
         518     1.19436     1.18673  0.00130178
         519     1.19661     1.18675  0.00129941
         520     1.21326      1.1868  0.00129791
         521      1.2313     1.18689  0.00129823
         522     1.22825     1.18697  0.00129815
         523     1.20276       1.187  0.00129602
         524     1.18882       1.187  0.00129355
         525     1.17924     1.18699  0.00129118
         526     1.18838     1.18699  0.00128872
         527     1.21158     1.18703  0.00128712
         528     1.22365      1.1871  0.00128655
         529     1.20477     1.18714  0.00128455
         530     1.24326     1.18724  0.00128649
         531     1.27226      1.1874  0.00129399
         532     1.27419     1.18757   0.0013018
         533      1.2528     1.18769   0.0013051
         534     1.22673     1.18776   0.0013047
         535     1.22129     1.18782  0.00130376
         536     1.20608     1.18786  0.00130178
         537     1.20458     1.18789  0.00129973
         538     1.19895     1.18791  0.00129747
         539     1.20459     1.18794  0.00129543
         540     1.20724     1.18798  0.00129353
         541     1.21638     1.18803   0.0012922
         542     1.23147     1.18811   0.0012923
         543     1.23249     1.18819   0.0012925
         544     1.25205     1.18831  0.00129545
         545     1.24085     1.18841  0.00129665
         546     1.21978     1.18846  0.00129555
         547     1.20919      1.1885  0.00129373
         548     1.22077     1.18856  0.00129271
         549     1.24885     1.18867  0.00129501
         550     1.27231     1.18882  0.00130156
         551       1.252     1.18894  0.00130424
         552     1.22403       1.189  0.00130342
         553     1.20523     1.18903   0.0013014
         554     1.21568     1.18908  0.00129994
         555     1.21764     1.18913  0.00129861
         556      1.2112     1.18917  0.00129688
         557      1.2006     1.18919  0.00129472
         558     1.19904     1.18921  0.00129252
         559      1.1955     1.18922  0.00129025
         560     1.18575     1.18921  0.00128796
         561     1.17794     1.18919  0.00128583
         562     1.17599     1.18917  0.00128375
         563     1.19454     1.18918  0.00128151
         564     1.22668     1.18924  0.00128096
         565     1.23499     1.18932  0.00128125
         566     1.20812     1.18936  0.00127941
         567     1.19957     1.18938  0.00127729
         568     1.22481     1.18944  0.00127656
         569     1.22193      1.1895  0.00127559
         570     1.20889     1.18953  0.00127381
         571     1.18259     1.18952  0.00127163
         572     1.17262     1.18949  0.00126975
         573     1.18124     1.18947  0.00126762
         574     1.20936     1.18951  0.00126589
         575     1.21304     1.18955  0.00126435
         576     1.21363     1.18959  0.00126284
         577     1.20234     1.18961  0.00126085
         578     1.19882     1.18963  0.00125877
         579     1.18751     1.18963   0.0012566
         580     1.16677     1.18959  0.00125505
         581     1.18239     1.18957  0.00125295
         582      1.1998     1.18959  0.00125092
         583     1.20948     1.18963  0.00124924
         584     1.21375     1.18967  0.00124778
         585     1.19107     1.18967  0.00124565
         586     1.17614     1.18965  0.00124374
         587      1.1643      1.1896  0.00124237
         588     1.16857     1.18957  0.00124077
         589     1.20784      1.1896  0.00123905
         590     1.23513     1.18967  0.00123935
         591     1.22342     1.18973  0.00123857
         592     1.24064     1.18982  0.00123946
         593     1.24289     1.18991   0.0012406
         594     1.22773     1.18997  0.00124014
         595     1.18861     1.18997  0.00123806
         596     1.18361     1.18996  0.00123603
         597     1.20963     1.18999   0.0012344
         598     1.21953     1.19004  0.00123332
         599     1.24005     1.19012  0.00123408
         600     1.26087     1.19024  0.00123765
         601     1.25674     1.19035  0.00124052
         602     1.25737     1.19046  0.00124345
         603     1.24658     1.19056  0.00124486
         604      1.2337     1.19063  0.00124485
         605     1.22211     1.19068  0.00124388
         606     1.20922     1.19071   0.0012422
         607     1.20886     1.19074  0.00124052
         608     1.22191     1.19079  0.00123954
         609     1.23308     1.19086  0.00123944
         610     1.23657     1.19094  0.00123968
         611     1.23308     1.19101  0.00123956
         612     1.23851     1.19108  0.00123997
         613     1.24528     1.19117  0.00124109
         614     1.22511     1.19123   0.0012403
         615     1.20322     1.19125  0.00123844
         616     1.18888     1.19124  0.00123643
         617     1.20972     1.19127  0.00123479
         618     1.23898     1.19135   0.0012352
         619     1.23177     1.19142  0.00123493
         620     1.20262     1.19143  0.00123307
         621      1.1831     1.19142  0.00123116
         622     1.19456     1.19142  0.00122919
         623     1.21578     1.19146  0.00122784
         624     1.19993     1.19148  0.00122595
         625     1.19168     1.19148  0.00122399
         626      1.1912     1.19148  0.00122203
         627     1.19893     1.19149  0.00122014
         628     1.24289     1.19157  0.00122094
         629     1.24657     1.19166  0.00122213
         630     1.23517     1.19173  0.00122214
         631     1.22774     1.19178  0.00122153
         632     1.22991     1.19184  0.00122109
         633     1.22185     1.19189  0.00122008
         634     1.24707     1.19198  0.00122125
         635     1.25621     1.19208  0.00122351
         636     1.24048     1.19216  0.00122395
         637     1.21244     1.19219  0.00122244
         638     1.18583     1.19218  0.00122057
         639     1.20257     1.19219  0.00121877
         640     1.22269     1.19224  0.00121779
         641     1.21388     1.19228  0.00121636
         642     1.19866     1.19229  0.00121451
         643     1.20881     1.19231  0.00121289
         644     1.19207     1.19231  0.00121101
         645     1.16933     1.19228  0.00120965
         646     1.17447     1.19225  0.00120809
         647     1.17165     1.19222  0.00120665
         648     1.16838     1.19218  0.00120534
         649     1.19179     1.19218  0.00120349
         650     1.20801      1.1922  0.00120188
         651     1.19614     1.19221  0.00120005
         652     1.18056     1.19219  0.00119834
         653     1.16994     1.19216  0.00119699
         654     1.15388      1.1921  0.00119659
         655     1.14224     1.19202  0.00119718
         656      1.1509     1.19196    0.001197
         657     1.15253      1.1919  0.00119668
         658     1.15994     1.19185  0.00119585
         659     1.17064     1.19182  0.00119447
         660     1.17737      1.1918  0.00119286
         661     1.16729     1.19176  0.00119163
         662     1.18035     1.19174  0.00118995
         663     1.19383     1.19175  0.00118816
         664     1.17963     1.19173  0.00118651
         665     1.16228     1.19168  0.00118556
         666     1.16133     1.19164  0.00118465
         667     1.16773      1.1916  0.00118342
         668     1.16205     1.19156  0.00118247
         669     1.17451     1.19153  0.00118098
         670     1.19013     1.19153  0.00117922
         671     1.15965     1.19148  0.00117842
         672     1.15883     1.19143  0.00117767
         673     1.16631      1.1914  0.00117651
         674     1.16961     1.19136  0.00117521
         675     1.17538     1.19134   0.0011737
         676     1.16715     1.19131  0.00117251
         677     1.16144     1.19126  0.00117161
         678     1.19606     1.19127   0.0011699
         679     1.20958      1.1913  0.00116849
         680     1.19706      1.1913   0.0011668
         681     1.19231     1.19131  0.00116509
         682     1.17796     1.19129  0.00116355
         683     1.15675     1.19124  0.00116294
         684     1.15828     1.19119  0.00116224
         685     1.17452     1.19116   0.0011608
         686     1.16361     1.19112   0.0011598
         687     1.14274     1.19105  0.00116025
         688     1.14627     1.19099  0.00116039
         689     1.14181     1.19092   0.0011609
         690     1.12136     1.19081  0.00116358
         691     1.13066     1.19073  0.00116515
         692     1.14562     1.19066  0.00116529
         693     1.15466     1.19061  0.00116476
         694      1.1484     1.19055  0.00116467
         695     1.14774     1.19049  0.00116462
         696     1.15967     1.19044  0.00116379
         697      1.1725     1.19042  0.00116241
         698     1.15644     1.19037  0.00116176
         699     1.16508     1.19033  0.00116066
         700      1.1678      1.1903  0.00115945
         701     1.17204     1.19027  0.00115809
         702     1.17672     1.19026   0.0011566
         703     1.18237     1.19024  0.00115501
         704     1.18998     1.19024  0.00115337
         705      1.2121     1.19027  0.00115215
         706     1.21547     1.19031  0.00115107
         707     1.20422     1.19033  0.00114961
         708     1.21058     1.19036  0.00114834
         709     1.21801      1.1904  0.00114738
         710     1.23416     1.19046  0.00114742
         711     1.24334     1.19053  0.00114822
         712     1.22478     1.19058  0.00114761
         713      1.2386     1.19065  0.00114797
         714     1.24736     1.19073  0.00114911
         715     1.21464     1.19076  0.00114799
         716     1.17004     1.19073  0.00114675
         717     1.17007      1.1907  0.00114551
         718     1.17489     1.19068  0.00114413
         719     1.20405      1.1907  0.00114269
         720     1.21886     1.19074  0.00114177
         721      1.2094     1.19077  0.00114048
         722     1.21087     1.19079  0.00113924
         723     1.23152     1.19085  0.00113906
         724     1.26583     1.19095  0.00114218
         725     1.27699     1.19107  0.00114676
         726     1.25956     1.19117  0.00114905
         727     1.23157     1.19122  0.00114881
         728     1.22224     1.19127  0.00114802
         729     1.22367     1.19131  0.00114731
         730     1.22114     1.19135  0.00114647
         731     1.19519     1.19136  0.00114491
         732     1.18426     1.19135  0.00114339
         733     1.18559     1.19134  0.00114185
         734     1.19567     1.19134  0.00114031
         735     1.21124     1.19137  0.00113908
         736     1.20282     1.19139  0.00113764
         737     1.19513     1.19139  0.00113611
         738     1.19151     1.19139  0.00113457
         739     1.19101     1.19139  0.00113303
         740     1.20914     1.19142  0.00113176
         741     1.21438     1.19145  0.00113065
         742     1.17413     1.19142  0.00112937
         743     1.16976     1.19139  0.00112823
         744     1.17084     1.19137  0.00112705
         745     1.16982     1.19134  0.00112591
         746     1.19547     1.19134  0.00112441
         747     1.22161     1.19138  0.00112364
         748     1.20815     1.19141  0.00112236
         749     1.19379     1.19141  0.00112086
         750     1.20429     1.19143   0.0011195
         751     1.21853     1.19146  0.00111859
         752     1.21922      1.1915  0.00111771
         753     1.21636     1.19153  0.00111672
         754     1.20574     1.19155  0.00111539
         755     1.20976     1.19158  0.00111418
         756     1.21865     1.19161  0.00111328
         757     1.25812      1.1917  0.00111527
         758     1.29575     1.19184  0.00112221
         759     1.30947     1.19199  0.00113139
         760     1.30665     1.19214  0.00113991
         761     1.30097     1.19228  0.00114735
         762     1.29203     1.19242  0.00115329
         763     1.31828     1.19258  0.00116351
         764     1.30913     1.19273  0.00117195
         765     1.25096     1.19281  0.00117289
         766     1.23696     1.19287  0.00117277
         767     1.24075     1.19293   0.0011729
         768     1.27317     1.19303  0.00117602
         769      1.3001     1.19317   0.0011827
         770     1.29646     1.19331  0.00118875
         771     1.27441     1.19341  0.00119185
         772     1.26588     1.19351    0.001194
         773     1.28181     1.19362  0.00119791
         774     1.30172     1.19376  0.00120447
         775     1.29738     1.19389  0.00121032
         776     1.25245     1.19397  0.00121111
         777     1.23265     1.19402  0.00121057
         778     1.20453     1.19403  0.00120909
         779     1.18406     1.19402  0.00120761
         780     1.18499     1.19401  0.00120611
         781     1.20893     1.19403  0.00120472
         782      1.2079     1.19405  0.00120331
         783     1.18551     1.19403  0.00120182
         784     1.17859     1.19401  0.00120045
         785     1.16814     1.19398  0.00119937
         786     1.16072     1.19394   0.0011986
         787     1.15797     1.19389  0.00119794
         788     1.16932     1.19386  0.00119683
         789     1.16102     1.19382  0.00119604
         790     1.14081     1.19375   0.0011964
         791     1.14066     1.19369  0.00119677
         792     1.14951     1.19363  0.00119656
         793     1.15258     1.19358  0.00119617
         794      1.1506     1.19352  0.00119589
         795     1.15412     1.19348  0.00119541
         796     1.14126     1.19341  0.00119571
         797     1.13819     1.19334  0.00119621
         798     1.14127     1.19328  0.00119649
         799     1.14425     1.19321  0.00119657
         800     1.14041     1.19315  0.00119689
