           1   -0.034223   -0.034223 1.40384e-10
           2   -0.053531   -0.043877   0.0068264
           3   -0.128777  -0.0721768   0.0235506
           4   -0.236638   -0.113292   0.0397471
           5   -0.298823   -0.150398   0.0459628
           6   -0.304944   -0.176156   0.0449439
           7   -0.339783   -0.199531   0.0441859
           8    -0.34351   -0.217528   0.0421689
           9   -0.317523   -0.228639   0.0389196
          10   -0.306094   -0.236385   0.0357901
          11   -0.316216   -0.243642   0.0332641
          12   -0.334516   -0.251215   0.0313423
          13   -0.334248   -0.257602    0.029575
          14   -0.326066   -0.262492   0.0278639
          15   -0.301929   -0.265121     0.02613
          16   -0.319949   -0.268548   0.0247206
          17    -0.31547   -0.271308     0.02342
          18   -0.322567   -0.274156   0.0222913
          19   -0.352417   -0.278275   0.0214953
          20   -0.353364   -0.282029   0.0207458
          21   -0.340387   -0.284808   0.0199432
          22   -0.361714   -0.288304   0.0193406
          23   -0.378519   -0.292226   0.0188933
          24   -0.350054   -0.294636   0.0182591
          25   -0.314962   -0.295449   0.0175468
          26   -0.321984   -0.296469   0.0169016
          27   -0.357366   -0.298725   0.0164254
          28   -0.358732   -0.300868    0.015978
          29   -0.330275   -0.301882   0.0154591
          30   -0.292548   -0.301571    0.014947
          31   -0.302206   -0.301591   0.0144648
          32   -0.324618   -0.302311   0.0140307
          33   -0.347497    -0.30368   0.0136722
          34   -0.380728   -0.305946   0.0134565
          35   -0.396641   -0.308538   0.0133192
          36   -0.402272   -0.311141   0.0132013
          37    -0.38295   -0.313082   0.0129864
          38   -0.352992   -0.314132    0.012687
          39   -0.345258    -0.31493   0.0123868
          40   -0.354063   -0.315909   0.0121157
          41   -0.367231   -0.317161   0.0118847
          42   -0.401643   -0.319172   0.0117707
          43   -0.426025   -0.321657   0.0117563
          44   -0.422035   -0.323938   0.0117084
          45   -0.452136   -0.326787   0.0117897
          46   -0.432361   -0.329082   0.0117547
          47   -0.400906    -0.33061   0.0116035
          48   -0.421258   -0.332499   0.0115144
          49   -0.421497   -0.334315   0.0114218
          50    -0.40775   -0.335784   0.0112874
          51    -0.40881   -0.337216   0.0111565
          52   -0.391433   -0.338258   0.0109906
          53   -0.367669   -0.338813   0.0107972
          54    -0.35471   -0.339108   0.0106012
          55   -0.352488   -0.339351   0.0104113
          56   -0.375011   -0.339988   0.0102448
          57   -0.410547   -0.341226   0.0101396
          58   -0.405863    -0.34234   0.0100258
          59   -0.407902   -0.343451   0.0099173
          60   -0.409651   -0.344555   0.0098132
          61   -0.423945   -0.345856  0.00973825
          62   -0.456758   -0.347645  0.00974407
          63   -0.472078    -0.34962  0.00978754
          64   -0.452337   -0.351225  0.00976531
          65   -0.453137   -0.352793  0.00974013
          66   -0.442935   -0.354159  0.00968783
          67   -0.436289   -0.355384  0.00962048
          68   -0.428029   -0.356453  0.00953813
          69   -0.463732   -0.358007  0.00952577
          70   -0.445201   -0.359253  0.00947078
          71    -0.38905   -0.359673  0.00934668
          72   -0.385765   -0.360035  0.00922389
          73   -0.363719   -0.360086  0.00909768
          74   -0.361053   -0.360099  0.00897474
          75   -0.381657   -0.360386  0.00885968
          76   -0.374084   -0.360566  0.00874494
          77   -0.370082    -0.36069  0.00863224
          78   -0.403726   -0.361242  0.00853919
          79   -0.444046    -0.36229  0.00849518
          80   -0.479101    -0.36375  0.00851355
          81   -0.461078   -0.364952  0.00849282
          82   -0.457016   -0.366074  0.00846313
          83   -0.506097   -0.367761  0.00852765
          84   -0.505379     -0.3694  0.00858206
          85    -0.44187   -0.370252  0.00852334
          86   -0.414021   -0.370761  0.00843941
          87   -0.443792   -0.371601  0.00838405
          88   -0.453278   -0.372529     0.00834
          89   -0.425669   -0.373126  0.00826763
          90   -0.403634   -0.373465  0.00818272
          91    -0.40347   -0.373794  0.00809944
          92   -0.414285   -0.374235  0.00802335
          93   -0.419877   -0.374725  0.00795207
          94   -0.417042   -0.375176  0.00788021
          95   -0.409361   -0.375535  0.00780547
          96   -0.427601   -0.376078  0.00774298
          97   -0.447588   -0.376815  0.00769817
          98   -0.435633   -0.377415  0.00764298
          99   -0.445078   -0.378099  0.00759628
         100   -0.444067   -0.378758  0.00754891
         101   -0.396426   -0.378933  0.00747619
         102   -0.394803   -0.379089  0.00740451
         103   -0.439331   -0.379674  0.00735569
         104   -0.413518   -0.379999  0.00729216
         105   -0.402512   -0.380214  0.00722586
         106   -0.448948   -0.380862  0.00718672
         107   -0.494289   -0.381922  0.00719732
         108   -0.474027   -0.382775  0.00718102
         109   -0.440925   -0.383308  0.00713493
         110   -0.433867   -0.383768  0.00708486
         111   -0.442211   -0.384294  0.00704057
         112   -0.456325   -0.384938  0.00700702
         113   -0.470587   -0.385696  0.00698588
         114   -0.444598   -0.386212  0.00694368
         115    -0.40575   -0.386382  0.00688538
         116   -0.386079    -0.38638  0.00682602
         117   -0.383633   -0.386356  0.00676772
         118   -0.399919   -0.386471  0.00671135
         119   -0.406708   -0.386641   0.0066571
         120   -0.422024   -0.386936  0.00660815
         121   -0.418719   -0.387199  0.00655876
         122    -0.42743   -0.387528  0.00651328
         123   -0.423599   -0.387822  0.00646693
         124   -0.366191   -0.387647  0.00641713
         125   -0.317583   -0.387087  0.00639022
         126   -0.319471    -0.38655    0.006362
         127   -0.355937   -0.386309  0.00631647
         128    -0.37571   -0.386226  0.00626767
         129   -0.376993   -0.386155  0.00621949
         130   -0.386032   -0.386154  0.00617165
         131   -0.410325   -0.386338  0.00612729
         132   -0.411133   -0.386526  0.00608375
         133   -0.448707   -0.386994  0.00605595
         134    -0.47914   -0.387681  0.00604967
         135   -0.471954   -0.388305  0.00603698
         136   -0.427345   -0.388592  0.00599941
         137   -0.408783    -0.38874  0.00595743
         138   -0.430264   -0.389041  0.00592185
         139   -0.408726   -0.389182  0.00588094
         140   -0.377325   -0.389098  0.00583954
         141   -0.432123   -0.389403   0.0058061
         142   -0.485262   -0.390078  0.00580432
         143    -0.47719   -0.390687  0.00579561
         144    -0.46694   -0.391217   0.0057795
         145   -0.466527   -0.391736  0.00576294
         146   -0.442455   -0.392083  0.00573392
         147   -0.461393   -0.392555  0.00571427
         148   -0.514916   -0.393382  0.00573516
         149   -0.490515   -0.394034   0.0057336
         150   -0.480373   -0.394609  0.00572419
         151   -0.453731   -0.395001  0.00569966
         152   -0.425533   -0.395202   0.0056657
         153   -0.447305   -0.395542  0.00563889
         154   -0.505049   -0.396253  0.00564693
         155   -0.483618   -0.396817  0.00563856
         156   -0.421819   -0.396977   0.0056047
         157   -0.433728   -0.397211  0.00557388
         158   -0.456901   -0.397589  0.00555139
         159     -0.4748   -0.398075  0.00553768
         160   -0.472159   -0.398538  0.00552239
         161   -0.422398   -0.398686  0.00549008
         162   -0.384549   -0.398599  0.00545688
         163   -0.375191   -0.398455  0.00542529
         164   -0.387798    -0.39839   0.0053926
         165   -0.410966   -0.398466  0.00536046
         166   -0.406988   -0.398518  0.00532841
         167   -0.414568   -0.398614  0.00529737
         168   -0.442161   -0.398873  0.00527218
         169   -0.418206   -0.398987  0.00524222
         170   -0.409595    -0.39905  0.00521176
         171   -0.378259   -0.398928   0.0051827
         172   -0.384914   -0.398847  0.00515321
         173   -0.420984   -0.398975  0.00512501
         174   -0.417828   -0.399083   0.0050967
         175   -0.424256   -0.399227   0.0050696
         176   -0.428638   -0.399394  0.00504355
         177   -0.365864   -0.399204  0.00501861
         178   -0.358336   -0.398975  0.00499567
         179   -0.384706   -0.398895   0.0049684
         180   -0.366764   -0.398717    0.004944
         181   -0.336409   -0.398372  0.00492865
         182   -0.353749   -0.398127  0.00490767
         183   -0.360956   -0.397924  0.00488505
         184   -0.365822    -0.39775  0.00486162
         185   -0.345587   -0.397468  0.00484351
         186   -0.314165    -0.39702  0.00483813
         187   -0.339594   -0.396713  0.00482199
         188   -0.353199   -0.396481   0.0048019
         189   -0.365757   -0.396319  0.00477924
         190   -0.372854   -0.396195  0.00475568
         191   -0.390486   -0.396165  0.00473088
         192   -0.417668   -0.396277  0.00470756
         193   -0.431108   -0.396458  0.00468663
         194   -0.387025   -0.396409  0.00466272
         195   -0.373518   -0.396292  0.00464029
         196   -0.375214   -0.396184  0.00461786
         197   -0.367829    -0.39604  0.00459666
         198   -0.352517    -0.39582   0.0045787
         199   -0.340967   -0.395545  0.00456398
         200   -0.353919   -0.395337   0.0045459
         201   -0.343561   -0.395079  0.00453058
         202   -0.369575   -0.394953  0.00450991
         203   -0.349809    -0.39473  0.00449317
         204   -0.339563    -0.39446  0.00447928
         205    -0.36553   -0.394319  0.00445965
         206   -0.393642   -0.394316    0.004438
         207   -0.445629   -0.394563  0.00442348
         208   -0.414981   -0.394662   0.0044033
         209   -0.343473   -0.394417  0.00438904
         210   -0.330633   -0.394113  0.00437864
         211   -0.315584   -0.393741  0.00437367
         212   -0.300556   -0.393301  0.00437508
         213     -0.3021   -0.392873  0.00437544
         214   -0.315893   -0.392513  0.00436975
         215   -0.304823   -0.392105  0.00436842
         216    -0.25402   -0.391466  0.00439473
         217   -0.270674    -0.39091  0.00440959
         218    -0.31615   -0.390567  0.00440267
         219   -0.322607   -0.390256  0.00439349
         220   -0.337902   -0.390018  0.00437996
         221   -0.342319   -0.389803  0.00436546
         222   -0.341129   -0.389583   0.0043513
         223   -0.348689     -0.3894  0.00433565
         224   -0.347436   -0.389213  0.00432034
         225   -0.365058   -0.389105  0.00430247
         226   -0.394987   -0.389131  0.00428351
         227   -0.429327   -0.389308   0.0042683
         228   -0.426108    -0.38947  0.00425263
         229   -0.383164   -0.389442  0.00423415
         230   -0.347573    -0.38926  0.00421965
         231   -0.336364   -0.389031  0.00420759
         232   -0.345431   -0.388843  0.00419365
         233   -0.322334   -0.388558  0.00418535
         234   -0.319773   -0.388264  0.00417778
         235   -0.323057   -0.387986   0.0041692
         236    -0.37076   -0.387913  0.00415218
         237   -0.407267   -0.387995  0.00413546
         238   -0.422551    -0.38814  0.00412063
         239   -0.407799   -0.388222  0.00410421
         240   -0.395748   -0.388254  0.00408723
         241   -0.379174   -0.388216  0.00407044
         242   -0.358626   -0.388094  0.00405546
         243   -0.366376   -0.388004  0.00403976
         244   -0.357371   -0.387879  0.00402515
         245   -0.349825   -0.387724  0.00401172
         246   -0.333831   -0.387505  0.00400139
         247   -0.365003   -0.387413  0.00398622
         248   -0.385966   -0.387408  0.00397015
         249   -0.375429   -0.387359   0.0039545
         250   -0.373221   -0.387303  0.00393909
         251    -0.35997   -0.387194   0.0039249
         252   -0.388707     -0.3872  0.00390933
         253   -0.397696   -0.387242   0.0038941
         254   -0.382468   -0.387223  0.00387881
         255   -0.367251   -0.387144  0.00386439
         256   -0.384797   -0.387135  0.00384931
         257   -0.385892    -0.38713  0.00383433
         258   -0.405043     -0.3872   0.0038201
         259   -0.407543   -0.387278  0.00380616
         260   -0.417934   -0.387396  0.00379334
         261   -0.412678   -0.387493  0.00378005
         262   -0.443303   -0.387706  0.00377161
         263   -0.444807   -0.387923  0.00376352
         264   -0.418874   -0.388041  0.00375109
         265   -0.407449   -0.388114  0.00373765
         266   -0.392562    -0.38813  0.00372363
         267   -0.397461   -0.388165  0.00370985
         268   -0.440491   -0.388361  0.00370114
         269   -0.443435   -0.388565  0.00369304
         270   -0.411432    -0.38865  0.00368034
         271   -0.394967   -0.388673  0.00366683
         272   -0.394285   -0.388694  0.00365341
         273    -0.38291   -0.388673  0.00364008
         274   -0.374551   -0.388621  0.00362716
         275   -0.372929   -0.388564  0.00361442
         276   -0.383219   -0.388545  0.00360138
         277   -0.420803   -0.388661  0.00359026
         278   -0.402686   -0.388712   0.0035777
         279    -0.37999   -0.388681  0.00356501
         280    -0.35312   -0.388554  0.00355454
         281   -0.370256   -0.388488  0.00354249
         282   -0.372181   -0.388431   0.0035304
         283   -0.379357   -0.388399  0.00351807
         284   -0.394783   -0.388421  0.00350575
         285   -0.406493   -0.388484  0.00349403
         286   -0.458763    -0.38873  0.00349044
         287   -0.464428   -0.388994  0.00348823
         288   -0.436354   -0.389158  0.00347999
         289   -0.409579   -0.389229  0.00346867
         290   -0.370641   -0.389165   0.0034573
         291   -0.367354    -0.38909  0.00344623
         292   -0.400441   -0.389129  0.00343465
         293   -0.430985   -0.389272  0.00342589
         294   -0.397775   -0.389301  0.00341436
         295   -0.385564   -0.389288  0.00340281
         296   -0.388868   -0.389287  0.00339132
         297   -0.392238   -0.389296  0.00337991
         298   -0.361005   -0.389202  0.00336991
         299   -0.358333   -0.389098  0.00336022
         300   -0.379457   -0.389066  0.00334917
         301   -0.411929   -0.389142   0.0033389
         302   -0.428025   -0.389271  0.00333033
         303    -0.37615   -0.389228  0.00331962
         304   -0.330211   -0.389033  0.00331437
         305    -0.31717   -0.388798  0.00331187
         306   -0.381831   -0.388775  0.00330112
         307    -0.40441   -0.388826  0.00329076
         308   -0.405649   -0.388881  0.00328053
         309   -0.393605   -0.388896  0.00326995
         310   -0.405731    -0.38895  0.00325985
         311   -0.446457   -0.389135  0.00325461
         312   -0.450143   -0.389331  0.00325005
         313   -0.420402    -0.38943  0.00324118
         314   -0.408696   -0.389491  0.00323144
         315   -0.409485   -0.389555   0.0032218
         316   -0.392586   -0.389564  0.00321162
         317   -0.372115   -0.389509  0.00320196
         318     -0.3424   -0.389361  0.00319532
         319   -0.348332   -0.389232  0.00318789
         320    -0.35998   -0.389141  0.00317924
         321   -0.359392   -0.389048  0.00317069
         322   -0.367111    -0.38898  0.00316157
         323   -0.351058   -0.388863  0.00315396
         324   -0.355884   -0.388761  0.00314587
         325   -0.393205   -0.388775  0.00313622
         326   -0.407799   -0.388833  0.00312714
         327   -0.401969   -0.388873  0.00311784
         328   -0.367727   -0.388809    0.003109
         329   -0.343477   -0.388671   0.0031026
         330   -0.339153   -0.388521  0.00309682
         331   -0.357227   -0.388426  0.00308891
         332    -0.34904   -0.388308  0.00308188
         333    -0.34168   -0.388168  0.00307581
         334   -0.330852   -0.387996  0.00307138
         335    -0.32948   -0.387821  0.00306718
         336   -0.341426   -0.387683  0.00306116
         337   -0.343614   -0.387553  0.00305486
         338   -0.350707   -0.387444  0.00304777
         339   -0.385647   -0.387438  0.00303878
         340   -0.400639   -0.387477   0.0030301
         341   -0.439279   -0.387629  0.00302501
         342   -0.443972   -0.387794  0.00302065
         343   -0.491331   -0.388096  0.00302689
         344   -0.511091   -0.388453  0.00303914
         345   -0.481689   -0.388723  0.00304232
         346   -0.464595   -0.388943  0.00304142
         347   -0.479477   -0.389204  0.00304382
         348   -0.433954   -0.389332  0.00303779
         349   -0.401854   -0.389368   0.0030293
         350   -0.399501   -0.389397  0.00302078
         351   -0.429439   -0.389511  0.00301433
         352   -0.446812   -0.389674  0.00301016
         353    -0.46623   -0.389891  0.00300943
         354   -0.460526    -0.39009  0.00300754
         355   -0.437543   -0.390224  0.00300204
         356   -0.408668   -0.390276  0.00299405
         357   -0.424981   -0.390373  0.00298724
         358   -0.434098   -0.390495  0.00298139
         359   -0.415662   -0.390565  0.00297391
         360   -0.425526   -0.390662  0.00296724
         361   -0.444119    -0.39081  0.00296271
         362   -0.425641   -0.390907  0.00295609
         363   -0.410252    -0.39096  0.00294843
         364   -0.432749   -0.391075  0.00294256
         365   -0.456427   -0.391254  0.00293994
         366   -0.440958    -0.39139  0.00293504
         367   -0.423282   -0.391477  0.00292833
         368    -0.42841   -0.391577  0.00292209
         369    -0.44701   -0.391727  0.00291803
         370   -0.442047   -0.391863  0.00291331
         371   -0.398325   -0.391881  0.00290551
         372   -0.390676   -0.391877   0.0028977
         373   -0.395338   -0.391887  0.00288995
         374   -0.389036   -0.391879  0.00288223
         375   -0.374206   -0.391832  0.00287493
         376   -0.380516   -0.391802  0.00286744
         377   -0.406815   -0.391842  0.00286012
         378   -0.419872   -0.391916  0.00285351
         379   -0.419014   -0.391987  0.00284688
         380   -0.368217   -0.391925  0.00284007
         381   -0.377663   -0.391887  0.00283286
         382   -0.360835   -0.391806  0.00282661
         383   -0.376651   -0.391766  0.00281951
         384   -0.395244   -0.391775  0.00281218
         385   -0.378151    -0.39174   0.0028051
         386   -0.362713   -0.391665  0.00279884
         387   -0.366906   -0.391601  0.00279234
         388    -0.36281   -0.391527  0.00278613
         389   -0.394182   -0.391533  0.00277898
         390   -0.412283   -0.391587  0.00277236
         391   -0.426075   -0.391675  0.00276667
         392   -0.446097   -0.391814   0.0027631
         393   -0.440083   -0.391937  0.00275879
         394   -0.419915   -0.392008   0.0027527
         395   -0.407499   -0.392047  0.00274602
         396   -0.425017    -0.39213  0.00274034
         397    -0.41222   -0.392181  0.00273391
         398   -0.383882    -0.39216  0.00272712
         399   -0.371504   -0.392108  0.00272077
         400    -0.39681    -0.39212    0.002714
         401   -0.406103   -0.392155  0.00270745
         402   -0.380999   -0.392127  0.00270086
         403   -0.380607   -0.392098  0.00269431
         404   -0.408408   -0.392139  0.00268794
         405   -0.428812   -0.392229  0.00268283
         406   -0.391944   -0.392229  0.00267622
         407   -0.377762   -0.392193  0.00266988
         408   -0.411863   -0.392241  0.00266378
         409   -0.427306   -0.392327  0.00265864
         410   -0.432598   -0.392425  0.00265397
         411   -0.388416   -0.392415  0.00264753
         412   -0.380418   -0.392386  0.00264127
         413   -0.380459   -0.392357  0.00263503
         414   -0.387434   -0.392346  0.00262869
         415   -0.402882   -0.392371  0.00262248
         416   -0.384064   -0.392351  0.00261625
         417   -0.382893   -0.392328  0.00261008
         418   -0.387613   -0.392317  0.00260386
         419   -0.393487    -0.39232  0.00259764
         420   -0.410624   -0.392363  0.00259182
         421   -0.435581   -0.392466   0.0025877
         422   -0.429816   -0.392554  0.00258308
         423   -0.435744   -0.392657  0.00257899
         424   -0.392769   -0.392657  0.00257291
         425   -0.381112    -0.39263    0.002567
         426   -0.396486   -0.392639  0.00256099
         427   -0.389394   -0.392631    0.002555
         428   -0.417223   -0.392689  0.00254968
         429   -0.421354   -0.392755  0.00254461
         430   -0.401757   -0.392776  0.00253878
         431   -0.419272   -0.392838  0.00253363
         432   -0.446262   -0.392962  0.00253078
         433   -0.489562   -0.393185  0.00253475
         434   -0.422428   -0.393252  0.00252981
         435   -0.432313   -0.393342  0.00252559
         436   -0.400431   -0.393358  0.00251985
         437   -0.401083   -0.393376  0.00251414
         438   -0.405785   -0.393404  0.00250856
         439   -0.420225   -0.393465  0.00250359
         440   -0.433122   -0.393555  0.00249952
         441   -0.414503   -0.393603  0.00249431
         442   -0.387534   -0.393589   0.0024887
         443   -0.350782   -0.393492  0.00248496
         444   -0.353928   -0.393403  0.00248096
         445   -0.390172   -0.393396  0.00247539
         446   -0.429749   -0.393478  0.00247118
         447   -0.429279   -0.393558  0.00246695
         448    -0.42019   -0.393617  0.00246216
         449   -0.412232   -0.393659  0.00245703
         450   -0.439906   -0.393761  0.00245372
         451   -0.437187   -0.393858  0.00245017
         452    -0.39664   -0.393864  0.00244475
         453   -0.391375   -0.393858  0.00243936
         454   -0.408314    -0.39389   0.0024342
         455   -0.417614   -0.393942   0.0024294
         456   -0.377113   -0.393905  0.00242436
         457   -0.355739   -0.393822  0.00242049
         458   -0.333404    -0.39369   0.0024188
         459    -0.35873   -0.393614  0.00241473
         460   -0.396404    -0.39362  0.00240949
         461   -0.416703    -0.39367  0.00240478
         462   -0.381876   -0.393644  0.00239971
         463   -0.369624   -0.393592  0.00239509
         464   -0.362865   -0.393526  0.00239084
         465   -0.352819   -0.393439   0.0023873
         466   -0.335666   -0.393315  0.00238539
         467   -0.350489   -0.393223  0.00238205
         468   -0.374416   -0.393183   0.0023773
         469   -0.353045   -0.393097  0.00237377
         470   -0.355283   -0.393017  0.00237008
         471   -0.380115   -0.392989  0.00236521
         472   -0.416973    -0.39304  0.00236074
         473    -0.42033   -0.393098  0.00235646
         474   -0.413384   -0.393141  0.00235187
         475   -0.371772   -0.393096  0.00234735
         476   -0.342235   -0.392989  0.00234485
         477   -0.345222   -0.392889  0.00234207
         478   -0.394681   -0.392892  0.00233718
         479   -0.419428   -0.392948  0.00233295
         480   -0.439303   -0.393044  0.00233009
         481   -0.432762   -0.393127  0.00232671
         482   -0.386754   -0.393114  0.00232192
         483   -0.391413    -0.39311  0.00231712
         484   -0.403045   -0.393131  0.00231242
         485   -0.428996   -0.393205  0.00230883
         486   -0.408968   -0.393237  0.00230431
         487   -0.427594   -0.393308  0.00230066
         488    -0.43703   -0.393397  0.00229769
         489   -0.429401   -0.393471  0.00229417
         490   -0.423356   -0.393532   0.0022903
         491   -0.419163   -0.393584  0.00228623
         492     -0.3786   -0.393554  0.00228178
         493   -0.368406   -0.393503  0.00227773
         494   -0.370696   -0.393457  0.00227358
         495   -0.357731   -0.393384  0.00227013
         496   -0.355428   -0.393308  0.00226685
         497   -0.369101   -0.393259  0.00226281
         498   -0.401147   -0.393275  0.00225832
         499   -0.445077   -0.393379  0.00225618
         500   -0.437268   -0.393467  0.00225337
         501   -0.406998   -0.393494  0.00224904
         502   -0.408243   -0.393523  0.00224475
         503    -0.41489   -0.393565  0.00224069
         504   -0.414407   -0.393607  0.00223663
         505   -0.423569   -0.393666  0.00223298
         506   -0.436139    -0.39375  0.00223015
         507   -0.436074   -0.393834  0.00222731
         508   -0.422028   -0.393889  0.00222362
         509   -0.429426   -0.393959  0.00222034
         510   -0.438614   -0.394046  0.00221772
         511   -0.412744   -0.394083  0.00221368
         512   -0.381805   -0.394059  0.00220948
         513   -0.351567   -0.393976  0.00220673
         514   -0.336834   -0.393865  0.00220524
         515     -0.3631   -0.393805  0.00220176
         516   -0.399092   -0.393816  0.00219752
         517   -0.416701    -0.39386  0.00219371
         518   -0.407705   -0.393887  0.00218964
         519    -0.38918   -0.393877  0.00218544
         520   -0.384167   -0.393859  0.00218132
         521   -0.389158    -0.39385  0.00217715
         522   -0.396188   -0.393854  0.00217298
         523   -0.397756   -0.393862  0.00216884
         524   -0.380372   -0.393836  0.00216486
         525   -0.372195   -0.393795  0.00216113
         526   -0.403865   -0.393814   0.0021571
         527   -0.394007   -0.393814  0.00215301
         528   -0.418569   -0.393861  0.00214944
         529   -0.418673   -0.393908  0.00214589
         530   -0.383275   -0.393888  0.00214193
         531   -0.349982   -0.393805   0.0021395
         532   -0.373569   -0.393767  0.00213581
         533   -0.362017   -0.393708  0.00213264
         534   -0.320083    -0.39357  0.00213309
         535   -0.317266   -0.393427  0.00213387
         536   -0.359651   -0.393364  0.00213082
         537   -0.392364   -0.393362  0.00212685
         538   -0.417642   -0.393407  0.00212338
         539   -0.393743   -0.393408  0.00211944
         540   -0.357486   -0.393342  0.00211656
         541   -0.376556   -0.393311  0.00211287
         542   -0.418979   -0.393358   0.0021095
         543   -0.397124   -0.393365  0.00210563
         544   -0.369683   -0.393321  0.00210221
         545   -0.320865   -0.393188  0.00210255
         546   -0.319056   -0.393053  0.00210308
         547   -0.340594   -0.392957  0.00210142
         548   -0.356881   -0.392891  0.00209862
         549   -0.374892   -0.392858  0.00209505
         550    -0.41623   -0.392901  0.00209167
         551   -0.408002   -0.392928  0.00208806
         552   -0.380713   -0.392906  0.00208439
         553   -0.361518   -0.392849  0.00208139
         554   -0.379761   -0.392825  0.00207777
         555   -0.388277   -0.392817  0.00207404
         556   -0.369506   -0.392775  0.00207074
         557   -0.386215   -0.392764  0.00206705
         558   -0.368844   -0.392721  0.00206379
         559   -0.329778   -0.392608  0.00206317
         560   -0.315129    -0.39247  0.00206412
         561   -0.322727   -0.392345  0.00206418
         562   -0.335413   -0.392244  0.00206299
         563   -0.333088   -0.392139    0.002062
         564   -0.342821   -0.392052   0.0020602
         565   -0.352722   -0.391982  0.00205773
         566   -0.322977    -0.39186   0.0020577
         567   -0.348677   -0.391784  0.00205548
         568   -0.376598   -0.391757  0.00205204
         569   -0.367591   -0.391715  0.00204887
         570   -0.351456   -0.391644  0.00204649
         571   -0.357344   -0.391584  0.00204379
         572   -0.349201    -0.39151  0.00204156
         573   -0.332029   -0.391406  0.00204063
         574   -0.361109   -0.391353  0.00203776
         575   -0.360272   -0.391299  0.00203493
         576   -0.368389   -0.391259  0.00203179
         577   -0.353129   -0.391193  0.00202934
         578   -0.333114   -0.391093  0.00202832
         579   -0.331459    -0.39099  0.00202743
         580   -0.326523   -0.390879  0.00202698
         581   -0.328626   -0.390772  0.00202632
         582   -0.343147    -0.39069  0.00202449
         583   -0.343875   -0.390609  0.00202261
         584   -0.384804     -0.3906  0.00201917
         585   -0.430989   -0.390669   0.0020169
         586   -0.472918   -0.390809  0.00201833
         587   -0.463301   -0.390932  0.00201867
         588   -0.441602   -0.391019  0.00201708
         589   -0.441085   -0.391104  0.00201544
         590   -0.435785   -0.391179  0.00201345
         591   -0.441047   -0.391264  0.00201181
         592   -0.478402   -0.391411  0.00201379
         593   -0.507338   -0.391606  0.00201986
         594    -0.44324   -0.391693  0.00201833
         595   -0.432838   -0.391762  0.00201612
         596   -0.428951   -0.391825   0.0020137
         597    -0.44063   -0.391907  0.00201199
         598   -0.456757   -0.392015  0.00201154
         599   -0.445858   -0.392105  0.00201019
         600    -0.44565   -0.392194  0.00200882
         601   -0.443224   -0.392279  0.00200727
         602   -0.432851   -0.392346  0.00200507
         603   -0.452804   -0.392447  0.00200425
         604   -0.443159   -0.392531  0.00200269
         605   -0.446814    -0.39262  0.00200139
         606   -0.457646   -0.392728  0.00200096
         607   -0.445394   -0.392814  0.00199954
         608   -0.443885   -0.392898  0.00199802
         609   -0.443388   -0.392981  0.00199646
         610   -0.429634   -0.393041  0.00199409
         611   -0.438132   -0.393115  0.00199219
         612   -0.444893     -0.3932  0.00199073
         613   -0.452023   -0.393296  0.00198979
         614   -0.483678   -0.393443  0.00199199
         615   -0.507389   -0.393628  0.00199735
         616   -0.496983   -0.393796  0.00200114
         617   -0.439223    -0.39387  0.00199925
         618    -0.41773   -0.393908  0.00199639
         619   -0.457931   -0.394012  0.00199584
         620   -0.450992   -0.394104  0.00199474
         621    -0.41055    -0.39413   0.0019917
         622   -0.375516     -0.3941  0.00198872
         623   -0.382311   -0.394081  0.00198562
         624     -0.3757   -0.394052  0.00198266
         625   -0.373119   -0.394018  0.00197977
         626   -0.397654   -0.394024  0.00197661
         627   -0.391751   -0.394021  0.00197347
         628    -0.40288   -0.394035  0.00197037
         629   -0.419436   -0.394075  0.00196765
         630    -0.38724   -0.394064  0.00196456
         631    -0.37977   -0.394042  0.00196158
         632   -0.380582    -0.39402  0.00195859
         633   -0.378671   -0.393996  0.00195565
         634   -0.368212   -0.393955  0.00195298
         635   -0.351689   -0.393889  0.00195104
         636   -0.354571   -0.393827  0.00194895
         637   -0.362987   -0.393779   0.0019465
         638   -0.361705   -0.393728  0.00194409
         639   -0.398266   -0.393735  0.00194107
         640   -0.419793   -0.393776  0.00193846
         641   -0.413611   -0.393807  0.00193568
         642    -0.39149   -0.393803  0.00193267
         643   -0.417983   -0.393841  0.00193003
         644   -0.426659   -0.393892  0.00192771
         645    -0.44365   -0.393969  0.00192626
         646   -0.441439   -0.394043  0.00192468
         647   -0.449027   -0.394128  0.00192358
         648   -0.474443   -0.394252   0.0019246
         649   -0.462532   -0.394357  0.00192451
         650   -0.422515     -0.3944  0.00192204
         651   -0.363534   -0.394353  0.00191967
         652   -0.354178   -0.394291  0.00191771
         653   -0.383998   -0.394275  0.00191484
         654   -0.381416   -0.394256  0.00191201
         655   -0.399214   -0.394263  0.00190911
         656   -0.406989   -0.394283   0.0019063
         657   -0.412641   -0.394311   0.0019036
         658   -0.390412   -0.394305  0.00190072
         659   -0.386701   -0.394293  0.00189787
         660   -0.376048   -0.394265  0.00189519
         661   -0.397787   -0.394271  0.00189233
         662   -0.439485   -0.394339  0.00189071
         663   -0.449397   -0.394422  0.00188968
         664   -0.437389   -0.394487  0.00188794
         665   -0.410154    -0.39451  0.00188525
         666   -0.419273   -0.394548  0.00188278
         667   -0.398104   -0.394553  0.00187997
         668   -0.315178   -0.394434  0.00188091
         669    -0.28402   -0.394269  0.00188532
         670   -0.273707   -0.394089  0.00189108
         671   -0.289796   -0.393934  0.00189463
         672   -0.306205   -0.393803  0.00189631
         673   -0.313666   -0.393684  0.00189722
         674   -0.327348   -0.393586  0.00189696
         675   -0.316523   -0.393471  0.00189758
         676   -0.323123   -0.393367  0.00189763
         677   -0.344533   -0.393295  0.00189619
         678   -0.351076   -0.393233  0.00189442
         679   -0.376726   -0.393209  0.00189179
         680   -0.364123   -0.393166  0.00188949
         681   -0.364311   -0.393123  0.00188719
         682   -0.357012   -0.393071  0.00188516
         683   -0.340019   -0.392993    0.001884
         684   -0.343927   -0.392921  0.00188261
         685   -0.357153   -0.392869  0.00188059
         686   -0.356536   -0.392816  0.00187859
         687   -0.373053   -0.392787  0.00187608
         688   -0.356573   -0.392735  0.00187409
         689   -0.363595   -0.392692  0.00187185
         690    -0.33676   -0.392611  0.00187089
         691   -0.327827   -0.392517  0.00187053
         692   -0.347386   -0.392452  0.00186896
         693   -0.347007   -0.392387  0.00186742
         694   -0.356937   -0.392336  0.00186542
         695   -0.345094   -0.392268  0.00186398
         696   -0.344573   -0.392199  0.00186256
         697   -0.367726   -0.392164  0.00186022
         698   -0.357831   -0.392115   0.0018582
         699   -0.347017    -0.39205  0.00185666
         700   -0.366443   -0.392014  0.00185437
         701   -0.357519   -0.391964  0.00185238
         702    -0.35092   -0.391906  0.00185066
         703   -0.363626   -0.391866  0.00184847
         704   -0.394796    -0.39187  0.00184585
         705   -0.387784   -0.391864  0.00184324
         706   -0.377345   -0.391844  0.00184074
         707    -0.38397   -0.391832  0.00183817
         708   -0.363066   -0.391792  0.00183602
         709   -0.335993   -0.391713  0.00183512
         710   -0.342686   -0.391644  0.00183383
         711   -0.325485   -0.391551  0.00183361
         712   -0.335352   -0.391472  0.00183274
         713   -0.352456   -0.391417  0.00183098
         714    -0.37116   -0.391389  0.00182864
         715   -0.385435   -0.391381   0.0018261
         716   -0.393396   -0.391383  0.00182355
         717   -0.410841   -0.391411  0.00182121
         718   -0.433213   -0.391469   0.0018196
         719   -0.420339   -0.391509  0.00181752
         720   -0.454383   -0.391596  0.00181709
         721     -0.4618   -0.391694  0.00181718
         722   -0.436187   -0.391755   0.0018157
         723    -0.43632   -0.391817  0.00181424
         724    -0.40415   -0.391834  0.00181181
         725   -0.376968   -0.391813  0.00180943
         726    -0.37601   -0.391792  0.00180707
         727    -0.34318   -0.391725  0.00180582
         728   -0.341353   -0.391656  0.00180466
         729   -0.341851   -0.391587  0.00180348
         730   -0.366482   -0.391553  0.00180134
         731   -0.403979    -0.39157  0.00179895
         732   -0.372691   -0.391544  0.00179668
         733   -0.370512   -0.391515  0.00179446
         734   -0.386923   -0.391509  0.00179203
         735   -0.399603    -0.39152  0.00178962
         736    -0.41615   -0.391554   0.0017875
         737   -0.409638   -0.391578  0.00178525
         738   -0.372717   -0.391553  0.00178301
         739   -0.367511    -0.39152  0.00178089
         740   -0.383976    -0.39151  0.00177852
         741     -0.4082   -0.391532  0.00177626
         742   -0.434195    -0.39159  0.00177479
         743   -0.459115   -0.391681  0.00177473
         744    -0.47171   -0.391788   0.0017756
         745   -0.482824   -0.391911  0.00177742
         746    -0.51033   -0.392069  0.00178211
         747   -0.500873   -0.392215  0.00178567
         748   -0.425734    -0.39226  0.00178384
         749   -0.429596    -0.39231  0.00178216
         750   -0.417069   -0.392343  0.00178009
         751   -0.420277    -0.39238   0.0017781
         752   -0.388893   -0.392375  0.00177575
         753   -0.417698   -0.392409  0.00177371
         754   -0.442101   -0.392475  0.00177258
         755   -0.420713   -0.392512  0.00177063
         756     -0.4099   -0.392535  0.00176843
         757   -0.399002   -0.392544  0.00176612
         758   -0.373909   -0.392519  0.00176396
         759   -0.390982   -0.392517  0.00176164
         760   -0.421915   -0.392556  0.00175974
         761   -0.450254   -0.392632  0.00175906
         762   -0.473191   -0.392737  0.00175993
         763   -0.475463   -0.392846  0.00176096
         764   -0.465081    -0.39294  0.00176119
         765    -0.45891   -0.393026    0.001761
         766   -0.452864   -0.393105  0.00176043
         767   -0.474241    -0.39321  0.00176131
         768   -0.495685   -0.393344  0.00176406
         769   -0.489881   -0.393469  0.00176623
         770   -0.472033   -0.393571  0.00176688
         771   -0.444568   -0.393638  0.00176583
         772   -0.439643   -0.393697  0.00176455
         773   -0.464896   -0.393789  0.00176466
         774   -0.473198   -0.393892  0.00176536
         775   -0.455804   -0.393972  0.00176489
         776   -0.405243   -0.393986  0.00176268
         777   -0.395007   -0.393988  0.00176041
         778   -0.362697   -0.393947  0.00175861
         779   -0.367056   -0.393913  0.00175669
         780   -0.376357    -0.39389  0.00175458
         781   -0.386063    -0.39388  0.00175236
         782   -0.408896   -0.393899  0.00175023
         783    -0.41055   -0.393921  0.00174812
         784   -0.391882   -0.393918  0.00174589
         785   -0.415103   -0.393945  0.00174388
         786   -0.412348   -0.393969  0.00174182
         787   -0.387233    -0.39396  0.00173962
         788   -0.412637   -0.393984  0.00173758
         789   -0.429457   -0.394029  0.00173596
         790   -0.424598   -0.394067  0.00173419
         791   -0.399803   -0.394075  0.00173201
         792   -0.393575   -0.394074  0.00172983
         793   -0.395945   -0.394076  0.00172765
         794   -0.364779   -0.394039  0.00172586
         795   -0.377177   -0.394018  0.00172382
         796   -0.414285   -0.394044  0.00172185
         797   -0.436502   -0.394097  0.00172051
         798   -0.437848   -0.394152  0.00171923
         799   -0.395287   -0.394153  0.00171708
         800   -0.397527   -0.394157  0.00171494
