0 0
1 0
1.4076 0.00395996
1.72779 0.00579455
1.99846 0.00606121
2.22623 0.00814418
2.45072 0.00801017
2.65983 0.00979311
2.84319 0.0101879
3.01768 0.0113318
3.18144 0.0119136
3.32388 0.0127305
3.47721 0.0130306
3.61876 0.0134269
3.74884 0.0129946
3.88426 0.0137049
4.02195 0.0141984
4.13846 0.0145112
4.25416 0.0145641
4.37682 0.0155524
4.49365 0.0169216
4.61308 0.0178217
4.7163 0.0181441
4.81347 0.0190589
4.91096 0.0193068
5.01039 0.019097
5.10288 0.020435
5.19323 0.0205387
5.30329 0.0213184
5.39246 0.0227872
5.48996 0.0231495
5.58066 0.024192
5.6807 0.0243196
5.77236 0.0246857
5.8635 0.0259855
5.9519 0.0256523
6.03649 0.0251866
6.12354 0.0247941
6.19349 0.0252434
6.2709 0.025725
6.35111 0.0262731
6.42793 0.0258729
6.50064 0.0262461
6.57993 0.0264884
6.65784 0.0274355
6.7275 0.0276768
6.78884 0.0276178
6.86011 0.0266633
6.94109 0.0272737
7.01546 0.0273764
7.08219 0.0279365
7.14565 0.0284129
7.22331 0.029169
7.29518 0.0297856
7.37209 0.0303087
7.43685 0.0311021
7.5038 0.0304792
7.57459 0.0306346
7.64256 0.0307305
7.70526 0.0314895
7.77793 0.0318575
7.84666 0.0334679
7.90532 0.0342305
7.98149 0.0343044
8.04947 0.0346028
8.12226 0.0360351
8.17682 0.0364532
8.22714 0.0370761
8.2892 0.0371417
8.33795 0.0374937
8.39766 0.0381933
8.45151 0.0379168
8.52117 0.0369332
8.57272 0.0369713
8.62749 0.037682
8.67496 0.0379727
8.72519 0.0381025
8.78422 0.0380613
8.84827 0.0388378
8.91008 0.0385717
8.96357 0.0395831
9.02145 0.0404751
9.07708 0.0405332
9.12894 0.0410953
9.20242 0.0409087
9.26475 0.0413309
9.31797 0.0412309
9.36496 0.0416121
9.42382 0.0414163
9.48456 0.0410049
9.52968 0.0398119
9.58403 0.040174
9.63942 0.0404206
9.69452 0.042034
9.74112 0.0425169
9.79609 0.0419329
9.84777 0.0415909
9.89386 0.0433081
9.9519 0.0438403
9.99789 0.0439219
