0 0
1 0
1.41579 0.00392367
1.73849 0.00553458
2.01063 0.00659822
2.25157 0.00763946
2.45752 0.00870513
2.64232 0.00923099
2.82892 0.0093972
2.99882 0.0107133
3.16706 0.0112851
3.32177 0.0135017
3.47349 0.0147216
3.61446 0.0159047
3.75243 0.0167535
3.88265 0.0181215
4.01585 0.0179874
4.14774 0.0182985
4.27115 0.0182997
4.38798 0.0191947
4.49849 0.0197922
4.60671 0.0210218
4.70653 0.0195317
4.80457 0.0195124
4.91562 0.0199709
5.00825 0.0203142
5.11307 0.0197251
5.19994 0.0197643
5.29973 0.0189356
5.39001 0.0188113
5.48821 0.0176995
5.57857 0.0183042
5.65951 0.0191117
5.7524 0.0205304
5.84027 0.0209759
5.92342 0.0210006
6.01033 0.0206582
6.09008 0.0214264
6.17485 0.0218826
6.26018 0.0220004
6.34089 0.0232515
6.42357 0.0226966
6.49817 0.0221739
6.56967 0.0229749
6.64701 0.0233653
6.72277 0.0236001
6.80028 0.0232265
6.86839 0.0230318
6.94254 0.0232165
7.01814 0.0240939
7.08819 0.0237535
7.15445 0.0226843
7.22466 0.0231814
7.29139 0.023019
7.36512 0.0228827
7.42298 0.022127
7.4888 0.0229572
7.55966 0.0242046
7.62492 0.0243636
7.69501 0.0246998
7.75531 0.0249369
7.82303 0.0249818
7.8819 0.0249351
7.94236 0.0255046
8.00028 0.0266947
8.06071 0.0279606
8.13165 0.0282373
8.19509 0.0286913
8.26262 0.0289039
8.32484 0.0292988
8.38189 0.029988
8.44225 0.0296931
8.49874 0.0291808
8.55705 0.0302274
8.62651 0.0313455
8.68019 0.0322267
8.74569 0.0332307
8.8005 0.0328814
8.85372 0.032285
8.90843 0.0322873
8.96787 0.0330671
9.02162 0.0336591
9.08597 0.0341426
9.14905 0.0349641
9.20406 0.0353629
9.25163 0.0353375
9.30232 0.0350959
9.36416 0.0346211
9.41451 0.0346636
9.47163 0.0337543
9.52463 0.033638
9.57581 0.0336526
9.62334 0.0337717
9.67527 0.033677
9.72169 0.0337278
9.77246 0.0340691
9.81613 0.0330699
9.86683 0.0338555
9.91591 0.0342904
9.96726 0.0339774
