 0  0 0
 0.00231823  0 0
 0.00463647  0 0
 0.0069547  0 0
 0.00927294  0 0
 0.0115912  0 0
 0.0139094  0 0
 0.0162276  0 0
 0.0185459  0 0
 0.0208641  0 0
 0.0231823  0 0
 0.0255006  0 0
 0.0278188  0 0
 0.030137  0 0
 0.0324553  0 0
 0.0347735  0 0
 0.0370917  0 0
 0.03941  0 0
 0.0417282  0 0
 0.0440464  0 0
 0.0463647  0 0
 0.0486829  0 0
 0.0510011  0 0
 0.0533194  0 0
 0.0556376  0 0
 0.0579559  0 0
 0.0602741  0 0
 0.0625923  0 0
 0.0649106  0 0
 0.0672288  0 0
 0.069547  0 0
 0.0718653  0 0
 0.0741835  0 0
 0.0765017  0 0
 0.07882  0 0
 0.0811382  0 0
 0.0834564  0 0
 0.0857747  0 0
 0.0880929  0 0
 0.0904111  0 0
 0.0927294  0 0
 0.0950476  0 0
 0.0973658  0 0
 0.0996841  0 0
 0.102002  0 0
 0.104321  0 0
 0.106639  0 0
 0.108957  0 0
 0.111275  0 0
 0.113593  0 0
 0.115912  0 0
 0.11823  0 0
 0.120548  0 0
 0.122866  0 0
 0.125185  0 0
 0.127503  0 0
 0.129821  0 0
 0.132139  0 0
 0.134458  0 0
 0.136776  0 0
 0.139094  0 0
 0.141412  0 0
 0.143731  0 0
 0.146049  0 0
 0.148367  0 0
 0.150685  0 0
 0.153003  0 0
 0.155322  0 0
 0.15764  0 0
 0.159958  0 0
 0.162276  0 0
 0.164595  0 0
 0.166913  0 0
 0.169231  0 0
 0.171549  0 0
 0.173868  0 0
 0.176186  0 0
 0.178504  0 0
 0.180822  0 0
 0.18314  0 0
 0.185459  0 0
 0.187777  0 0
 0.190095  0 0
 0.192413  0 0
 0.194732  0 0
 0.19705  0 0
 0.199368  0 0
 0.201686  0 0
 0.204005  0 0
 0.206323  0 0
 0.208641  0 0
 0.210959  0 0
 0.213278  0 0
 0.215596  0 0
 0.217914  0 0
 0.220232  0 0
 0.22255  0 0
 0.224869  0 0
 0.227187  0 0
 0.229505  0 0
 0.231823  0 0
 0.234142  0 0
 0.23646  0 0
 0.238778  0 0
 0.241096  0 0
 0.243415  0 0
 0.245733  0 0
 0.248051  0 0
 0.250369  0 0
 0.252688  0 0
 0.255006  0 0
 0.257324  0 0
 0.259642  0 0
 0.26196  0 0
 0.264279  0 0
 0.266597  0 0
 0.268915  0 0
 0.271233  0 0
 0.273552  0 0
 0.27587  0 0
 0.278188  0 0
 0.280506  0 0
 0.282825  0 0
 0.285143  0 0
 0.287461  0 0
 0.289779  0 0
 0.292097  0 0
 0.294416  0 0
 0.296734  0 0
 0.299052  0 0
 0.30137  0 0
 0.303689  0 0
 0.306007  0 0
 0.308325  0 0
 0.310643  0 0
 0.312962  0 0
 0.31528  0 0
 0.317598  0 0
 0.319916  0 0
 0.322235  0 0
 0.324553  0 0
 0.326871  0 0
 0.329189  0 0
 0.331507  0 0
 0.333826  0 0
 0.336144  0 0
 0.338462  0 0
 0.34078  0 0
 0.343099  0 0
 0.345417  0 0
 0.347735  0 0
 0.350053  0 0
 0.352372  0 0
 0.35469  0 0
 0.357008  0 0
 0.359326  0 0
 0.361645  0 0
 0.363963  0 0
 0.366281  0 0
 0.368599  0 0
 0.370917  0 0
 0.373236  0 0
 0.375554  0 0
 0.377872  0 0
 0.38019  0 0
 0.382509  0 0
 0.384827  0 0
 0.387145  0 0
 0.389463  0 0
 0.391782  0 0
 0.3941  0 0
 0.396418  0 0
 0.398736  0 0
 0.401054  0 0
 0.403373  0 0
 0.405691  0 0
 0.408009  0 0
 0.410327  0 0
 0.412646  0 0
 0.414964  0 0
 0.417282  0 0
 0.4196  0 0
 0.421919  0 0
 0.424237  0 0
 0.426555  0 0
 0.428873  0 0
 0.431192  0 0
 0.43351  0 0
 0.435828  0 0
 0.438146  0 0
 0.440464  0 0
 0.442783  0 0
 0.445101  0 0
 0.447419  0 0
 0.449737  0 0
 0.452056  0 0
 0.454374  0 0
 0.456692  0 0
 0.45901  0 0
 0.461329  0 0
 0.463647  0 0
 0.465965  0 0
 0.468283  0 0
 0.470602  0 0
 0.47292  0 0
 0.475238  0 0
 0.477556  0 0
 0.479874  0 0
 0.482193  0 0
 0.484511  0 0
 0.486829  0 0
 0.489147  0 0
 0.491466  0 0
 0.493784  0 0
 0.496102  0 0
 0.49842  0 0
 0.500739  0 0
 0.503057  0 0
 0.505375  0 0
 0.507693  0 0
 0.510011  0 0
 0.51233  0 0
 0.514648  0 0
 0.516966  0 0
 0.519284  0 0
 0.521603  0 0
 0.523921  0 0
 0.526239  0 0
 0.528557  0 0
 0.530876  0 0
 0.533194  0 0
 0.535512  0 0
 0.53783  0 0
 0.540149  0 0
 0.542467  0 0
 0.544785  0 0
 0.547103  0 0
 0.549421  0 0
 0.55174  0 0
 0.554058  0 0
 0.556376  0 0
 0.558694  0 0
 0.561013  0 0
 0.563331  0 0
 0.565649  0 0
 0.567967  0 0
 0.570286  0 0
 0.572604  0 0
 0.574922  0 0
 0.57724  0 0
 0.579559  0 0
 0.581877  0 0
 0.584195  0 0
 0.586513  0 0
 0.588831  0 0
 0.59115  0 0
 0.593468  0 0
 0.595786  0 0
 0.598104  0 0
 0.600423  0 0
 0.602741  0 0
 0.605059  0 0
 0.607377  0 0
 0.609696  0 0
 0.612014  0 0
 0.614332  0 0
 0.61665  0 0
 0.618968  0 0
 0.621287  0 0
 0.623605  0 0
 0.625923  0 0
 0.628241  0 0
 0.63056  0 0
 0.632878  0 0
 0.635196  0 0
 0.637514  0 0
 0.639833  0 0
 0.642151  0 0
 0.644469  0 0
 0.646787  0 0
 0.649106  0 0
 0.651424  0 0
 0.653742  0 0
 0.65606  0 0
 0.658378  0 0
 0.660697  0 0
 0.663015  0 0
 0.665333  0 0
 0.667651  0 0
 0.66997  0 0
 0.672288  0 0
 0.674606  0 0
 0.676924  0 0
 0.679243  0 0
 0.681561  0 0
 0.683879  0 0
 0.686197  0 0
 0.688516  0 0
 0.690834  0 0
 0.693152  0 0
 0.69547  0 0
 0.697788  0 0
 0.700107  0 0
 0.702425  0 0
 0.704743  0 0
 0.707061  0 0
 0.70938  0 0
 0.711698  0 0
 0.714016  0 0
 0.716334  0 0
 0.718653  0 0
 0.720971  0 0
 0.723289  0 0
 0.725607  0 0
 0.727925  0 0
 0.730244  0 0
 0.732562  0 0
 0.73488  0 0
 0.737198  0 0
 0.739517  0 0
 0.741835  0 0
 0.744153  0 0
 0.746471  0 0
 0.74879  0 0
 0.751108  0 0
 0.753426  0 0
 0.755744  0 0
 0.758063  0 0
 0.760381  0 0
 0.762699  0 0
 0.765017  0 0
 0.767335  0 0
 0.769654  0 0
 0.771972  0 0
 0.77429  0 0
 0.776608  0 0
 0.778927  0 0
 0.781245  0 0
 0.783563  0 0
 0.785881  0 0
 0.7882  0 0
 0.790518  0 0
 0.792836  0 0
 0.795154  0 0
 0.797473  0 0
 0.799791  0 0
 0.802109  0 0
 0.804427  0 0
 0.806745  0 0
 0.809064  0 0
 0.811382  0 0
 0.8137  0 0
 0.816018  0 0
 0.818337  0 0
 0.820655  0 0
 0.822973  0 0
 0.825291  0 0
 0.82761  0 0
 0.829928  0 0
 0.832246  0 0
 0.834564  0 0
 0.836882  0 0
 0.839201  0 0
 0.841519  0 0
 0.843837  0 0
 0.846155  0 0
 0.848474  0 0
 0.850792  0 0
 0.85311  0 0
 0.855428  0 0
 0.857747  0 0
 0.860065  0 0
 0.862383  0 0
 0.864701  0 0
 0.86702  0 0
 0.869338  0 0
 0.871656  0 0
 0.873974  0 0
 0.876292  0 0
 0.878611  0 0
 0.880929  0 0
 0.883247  0 0
 0.885565  0 0
 0.887884  0 0
 0.890202  0 0
 0.89252  3.61787e-05 3.58151e-05
 0.894838  0.000208752 0.000117882
 0.897157  0.000279288 0.000138599
 0.899475  0.000270728 0.000110169
 0.901793  0.00060247 0.000173978
 0.904111  0.00114942 0.000309117
 0.90643  0.00121371 0.00024549
 0.908748  0.00146579 0.000270512
 0.911066  0.00290281 0.000429748
 0.913384  0.0045049 0.000514732
 0.915702  0.00554769 0.00055013
 0.918021  0.00796156 0.000668839
 0.920339  0.0108547 0.000656524
 0.922657  0.0140167 0.00096072
 0.924975  0.0180295 0.00124686
 0.927294  0.021486 0.00113414
 0.929612  0.0292836 0.001235
 0.93193  0.0369174 0.00131282
 0.934248  0.0481077 0.00170941
 0.936567  0.0597654 0.00187444
 0.938885  0.072949 0.0016068
 0.941203  0.0884622 0.00210491
 0.943521  0.109974 0.00254652
 0.945839  0.135798 0.00308854
 0.948158  0.157002 0.00328225
 0.950476  0.194098 0.00361749
 0.952794  0.225174 0.00355592
 0.955112  0.263498 0.00394902
 0.957431  0.307607 0.00394781
 0.959749  0.349966 0.00408034
 0.962067  0.41227 0.00437293
 0.964385  0.477388 0.00471195
 0.966704  0.548404 0.00636118
 0.969022  0.615078 0.00621882
 0.97134  0.696381 0.00635267
 0.973658  0.775815 0.00678855
 0.975977  0.870226 0.00764719
 0.978295  0.98618 0.00811714
 0.980613  1.09102 0.00735447
 0.982931  1.18894 0.00787868
 0.985249  1.30158 0.00716943
 0.987568  1.42108 0.00847589
 0.989886  1.54271 0.00812654
 0.992204  1.68492 0.00874458
 0.994522  1.81424 0.00881278
 0.996841  1.93679 0.00941843
 0.999159  2.07894 0.00876331
 1.00148  2.22432 0.0110176
 1.0038  2.36297 0.011416
 1.00611  2.51978 0.011383
 1.00843  2.66979 0.0131729
 1.01075  2.79109 0.0125497
 1.01307  2.94813 0.0112857
 1.01539  3.07404 0.0135479
 1.0177  3.20576 0.0137961
 1.02002  3.34991 0.0174029
 1.02234  3.48446 0.0178038
 1.02466  3.63074 0.016233
 1.02698  3.74052 0.0176432
 1.0293  3.86498 0.0171353
 1.03161  3.98363 0.0160413
 1.03393  4.10554 0.0183137
 1.03625  4.19891 0.017442
 1.03857  4.29513 0.0165062
 1.04089  4.38294 0.0146981
 1.04321  4.47608 0.0167386
 1.04552  4.54686 0.0163455
 1.04784  4.5963 0.0166217
 1.05016  4.66414 0.0168304
 1.05248  4.72807 0.015808
 1.0548  4.79273 0.0136673
 1.05711  4.82437 0.0142092
 1.05943  4.84786 0.0175311
 1.06175  4.86435 0.0186794
 1.06407  4.86681 0.0162313
 1.06639  4.88172 0.0156911
 1.06871  4.86683 0.015064
 1.07102  4.86931 0.0149865
 1.07334  4.8492 0.0167902
 1.07566  4.83646 0.0166038
 1.07798  4.79415 0.0164696
 1.0803  4.78366 0.0157229
 1.08262  4.74512 0.0161863
 1.08493  4.69117 0.0177999
 1.08725  4.63112 0.0169527
 1.08957  4.56029 0.0153352
 1.09189  4.51032 0.0153036
 1.09421  4.44624 0.0144112
 1.09652  4.3886 0.0119639
 1.09884  4.31329 0.0145535
 1.10116  4.25271 0.0141996
 1.10348  4.16909 0.0127056
 1.1058  4.08899 0.0136422
 1.10812  4.00851 0.0134739
 1.11043  3.92021 0.0134113
 1.11275  3.8131 0.0139999
 1.11507  3.7226 0.0153204
 1.11739  3.64105 0.0117795
 1.11971  3.54025 0.0121364
 1.12203  3.45359 0.0125552
 1.12434  3.34899 0.0107364
 1.12666  3.25511 0.00933214
 1.12898  3.17016 0.0124154
 1.1313  3.06103 0.0120239
 1.13362  2.98001 0.0134574
 1.13593  2.87919 0.0131346
 1.13825  2.76803 0.0123292
 1.14057  2.68415 0.0113538
 1.14289  2.59697 0.0123716
 1.14521  2.50176 0.0150899
 1.14753  2.4147 0.0115341
 1.14984  2.31876 0.00959745
 1.15216  2.21443 0.00968065
 1.15448  2.15043 0.00983081
 1.1568  2.06183 0.00767791
 1.15912  1.97699 0.00882946
 1.16144  1.88603 0.00862756
 1.16375  1.81992 0.00842931
 1.16607  1.75704 0.00901134
 1.16839  1.66997 0.00872996
 1.17071  1.59176 0.00846883
 1.17303  1.52364 0.00847296
 1.17534  1.45272 0.00863703
 1.17766  1.38497 0.00844801
 1.17998  1.31897 0.00739434
 1.1823  1.26279 0.00706997
 1.18462  1.19585 0.00660666
 1.18694  1.13106 0.00685961
 1.18925  1.07742 0.00685328
 1.19157  1.0265 0.00707877
 1.19389  0.97893 0.00541914
 1.19621  0.930703 0.00687722
 1.19853  0.87806 0.00570232
 1.20085  0.838634 0.00548766
 1.20316  0.790317 0.00644256
 1.20548  0.736011 0.00568968
 1.2078  0.699808 0.00505534
 1.21012  0.665922 0.00522266
 1.21244  0.629353 0.00489999
 1.21475  0.590925 0.00495101
 1.21707  0.554462 0.00442518
 1.21939  0.52461 0.00426252
 1.22171  0.491035 0.00415336
 1.22403  0.459832 0.00462684
 1.22635  0.42975 0.00446107
 1.22866  0.408156 0.00436022
 1.23098  0.381879 0.0042259
 1.2333  0.354902 0.0038654
 1.23562  0.341335 0.0042128
 1.23794  0.31693 0.00455597
 1.24026  0.28927 0.00406225
 1.24257  0.270388 0.00339743
 1.24489  0.259549 0.00387903
 1.24721  0.242611 0.00367594
 1.24953  0.226133 0.0034158
 1.25185  0.205178 0.003627
 1.25416  0.194578 0.00306155
 1.25648  0.182674 0.00350984
 1.2588  0.169196 0.00372018
 1.26112  0.157121 0.0026559
 1.26344  0.144884 0.00269126
 1.26576  0.13167 0.00295857
 1.26807  0.123305 0.00257433
 1.27039  0.114925 0.002595
 1.27271  0.106369 0.00215072
 1.27503  0.0988407 0.00193482
 1.27735  0.0935401 0.00213378
 1.27967  0.088883 0.00210377
 1.28198  0.0794399 0.00214862
 1.2843  0.0750828 0.00170194
 1.28662  0.0717392 0.00194148
 1.28894  0.0694435 0.00180323
 1.29126  0.0663195 0.00182483
 1.29357  0.0631106 0.0016405
 1.29589  0.059409 0.00152585
 1.29821  0.0587625 0.00175535
 1.30053  0.0550916 0.00168568
 1.30285  0.0536826 0.00191445
 1.30517  0.0521106 0.00176041
 1.30748  0.049753 0.00158845
 1.3098  0.048175 0.00142004
 1.31212  0.0476935 0.00162588
 1.31444  0.0452785 0.0015899
 1.31676  0.0444572 0.00136519
 1.31908  0.0450373 0.00170951
 1.32139  0.0454577 0.00162854
 1.32371  0.0431719 0.00159995
 1.32603  0.0446715 0.00143709
 1.32835  0.0472588 0.00184761
 1.33067  0.0487235 0.00186788
 1.33298  0.0487393 0.00177444
 1.3353  0.0505246 0.00180842
 1.33762  0.0519716 0.00166323
 1.33994  0.0546389 0.00207414
 1.34226  0.0558305 0.00200409
 1.34458  0.0588932 0.00186996
 1.34689  0.0611362 0.0018224
 1.34921  0.0659496 0.00202487
 1.35153  0.068045 0.00204556
 1.35385  0.0704626 0.00207052
 1.35617  0.0749648 0.00192439
 1.35849  0.0815336 0.00217869
 1.3608  0.0864341 0.00193527
 1.36312  0.089826 0.00180322
 1.36544  0.0946179 0.00201048
 1.36776  0.0994847 0.00224544
 1.37008  0.104333 0.00201173
 1.37239  0.110864 0.00244703
 1.37471  0.118953 0.00254151
 1.37703  0.124681 0.00245487
 1.37935  0.133165 0.002998
 1.38167  0.141187 0.00327717
 1.38399  0.151408 0.00313027
 1.3863  0.157602 0.00316868
 1.38862  0.167151 0.00338173
 1.39094  0.179426 0.0033867
 1.39326  0.186578 0.00347312
 1.39558  0.192539 0.00304775
 1.3979  0.203542 0.00300325
 1.40021  0.213557 0.00335902
 1.40253  0.229693 0.00369179
 1.40485  0.243041 0.00406714
 1.40717  0.250636 0.00352599
 1.40949  0.260297 0.00393401
 1.4118  0.273884 0.0043042
 1.41412  0.288149 0.00414332
 1.41644  0.301468 0.0038412
 1.41876  0.310313 0.00367015
 1.42108  0.324555 0.0040998
 1.4234  0.342528 0.0037373
 1.42571  0.357314 0.00385882
 1.42803  0.368966 0.00409746
 1.43035  0.385225 0.00425829
 1.43267  0.400945 0.00371309
 1.43499  0.416213 0.00404704
 1.43731  0.433205 0.00349399
 1.43962  0.450826 0.00407003
 1.44194  0.464874 0.00440793
 1.44426  0.4812 0.00407609
 1.44658  0.5004 0.00429282
 1.4489  0.51669 0.00417838
 1.45121  0.534118 0.00421729
 1.45353  0.556479 0.00473633
 1.45585  0.579607 0.00467797
 1.45817  0.590835 0.00395424
 1.46049  0.605514 0.00346196
 1.46281  0.627912 0.00505698
 1.46512  0.651533 0.00450815
 1.46744  0.665865 0.00422902
 1.46976  0.686316 0.00478335
 1.47208  0.700844 0.00365074
 1.4744  0.711322 0.00432138
 1.47672  0.723232 0.0045952
 1.47903  0.74697 0.00518754
 1.48135  0.767259 0.00449884
 1.48367  0.777038 0.00455701
 1.48599  0.790828 0.00544179
 1.48831  0.805313 0.00499552
 1.49062  0.811166 0.00532559
 1.49294  0.829699 0.00576598
 1.49526  0.847407 0.00527518
 1.49758  0.857749 0.00512974
 1.4999  0.861391 0.00430171
 1.50222  0.881119 0.00544696
 1.50453  0.893524 0.00555775
 1.50685  0.896664 0.00514036
 1.50917  0.906692 0.00493606
 1.51149  0.908542 0.005311
 1.51381  0.92384 0.00577311
 1.51613  0.93237 0.00521887
 1.51844  0.9349 0.0062737
 1.52076  0.946108 0.00590667
 1.52308  0.947138 0.00561181
 1.5254  0.944936 0.00569559
 1.52772  0.948105 0.005784
 1.53003  0.950239 0.00562691
 1.53235  0.955448 0.00699575
 1.53467  0.953029 0.00726674
 1.53699  0.951869 0.00563677
 1.53931  0.945852 0.00668003
 1.54163  0.946365 0.00625413
 1.54394  0.944401 0.00549599
 1.54626  0.939913 0.00706373
 1.54858  0.938811 0.00691876
 1.5509  0.942266 0.00641645
 1.55322  0.93237 0.00663749
 1.55554  0.913641 0.00576049
 1.55785  0.903363 0.00546781
 1.56017  0.898191 0.00494848
 1.56249  0.893064 0.00508128
 1.56481  0.878394 0.00550611
 1.56713  0.86735 0.0056903
 1.56944  0.857962 0.0048605
 1.57176  0.840426 0.00500781
 1.57408  0.825068 0.00478744
 1.5764  0.814499 0.00467612
 1.57872  0.808719 0.0060065
 1.58104  0.79252 0.00552079
 1.58335  0.773166 0.00523524
 1.58567  0.758329 0.00533775
 1.58799  0.740862 0.00473918
 1.59031  0.72392 0.00454366
 1.59263  0.707526 0.00420283
 1.59495  0.69073 0.00485606
 1.59726  0.676168 0.00444937
 1.59958  0.654493 0.00455498
 1.6019  0.632596 0.00456222
 1.60422  0.622261 0.00386851
 1.60654  0.614652 0.00413511
 1.60885  0.591561 0.00386961
 1.61117  0.574363 0.00410521
 1.61349  0.557906 0.00389095
 1.61581  0.537467 0.00335489
 1.61813  0.521019 0.0030407
 1.62045  0.504883 0.00339444
 1.62276  0.486957 0.00335848
 1.62508  0.467875 0.00371054
 1.6274  0.453381 0.00337921
 1.62972  0.437625 0.00351406
 1.63204  0.424363 0.00366006
 1.63436  0.406204 0.00389852
 1.63667  0.391351 0.00326893
 1.63899  0.374592 0.00332066
 1.64131  0.358784 0.003219
 1.64363  0.34676 0.00330545
 1.64595  0.335455 0.00305703
 1.64826  0.319495 0.00317544
 1.65058  0.305632 0.00392184
 1.6529  0.293331 0.00311874
 1.65522  0.282491 0.00285622
 1.65754  0.272596 0.00329042
 1.65986  0.266371 0.00310945
 1.66217  0.255821 0.00335756
 1.66449  0.246675 0.00288418
 1.66681  0.237563 0.00256368
 1.66913  0.232486 0.00263245
 1.67145  0.224184 0.0028498
 1.67376  0.217475 0.00300606
 1.67608  0.213024 0.00299452
 1.6784  0.20886 0.00346113
 1.68072  0.204029 0.00285849
 1.68304  0.202922 0.00272618
 1.68536  0.19852 0.00277146
 1.68767  0.197092 0.00329788
 1.68999  0.197237 0.00311895
 1.69231  0.199138 0.00331474
 1.69463  0.202762 0.00315785
 1.69695  0.204379 0.00300138
 1.69927  0.207461 0.00330198
 1.70158  0.208312 0.00333279
 1.7039  0.215013 0.00358233
 1.70622  0.221332 0.00312628
 1.70854  0.226361 0.00304081
 1.71086  0.234351 0.00306618
 1.71317  0.243323 0.00338846
 1.71549  0.255638 0.0031407
 1.71781  0.26718 0.00355472
 1.72013  0.282125 0.00359598
 1.72245  0.297363 0.00358927
 1.72477  0.311339 0.00358783
 1.72708  0.326386 0.00366397
 1.7294  0.342622 0.0034004
 1.73172  0.360356 0.00333672
 1.73404  0.380872 0.00372848
 1.73636  0.404426 0.00380686
 1.73868  0.428123 0.00416839
 1.74099  0.452982 0.00411209
 1.74331  0.482375 0.00438678
 1.74563  0.512473 0.00446648
 1.74795  0.538227 0.00436798
 1.75027  0.56593 0.0042916
 1.75258  0.594239 0.00430137
 1.7549  0.625675 0.00522082
 1.75722  0.661296 0.00528356
 1.75954  0.699097 0.00463223
 1.76186  0.741631 0.00522995
 1.76418  0.779879 0.00514973
 1.76649  0.82122 0.00550244
 1.76881  0.860549 0.00534964
 1.77113  0.898987 0.00471966
 1.77345  0.943275 0.00466337
 1.77577  0.984443 0.00495571
 1.77809  1.02935 0.00419518
 1.7804  1.07443 0.00429041
 1.78272  1.12537 0.00567159
 1.78504  1.17668 0.0060119
 1.78736  1.22248 0.00635726
 1.78968  1.27587 0.00691618
 1.79199  1.32457 0.00636495
 1.79431  1.3813 0.00553231
 1.79663  1.43289 0.00613811
 1.79895  1.48242 0.00633433
 1.80127  1.53845 0.00595415
 1.80359  1.59032 0.00573872
 1.8059  1.64227 0.00619051
 1.80822  1.68527 0.0062083
 1.81054  1.74268 0.00595064
 1.81286  1.80396 0.00588655
 1.81518  1.8545 0.00655826
 1.8175  1.90891 0.00617675
 1.81981  1.95677 0.0060507
 1.82213  2.00821 0.00653415
 1.82445  2.06175 0.00639798
 1.82677  2.10353 0.00614274
 1.82909  2.15233 0.00588489
 1.8314  2.20828 0.00754579
 1.83372  2.25524 0.00753178
 1.83604  2.30759 0.00920939
 1.83836  2.34159 0.00864621
 1.84068  2.37774 0.00862848
 1.843  2.41213 0.00877916
 1.84531  2.453 0.0079466
 1.84763  2.48912 0.00884431
 1.84995  2.5123 0.00816759
 1.85227  2.54029 0.00918421
 1.85459  2.55701 0.00850972
 1.85691  2.58167 0.00894131
 1.85922  2.60903 0.00797579
 1.86154  2.63504 0.00783147
 1.86386  2.64615 0.0080539
 1.86618  2.65389 0.00889256
 1.8685  2.67051 0.00820256
 1.87081  2.67838 0.0073975
 1.87313  2.6702 0.007884
 1.87545  2.67731 0.00722622
 1.87777  2.68573 0.00710335
 1.88009  2.6714 0.00823153
 1.88241  2.67736 0.00776654
 1.88472  2.67384 0.00737923
 1.88704  2.66932 0.00825132
 1.88936  2.64747 0.00840358
 1.89168  2.63352 0.00953093
 1.894  2.61211 0.00912466
 1.89632  2.59311 0.00804604
 1.89863  2.57449 0.00843647
 1.90095  2.55436 0.00814474
 1.90327  2.52214 0.00877179
 1.90559  2.48261 0.00893224
 1.90791  2.45358 0.00863555
 1.91022  2.42087 0.00819221
 1.91254  2.39052 0.00910182
 1.91486  2.34759 0.00818255
 1.91718  2.31011 0.00817082
 1.9195  2.27257 0.00759522
 1.92182  2.23508 0.00779848
 1.92413  2.19186 0.00876305
 1.92645  2.14533 0.00736909
 1.92877  2.0875 0.00790172
 1.93109  2.04689 0.0072746
 1.93341  1.99131 0.00595362
 1.93573  1.94484 0.00614957
 1.93804  1.90409 0.00668193
 1.94036  1.85729 0.00658366
 1.94268  1.7989 0.00511528
 1.945  1.74915 0.00441457
 1.94732  1.69519 0.00485841
 1.94963  1.64871 0.00556835
 1.95195  1.60001 0.00659102
 1.95427  1.55751 0.00566612
 1.95659  1.50572 0.00483492
 1.95891  1.45663 0.00511485
 1.96123  1.40076 0.00478131
 1.96354  1.3565 0.0045916
 1.96586  1.30833 0.00448779
 1.96818  1.25821 0.00507352
 1.9705  1.22239 0.00462688
 1.97282  1.17501 0.00485087
 1.97514  1.12742 0.00445199
 1.97745  1.09032 0.00420366
 1.97977  1.04804 0.00390046
 1.98209  1.01313 0.00348026
 1.98441  0.970322 0.00351513
 1.98673  0.932595 0.00413896
 1.98904  0.894086 0.00454575
 1.99136  0.855708 0.00449867
 1.99368  0.823516 0.00449908
 1.996  0.793676 0.00458153
 1.99832  0.760655 0.0043784
 2.00064  0.728648 0.00406675
 2.00295  0.70384 0.00479546
 2.00527  0.672242 0.00397925
 2.00759  0.642387 0.003921
 2.00991  0.621437 0.00468219
 2.01223  0.598876 0.00422947
 2.01455  0.578753 0.00427323
 2.01686  0.559429 0.00405779
 2.01918  0.54097 0.00352315
 2.0215  0.524904 0.00359868
 2.02382  0.509551 0.00333208
 2.02614  0.500726 0.00351231
 2.02845  0.488329 0.00346581
 2.03077  0.478835 0.00398923
 2.03309  0.468426 0.00419317
 2.03541  0.45929 0.00429565
 2.03773  0.451312 0.00420467
 2.04005  0.447407 0.00386647
 2.04236  0.440489 0.00416257
 2.04468  0.441583 0.00431543
 2.047  0.443409 0.00435673
 2.04932  0.443465 0.00422794
 2.05164  0.446415 0.00390159
 2.05396  0.447094 0.00374227
 2.05627  0.451993 0.00338225
 2.05859  0.456263 0.00350634
 2.06091  0.466472 0.00362201
 2.06323  0.471604 0.00388177
 2.06555  0.479927 0.00412871
 2.06786  0.491138 0.00410001
 2.07018  0.503785 0.00350672
 2.0725  0.511083 0.00317633
 2.07482  0.525677 0.003716
 2.07714  0.53814 0.00375593
 2.07946  0.552489 0.00326719
 2.08177  0.567649 0.00380599
 2.08409  0.582751 0.00431347
 2.08641  0.59536 0.00376278
 2.08873  0.606386 0.00353875
 2.09105  0.625212 0.00383127
 2.09337  0.640524 0.00330277
 2.09568  0.660707 0.00227276
 2.098  0.675032 0.00242088
 2.10032  0.694634 0.0030797
 2.10264  0.709532 0.00295655
 2.10496  0.725824 0.00356861
 2.10727  0.739158 0.00339254
 2.10959  0.756192 0.00312914
 2.11191  0.775149 0.00331276
 2.11423  0.789985 0.00353726
 2.11655  0.808491 0.003722
 2.11887  0.825954 0.00357186
 2.12118  0.840735 0.00312268
 2.1235  0.853592 0.00316135
 2.12582  0.869748 0.00296091
 2.12814  0.885228 0.00334621
 2.13046  0.895704 0.00359082
 2.13278  0.908722 0.00285572
 2.13509  0.922572 0.00296935
 2.13741  0.931551 0.0030994
 2.13973  0.943107 0.00357795
 2.14205  0.958764 0.0037821
 2.14437  0.966485 0.00328981
 2.14668  0.975023 0.00394052
 2.149  0.986345 0.00440867
 2.15132  0.989185 0.00455416
 2.15364  0.996143 0.00453316
 2.15596  1.00018 0.00410529
 2.15828  1.00127 0.00363827
 2.16059  1.00683 0.00399324
 2.16291  1.01088 0.00428773
 2.16523  1.01387 0.00418107
 2.16755  1.01403 0.00347311
 2.16987  1.0129 0.00399151
 2.17219  1.00922 0.00361008
 2.1745  1.0094 0.00387011
 2.17682  1.00281 0.00346159
 2.17914  1.00197 0.003322
 2.18146  0.994575 0.00421543
 2.18378  0.989747 0.00392841
 2.18609  0.981861 0.00440374
 2.18841  0.973258 0.00444031
 2.19073  0.965095 0.00415942
 2.19305  0.957869 0.00395727
 2.19537  0.943544 0.00426558
 2.19769  0.931669 0.00452303
 2.2  0.920347 0.0042907
 2.20232  0.907799 0.00386953
 2.20464  0.897209 0.00351631
 2.20696  0.888815 0.00389469
 2.20928  0.877744 0.00412773
 2.2116  0.862601 0.00344924
 2.21391  0.849326 0.00319125
 2.21623  0.836542 0.00356648
 2.21855  0.825379 0.00319733
 2.22087  0.812763 0.00295489
 2.22319  0.806502 0.0031829
 2.2255  0.789872 0.00312926
 2.22782  0.773532 0.0033393
 2.23014  0.761451 0.0031296
 2.23246  0.747118 0.00315589
 2.23478  0.730314 0.00328571
 2.2371  0.719021 0.00365881
 2.23941  0.705397 0.00306737
 2.24173  0.69187 0.00333001
 2.24405  0.680829 0.00365759
 2.24637  0.671609 0.00298798
 2.24869  0.658231 0.00297713
 2.25101  0.649062 0.00310972
 2.25332  0.640853 0.00328664
 2.25564  0.631243 0.00375629
 2.25796  0.621385 0.00371719
 2.26028  0.612044 0.0036652
 2.2626  0.605068 0.00343804
 2.26491  0.603881 0.00325004
 2.26723  0.599362 0.00340015
 2.26955  0.592363 0.00370248
 2.27187  0.58801 0.00410103
 2.27419  0.579493 0.00361677
 2.27651  0.576738 0.00377273
 2.27882  0.576658 0.00492071
 2.28114  0.573494 0.0044224
 2.28346  0.572996 0.00406033
 2.28578  0.575726 0.00441936
 2.2881  0.578096 0.00399122
 2.29042  0.580165 0.00394279
 2.29273  0.584283 0.00406402
 2.29505  0.592098 0.00439806
 2.29737  0.592883 0.00430295
 2.29969  0.60098 0.0046956
 2.30201  0.612986 0.00451247
 2.30432  0.618675 0.0044263
