15.7375 0
15.4157 0.321776
15.2814 0.229225
15.2701 0.162482
15.0083 0.290475
14.9337 0.248613
15.0223 0.228007
15.1611 0.241352
15.1115 0.218556
15.0817 0.197732
15.0003 0.196505
15.0214 0.180618
15.045 0.167805
15.0392 0.155464
14.9702 0.160352
14.9757 0.150099
14.8863 0.16697
14.9503 0.16994
14.9448 0.16084
14.9222 0.154252
14.9246 0.146743
14.9498 0.142152
14.9184 0.139416
14.9126 0.133605
14.915 0.128173
14.934 0.124597
14.9584 0.122358
14.9834 0.120512
14.9902 0.116486
14.9864 0.112602
14.9892 0.108947
15.0195 0.109731
15.0006 0.108015
15.0104 0.10525
15.0066 0.10227
14.9784 0.103326
14.9845 0.100683
14.9989 0.0990511
15.0039 0.0966046
15.0018 0.0941816
14.9777 0.0949668
14.9854 0.0929986
15.0048 0.092849
15.0258 0.0931314
15.0112 0.0922145
14.992 0.0921952
14.9914 0.0902148
14.9806 0.0889661
14.9524 0.0915995
14.9575 0.0898986
14.9619 0.0882275
14.9619 0.0865142
14.9604 0.084879
14.9531 0.083617
14.9689 0.0836063
14.9481 0.0846991
14.9539 0.0834006
14.9481 0.0821561
14.9646 0.0824154
14.9475 0.0827997
14.9364 0.0821874
14.9388 0.080886
14.938 0.0795962
14.9519 0.0795775
14.9672 0.0798283
14.9615 0.0788212
14.9692 0.0780236
14.9669 0.0769048
14.9689 0.0758097
14.964 0.0748791
14.9742 0.0745166
14.9988 0.0774973
15.0105 0.0773099
15.0134 0.0763127
15.0141 0.0752921
15.011 0.074361
15.0097 0.0733996
15.0147 0.0726203
15.0122 0.0717392
15.0162 0.0709519
15.0192 0.070136
15.0114 0.0697128
15.0098 0.0688869
15.0063 0.0681512
14.9998 0.0676613
14.9937 0.067145
14.9844 0.0670114
14.9816 0.0663048
14.9827 0.0655634
14.981 0.0648523
14.9748 0.0644314
14.9735 0.0637404
14.9743 0.0630561
14.9757 0.062397
14.98 0.0618845
14.9891 0.0619144
15.0031 0.0628617
15.0026 0.0622194
14.9993 0.0616739
14.9914 0.0615667
14.9915 0.0609541
14.9965 0.0605605
15.001 0.060144
15.0047 0.059677
15.0121 0.0595679
15.0165 0.0591669
15.0043 0.0598665
14.9969 0.0597762
15.0038 0.0596234
15.0142 0.0599929
15.0144 0.0594505
15.0121 0.0589629
15.0099 0.058482
15.0206 0.0589489
15.0109 0.0592386
15.0166 0.0590025
15.0113 0.0587296
15.014 0.0582916
15.0134 0.0578027
15.0168 0.0574189
15.0165 0.0569435
15.0138 0.0565361
15.024 0.0569912
15.0297 0.0568106
15.0248 0.0565621
15.0198 0.0563339
15.0208 0.0558971
15.0177 0.0555442
15.0074 0.0560647
15.0138 0.0560008
15.0125 0.0555879
15.0197 0.0556298
15.0213 0.0552344
15.0291 0.0553679
15.0271 0.0549898
15.0293 0.0546259
15.0359 0.0546298
15.0473 0.0554143
15.0532 0.0553319
15.0477 0.055216
15.0436 0.054974
15.0449 0.0546022
15.0488 0.0543562
15.055 0.0543374
15.0592 0.0541249
15.062 0.0538254
15.0641 0.053498
15.0687 0.0533319
15.0688 0.0529729
15.0705 0.052646
15.0669 0.0524236
15.0612 0.0523819
15.0608 0.0520404
15.0573 0.0518193
15.0588 0.0515061
15.0549 0.05132
15.0553 0.0509936
15.0496 0.050989
15.0513 0.0506946
15.0506 0.050381
15.0392 0.0513638
15.0327 0.0514598
15.0352 0.0512061
15.0331 0.0509345
15.0344 0.0506407
15.0315 0.0504178
15.0327 0.0501299
15.0279 0.0500599
15.0302 0.0498129
15.0293 0.0495275
15.0307 0.0492595
15.0317 0.0489817
15.0307 0.0487074
15.0376 0.048914
15.0367 0.048643
15.0371 0.0483673
15.0378 0.0480994
15.0387 0.047837
15.0424 0.0477129
15.038 0.0476586
15.033 0.0476528
15.0296 0.0475109
15.0294 0.047251
15.0267 0.047075
15.0269 0.0468205
15.0296 0.0466449
15.0282 0.0464147
15.029 0.0461734
15.0312 0.0459813
15.0254 0.0460962
15.0279 0.0459174
15.0282 0.0456787
15.0299 0.0454763
15.0306 0.0452463
15.029 0.0450424
15.0283 0.0448181
15.0264 0.0446279
15.0272 0.0444077
15.0322 0.0444661
15.0322 0.0442432
15.0315 0.0440285
15.0337 0.0438699
15.0314 0.0437147
15.0308 0.0435038
15.0295 0.0433114
15.0315 0.0431461
15.0276 0.0431117
15.0287 0.0429163
15.0281 0.0427141
15.0289 0.0425168
15.0312 0.0423778
15.0292 0.0422235
15.0259 0.0421562
15.0284 0.0420356
15.0301 0.0418726
15.0257 0.0419031
15.0244 0.0417324
15.0225 0.0415817
15.0217 0.0413986
15.0193 0.0412836
15.0228 0.0412469
15.0212 0.0410896
15.0214 0.0409054
15.0249 0.0408732
15.0228 0.040746
15.0213 0.0405928
15.0239 0.0404936
15.0285 0.0405829
15.0244 0.0406147
15.025 0.0404415
15.0258 0.0402743
15.0286 0.0401993
15.0228 0.0404383
15.0177 0.040591
15.0139 0.0405948
15.0124 0.0404513
15.0135 0.0402945
15.0131 0.0401267
15.0131 0.0399585
15.0142 0.0398081
15.0168 0.0397264
15.0161 0.0395688
15.0172 0.0394226
15.0227 0.0396363
15.02 0.0395631
15.0194 0.0394068
15.0203 0.039258
15.0242 0.0392897
15.0293 0.039458
15.0293 0.0392998
15.0264 0.0392459
15.0219 0.0393549
15.0222 0.0392004
15.0209 0.0390659
15.0205 0.0389144
15.0216 0.0387754
15.02 0.0386538
15.0168 0.0386384
15.0196 0.0385902
15.0213 0.0384782
15.0188 0.0384085
15.0169 0.0383131
15.0136 0.0383101
15.0098 0.038348
15.0117 0.0382488
15.0086 0.0382308
15.0046 0.0382905
15.0063 0.0381828
15.0057 0.038045
15.0031 0.037995
15.0058 0.0379537
15.0054 0.0378168
15.0106 0.0380392
15.009 0.0379318
15.0086 0.0377963
15.0045 0.0378781
15.005 0.037744
15.0042 0.0376155
15.0049 0.0374861
15.0066 0.0373921
15.0101 0.0374228
15.0061 0.0375087
15.0072 0.0373945
15.006 0.0372821
15.007 0.0371638
15.0079 0.0370445
15.0079 0.0369153
15.005 0.0368988
15.0059 0.0367828
15.0093 0.0368142
15.0103 0.0367
15.0108 0.036578
15.0129 0.0365092
15.0132 0.0363868
15.0104 0.0363736
15.0094 0.0362643
15.008 0.0361707
15.0066 0.0360734
15.0046 0.0360081
15.006 0.035913
15.0037 0.0358689
15.0039 0.0357509
15.0062 0.0357037
15.01 0.0357897
15.01 0.0356721
15.0098 0.0355558
15.0122 0.0355234
15.0099 0.0354818
15.0067 0.0355152
15.0073 0.0354063
15.0082 0.0353043
15.0068 0.0352221
15.0067 0.0351094
15.0042 0.0350882
15.0015 0.035083
15.0032 0.0350135
15.0012 0.0349586
15.0048 0.0350385
15.0085 0.0351213
15.0077 0.0350201
15.0053 0.0349929
15.004 0.0349079
15.0054 0.0348252
15.0057 0.0347188
15.0043 0.034638
15.0039 0.0345346
15.0011 0.0345412
14.9999 0.0344555
15.001 0.0343669
14.998 0.0343912
14.9982 0.0342881
14.9976 0.0341908
14.9981 0.0340923
14.9981 0.0339901
14.9985 0.033891
14.9984 0.0337905
14.9958 0.0337911
14.9994 0.0338839
15.0031 0.0339877
15.0038 0.0338949
15.0039 0.0337956
15.0038 0.0336967
15.0006 0.0337523
15.0031 0.0337494
15.0045 0.0336799
15.0042 0.033584
15.0062 0.0335448
15.0059 0.0334497
15.0031 0.0334657
15.0022 0.0333832
15.0022 0.033288
15.0006 0.033232
14.9984 0.0332097
14.9983 0.033116
14.9967 0.0330583
14.997 0.0329666
14.998 0.0328902
14.9992 0.0328182
14.9994 0.0327272
15.0001 0.0326447
14.9982 0.0326098
14.9976 0.0325258
14.9984 0.0324456
14.9977 0.0323642
14.9969 0.0322855
14.9941 0.0323145
14.9934 0.0322341
14.9941 0.0321535
14.9955 0.0320976
14.9966 0.0320296
14.9961 0.031947
14.9982 0.0319286
15.0008 0.0319515
15.0008 0.031866
15.0003 0.031784
15.0015 0.0317218
15.0057 0.0319161
15.0043 0.0318635
15.0042 0.0317795
15.0029 0.031724
15.0032 0.0316427
15.0019 0.0315882
15.0041 0.0315837
15.0051 0.0315182
15.0047 0.0314391
15.0012 0.0315488
15.0008 0.0314707
14.9996 0.0314091
14.9987 0.0313433
14.998 0.0312691
14.9976 0.0311918
14.9971 0.0311176
14.9947 0.0311303
14.9935 0.0310719
14.9953 0.0310441
14.9938 0.0310044
14.9924 0.0309539
14.9925 0.030876
14.9913 0.0308195
14.9895 0.0307945
14.9896 0.0307176
14.9897 0.0306414
14.991 0.0305921
14.9909 0.0305163
14.9892 0.0304885
14.9871 0.0304892
14.984 0.0305695
14.986 0.0305617
14.9882 0.0305683
14.9865 0.0305417
14.9873 0.030476
14.9914 0.0306879
14.9878 0.0308296
14.9868 0.0307698
14.9887 0.0307498
14.9905 0.0307312
14.9889 0.0306976
14.9884 0.0306294
14.9877 0.030564
14.9859 0.0305444
14.9852 0.0304782
14.9866 0.0304361
14.9852 0.030395
14.9866 0.0303535
14.9858 0.0302929
14.9858 0.0302217
14.9878 0.0302198
14.9872 0.030156
14.9857 0.0301214
14.9857 0.0300513
14.9847 0.0299989
14.987 0.030023
14.9873 0.0299551
14.9882 0.0298982
14.9883 0.0298296
14.9902 0.0298185
14.9917 0.0297901
14.9908 0.0297351
14.9914 0.0296739
14.9929 0.0296422
14.995 0.0296501
14.9967 0.0296314
14.9993 0.029681
14.9999 0.0296191
14.9997 0.0295528
14.9983 0.0295217
14.9982 0.0294556
14.9962 0.0294579
14.9979 0.029438
14.996 0.0294294
14.9953 0.0293728
14.9944 0.0293228
14.9939 0.0292624
14.9933 0.0292031
14.9951 0.0291927
14.9954 0.0291304
14.9938 0.0291137
14.9929 0.0290632
14.995 0.0290795
14.9961 0.0290353
14.994 0.0290468
14.9947 0.0289928
14.9926 0.0290065
14.9905 0.0290224
14.9911 0.0289666
14.9916 0.0289087
14.9941 0.0289504
14.9951 0.0289078
14.9951 0.0288461
14.9952 0.0287852
14.9947 0.0287293
14.9944 0.0286698
14.9953 0.0286227
14.9968 0.0286022
14.9963 0.0285459
14.9961 0.0284866
14.9947 0.0284641
14.9972 0.0285138
14.9981 0.0284686
14.9966 0.0284482
14.9967 0.0283893
14.9983 0.0283726
14.9973 0.028329
14.9979 0.0282756
14.9979 0.0282173
14.9972 0.0281667
14.9976 0.0281117
14.9974 0.028055
14.9957 0.0280469
14.996 0.0279914
14.9956 0.0279376
14.9953 0.0278825
14.9954 0.027826
14.9952 0.0277701
14.9931 0.027796
14.9939 0.0277514
14.9943 0.027699
14.9931 0.0276684
14.9908 0.0277115
14.9906 0.0276569
14.9898 0.0276119
14.9885 0.0275876
14.9883 0.0275335
14.9892 0.0274925
14.9895 0.02744
14.9875 0.0274584
14.9865 0.0274237
14.9873 0.0273814
14.9874 0.0273276
14.9874 0.027274
14.9875 0.0272209
14.9888 0.0271957
14.9883 0.0271458
14.9901 0.0271508
14.9902 0.0270982
14.9911 0.0270587
14.9892 0.0270724
14.9894 0.0270213
14.9874 0.0270491
14.9879 0.0270035
14.9889 0.0269693
14.9891 0.0269181
14.9899 0.0268799
14.9933 0.0270418
14.9933 0.0269902
14.9907 0.027062
14.9888 0.0270773
14.9873 0.027068
14.9888 0.0270607
14.989 0.0270102
14.9877 0.0269931
14.9898 0.0270258
14.9902 0.0269778
14.9909 0.0269366
14.99 0.0269028
14.9904 0.0268563
14.9899 0.0268111
14.9897 0.0267623
14.9901 0.0267158
14.9895 0.0266724
14.9888 0.026633
14.9874 0.0266218
14.9862 0.0265989
14.9852 0.0265676
14.9869 0.0265707
14.9846 0.026623
14.9835 0.026597
14.9844 0.0265645
14.9839 0.0265211
14.9832 0.0264824
14.9836 0.0264388
14.982 0.026441
14.9833 0.0264251
14.9853 0.0264537
14.9853 0.026406
14.9845 0.0263722
14.9845 0.0263248
14.9841 0.0262801
14.983 0.0262572
14.9835 0.0262149
14.9832 0.0261691
14.984 0.0261341
14.9853 0.0261191
14.986 0.0260814
14.986 0.0260352
14.9874 0.0260259
14.9872 0.0259804
14.9873 0.0259346
14.9849 0.0260015
14.9846 0.0259572
14.9837 0.0259267
14.9833 0.0258841
14.9839 0.0258447
14.9857 0.0258644
14.9878 0.0259075
14.9866 0.0258903
14.9881 0.0258861
14.9876 0.0258458
14.9864 0.025828
14.9869 0.025788
14.9869 0.0257436
14.9873 0.0257014
14.9872 0.0256574
14.9881 0.0256295
14.9879 0.0255864
14.987 0.0255587
14.9869 0.0255153
14.9893 0.0255858
14.9914 0.0256277
14.9928 0.0256228
14.9932 0.0255823
14.994 0.0255512
14.994 0.0255081
14.9947 0.0254747
14.9926 0.0255217
14.9923 0.0254801
14.993 0.0254459
14.9927 0.0254046
14.9933 0.0253695
14.9929 0.0253303
14.9913 0.0253403
14.9903 0.0253164
14.9911 0.0252866
14.9907 0.0252478
14.9905 0.0252074
14.9907 0.0251668
14.9896 0.0251488
14.9896 0.0251074
14.9898 0.0250668
14.9897 0.0250262
14.9896 0.0249852
14.9889 0.0249544
14.988 0.0249312
14.9879 0.0248908
14.9881 0.0248521
14.9866 0.0248602
14.9877 0.0248444
14.9884 0.0248135
14.9884 0.0247734
14.989 0.0247406
14.9882 0.0247138
14.9874 0.0246851
14.9881 0.0246543
14.9883 0.0246157
14.9877 0.0245829
14.987 0.0245543
14.9882 0.0245419
14.9888 0.024512
14.9918 0.0246491
14.9918 0.02461
14.9916 0.0245717
14.9906 0.0245548
14.9906 0.024516
14.9888 0.024541
14.9887 0.0245025
14.9896 0.0244804
14.9889 0.0244515
14.9891 0.0244143
14.9886 0.0243832
14.988 0.024351
14.9892 0.0243419
14.9891 0.0243043
14.9887 0.0242688
14.9878 0.0242514
14.9884 0.0242226
14.987 0.0242238
14.9865 0.0241916
14.9866 0.0241543
14.9866 0.024117
14.986 0.0240873
14.9868 0.0240664
14.9884 0.0240788
14.9883 0.0240419
14.9892 0.0240214
14.9892 0.0239847
14.9897 0.0239526
14.9908 0.0239394
14.9913 0.0239098
14.9914 0.0238736
14.9921 0.0238471
14.9932 0.0238382
14.994 0.0238158
14.9925 0.0238304
14.9923 0.023795
14.9928 0.0237645
14.9897 0.0239372
14.9907 0.0239229
14.991 0.0238892
14.9922 0.0238829
14.9931 0.0238654
14.9929 0.023831
14.9938 0.0238121
14.9933 0.023782
14.9944 0.0237746
14.9953 0.0237549
14.9949 0.0237229
14.9961 0.0237198
14.996 0.0236851
14.9944 0.0237066
14.9938 0.0236786
14.9936 0.0236444
14.9931 0.0236169
14.9928 0.023584
14.9924 0.023553
14.9951 0.0236772
14.9948 0.0236451
14.9952 0.0236146
14.9968 0.0236332
14.9983 0.023648
14.9987 0.0236177
15.0003 0.0236342
14.9997 0.0236075
15.0002 0.0235783
14.9997 0.023549
14.9998 0.0235152
14.9988 0.0235011
14.9978 0.0234903
14.9982 0.0234598
14.9994 0.0234613
14.9997 0.0234288
14.999 0.0234046
14.9997 0.0233801
14.9989 0.0233598
14.9992 0.0233282
15.0003 0.023325
14.9999 0.0232954
14.9994 0.0232683
14.9982 0.0232673
14.9986 0.0232386
14.9989 0.0232074
14.9986 0.0231774
14.9998 0.0231807
14.9979 0.0232296
14.9986 0.0232063
15.0005 0.0232556
14.9999 0.0232307
15 0.0231983
15.001 0.0231868
15.0013 0.0231567
15.0011 0.0231254
15.0021 0.0231142
15.0009 0.0231115
14.9991 0.0231495
14.999 0.0231179
14.9985 0.023091
15 0.0231063
14.9993 0.0230841
14.9996 0.0230544
14.9985 0.0230469
14.9984 0.023016
14.9965 0.0230574
14.9957 0.0230409
14.9957 0.0230094
14.9952 0.0229827
14.9935 0.0230153
14.9943 0.0229989
14.995 0.0229772
14.9959 0.0229646
14.9946 0.0229702
14.9943 0.0229412
14.9942 0.0229106
14.9942 0.0228797
14.9935 0.0228599
14.9934 0.0228293
14.9929 0.0228045
14.9932 0.0227772
14.9929 0.022749
14.9927 0.0227197
14.9915 0.0227217
14.9909 0.0226995
14.991 0.0226698
14.9911 0.0226398
14.9902 0.0226285
14.9901 0.0225989
14.9914 0.0226061
14.9913 0.0225762
14.9911 0.0225476
14.9906 0.0225233
14.9908 0.022494
14.9906 0.0224652
14.9899 0.0224449
14.9884 0.0224653
14.9888 0.0224385
14.9895 0.0224223
14.9889 0.0224013
14.9886 0.0223751
14.9884 0.0223466
14.9879 0.0223222
14.988 0.0222933
14.9883 0.0222664
14.9895 0.02227
14.9893 0.0222424
14.9881 0.0222456
14.9883 0.0222185
14.9894 0.022217
14.9895 0.0221885
14.9889 0.0221691
14.99 0.0221679
14.9891 0.0221581
14.9893 0.0221309
14.989 0.0221044
14.9897 0.0220857
14.9894 0.022059
14.9886 0.0220469
14.9869 0.0220788
14.9869 0.0220508
14.9882 0.0220623
14.989 0.022048
14.9899 0.0220384
14.99 0.0220107
14.9889 0.0220103
14.989 0.0219832
14.9891 0.0219555
14.9893 0.0219289
14.9878 0.0219544
14.9884 0.0219365
14.9877 0.0219224
14.9877 0.0218951
14.9889 0.0219008
14.9888 0.0218739
14.989 0.0218476
14.9884 0.0218295
14.9887 0.0218046
14.9886 0.0217776
14.9881 0.0217563
14.9884 0.0217316
14.9895 0.0217279
14.9894 0.021701
14.9891 0.021677
14.991 0.0217309
14.9925 0.0217575
14.9936 0.0217614
14.995 0.0217746
14.993 0.0218331
14.9938 0.0218208
14.9932 0.0218035
14.9949 0.021845
14.9947 0.0218192
14.9953 0.0217996
14.9953 0.021773
14.9942 0.0217718
14.9943 0.0217456
14.995 0.0217288
14.9949 0.0217025
14.9949 0.0216762
14.996 0.0216806
14.9955 0.0216604
14.9961 0.0216432
14.9957 0.0216215
14.9958 0.0215958
14.9953 0.0215769
14.9946 0.0215612
14.9946 0.0215353
14.9939 0.0215194
14.9937 0.0214943
14.9942 0.0214743
14.9943 0.0214487
14.9932 0.0214491
14.9944 0.0214547
14.9937 0.0214414
14.9936 0.0214159
14.9943 0.0214002
14.9935 0.0213903
14.9929 0.0213719
14.9928 0.0213471
14.9924 0.0213252
14.9926 0.0213011
14.9919 0.0212867
14.9917 0.0212624
14.9924 0.0212475
14.9931 0.0212333
14.9927 0.0212115
14.9936 0.0212037
14.9936 0.0211789
14.9933 0.0211566
14.9934 0.0211326
14.9927 0.0211204
14.9909 0.0211688
14.9909 0.0211442
14.9916 0.0211303
14.9922 0.021114
14.9919 0.0210922
14.9912 0.0210776
14.9915 0.0210556
14.9916 0.0210315
14.993 0.0210501
14.9943 0.0210647
14.9932 0.0210692
14.9936 0.0210489
14.9925 0.0210497
14.9928 0.021027
14.9936 0.02102
14.9942 0.0210038
14.9949 0.0209914
14.9946 0.0209696
14.9938 0.0209602
14.9928 0.0209608
14.9923 0.0209429
14.9915 0.0209363
14.9925 0.0209404
14.9924 0.020917
14.9919 0.0209011
14.9927 0.0208939
14.9925 0.0208712
14.9928 0.02085
14.993 0.020827
14.993 0.0208036
14.9926 0.0207834
14.9919 0.0207734
14.9907 0.0207836
14.9902 0.0207664
14.9898 0.0207476
14.9899 0.0207246
14.9912 0.0207438
14.9912 0.0207206
14.9923 0.020725
14.9919 0.020705
14.9904 0.0207365
14.9908 0.0207172
14.9917 0.0207135
14.9922 0.0206959
14.9932 0.0206982
14.9934 0.0206761
14.9953 0.0207395
14.9944 0.0207335
14.9955 0.0207395
14.9951 0.020721
14.9954 0.0207006
14.9955 0.0206778
14.9949 0.0206638
14.9945 0.0206448
14.9941 0.0206261
14.9944 0.0206061
14.9954 0.0206104
14.9962 0.0206011
14.9973 0.0206069
14.9971 0.0205853
14.996 0.0205926
14.9953 0.0205822
14.9962 0.0205822
14.997 0.0205753
14.9973 0.0205551
14.9957 0.0205957
14.9953 0.0205768
14.9949 0.0205599
14.995 0.0205384
14.9947 0.0205188
14.9943 0.0205005
14.994 0.0204802
14.9939 0.0204585
14.9945 0.0204458
14.9937 0.0204394
14.9939 0.020418
14.9951 0.0204293
14.9944 0.0204175
14.9936 0.0204135
14.9933 0.020393
14.9929 0.020377
14.9925 0.020359
14.9932 0.0203524
14.9921 0.020365
14.9925 0.0203473
14.9922 0.0203271
14.9922 0.0203057
14.9929 0.0202992
14.992 0.0202976
14.9926 0.0202827
14.9922 0.020264
14.9929 0.0202538
14.9933 0.0202357
14.9928 0.0202192
14.9923 0.0202034
14.9915 0.0202015
14.9911 0.0201839
14.9918 0.0201748
14.9902 0.0202152
14.9906 0.0201984
14.9902 0.0201825
14.991 0.0201799
14.9903 0.0201724
14.9904 0.0201517
14.9909 0.0201362
14.9908 0.0201156
14.9917 0.0201173
14.9922 0.020103
14.9922 0.0200823
14.9925 0.0200642
14.9927 0.0200442
14.9937 0.0200498
14.9931 0.0200381
14.9932 0.0200176
14.9939 0.0200126
14.9936 0.0199949
14.9946 0.0200011
14.9942 0.0199852
14.9945 0.0199667
14.9933 0.0199834
14.9926 0.0199727
14.992 0.0199643
14.9929 0.0199684
14.9917 0.0199856
14.9908 0.0199848
14.991 0.019965
14.9905 0.0199502
14.9905 0.0199299
14.9904 0.0199102
14.9898 0.019899
14.9896 0.0198796
14.9899 0.0198623
14.9894 0.0198501
14.9882 0.0198665
14.9875 0.019859
14.9873 0.0198397
14.9873 0.0198197
14.9862 0.0198297
14.9854 0.0198252
14.9845 0.0198277
14.9844 0.0198082
14.9846 0.0197901
14.9852 0.0197779
