5.50927 0
5.48222 0.0270449
5.4596 0.0274865
5.5771 0.1191
5.56701 0.0928047
5.54237 0.0796825
5.52919 0.0686204
5.53265 0.0595275
5.51015 0.0571184
5.54663 0.06278
5.58604 0.0691202
5.50538 0.102408
5.45621 0.106265
5.43069 0.101636
5.46113 0.0993924
5.46301 0.0929922
5.49885 0.0944166
5.50089 0.0890402
5.50694 0.0844405
5.49142 0.0815957
5.48983 0.0776293
5.47903 0.0748012
5.49205 0.0726514
5.50424 0.0706193
5.49623 0.0682075
5.49527 0.0655388
5.49053 0.0632423
5.47888 0.0620457
5.47845 0.0598695
5.47778 0.0578433
5.48719 0.056731
5.48839 0.0549427
5.486 0.0533053
5.48019 0.0520392
5.46779 0.0520289
5.48221 0.0525789
5.48199 0.0511386
5.47593 0.0501427
5.4699 0.0492105
5.46923 0.0479691
5.4668 0.0468474
5.46092 0.046095
5.46182 0.0450192
5.45733 0.0442134
5.46283 0.0435683
5.47662 0.0447876
5.48425 0.0444833
5.4786 0.0439111
5.47322 0.0433418
5.47459 0.0424884
5.46679 0.0423706
5.46729 0.0415508
5.46625 0.0407726
5.47009 0.0401945
5.4722 0.0395133
5.4783 0.0392773
5.4811 0.0386833
5.47614 0.0383324
5.46942 0.0382712
5.46959 0.0376283
5.47411 0.0372809
5.46864 0.0370793
5.4661 0.0365746
5.4623 0.0361986
5.45955 0.0357435
5.46314 0.0353807
5.46141 0.0348915
5.46189 0.0343779
5.45713 0.0342084
5.45484 0.0337938
5.454 0.033325
5.45023 0.0330747
5.44919 0.0326349
5.44561 0.0323903
5.44324 0.0320432
5.43512 0.0326444
5.43536 0.0322186
5.42869 0.0324943
5.43072 0.0321444
5.43356 0.0318669
5.43567 0.0315416
5.43781 0.031228
5.4385 0.0308572
5.4423 0.0307241
5.44388 0.0304014
5.44293 0.0300608
5.44588 0.0298594
5.44055 0.0299966
5.44071 0.0296581
5.44227 0.0293678
5.44942 0.0299123
5.45095 0.0296249
5.45028 0.0293124
5.44872 0.0290408
5.44228 0.0294453
5.4407 0.0291801
5.44091 0.0288785
5.44045 0.0285861
5.44154 0.0283169
5.44982 0.0292296
5.44984 0.0289388
5.44995 0.0286539
5.4507 0.0283844
5.45006 0.0281175
5.44784 0.0279365
5.44405 0.0279302
5.44998 0.0282965
5.45387 0.0283008
5.45028 0.0282685
5.44945 0.0280227
5.44755 0.0278341
5.44601 0.0276274
5.44537 0.0273891
5.44191 0.0273686
5.44087 0.0271491
5.44098 0.0269143
5.44058 0.0266862
5.4403 0.0264606
5.44358 0.0264415
5.44547 0.0262884
5.44406 0.0261084
5.4473 0.0260952
5.44675 0.0258879
5.44581 0.0256955
5.44602 0.0254899
5.44914 0.0254788
5.45169 0.0254054
5.45067 0.0252269
5.45049 0.0250313
5.45003 0.0248422
5.45225 0.0247515
5.45082 0.0246046
5.45237 0.0244675
5.45511 0.0244384
5.45503 0.0242568
5.45583 0.0240909
5.454 0.0239843
5.45671 0.0239639
5.45616 0.0237972
5.45731 0.0236547
5.45708 0.0234875
5.45556 0.0233712
5.4556 0.0232072
5.45339 0.0231513
5.45001 0.0232374
5.44868 0.0231162
5.44762 0.022983
5.4444 0.0230521
5.44521 0.022911
5.44324 0.0228426
5.4426 0.0226999
5.4461 0.0228208
5.44895 0.02285
5.44862 0.0227037
5.45008 0.0226038
5.45322 0.0226776
5.45431 0.022559
5.45392 0.0224193
5.45016 0.0225929
5.45234 0.022557
5.45548 0.0226357
5.45619 0.0225068
5.45558 0.0223768
5.45731 0.0223073
5.45832 0.0221947
5.45817 0.0220611
5.45719 0.0219502
5.45658 0.0218279
5.45536 0.0217327
5.45453 0.0216204
5.45422 0.0214957
5.45148 0.0215455
5.44926 0.0215353
5.4493 0.0214112
5.4495 0.0212895
5.44917 0.0211708
5.45073 0.0211088
5.45047 0.0209915
5.44923 0.0209105
5.44862 0.020803
5.44999 0.0207328
5.45021 0.0206197
5.45166 0.020558
5.45318 0.0205022
5.45274 0.0203957
5.45523 0.0204376
5.45592 0.0203398
5.45604 0.0202317
5.45871 0.0203011
5.46001 0.020236
5.46232 0.0202608
5.46523 0.0203644
5.46647 0.0202965
5.46499 0.0202454
5.46825 0.0204036
5.46948 0.020336
5.46976 0.0202344
5.46979 0.020132
5.46845 0.0200748
5.46884 0.0199779
5.47213 0.0201485
5.47197 0.0200491
5.47302 0.0199778
5.47269 0.0198823
5.4736 0.0198061
5.47405 0.0197147
5.47398 0.0196193
5.4737 0.0195268
5.47324 0.0194386
5.47306 0.0193466
5.47251 0.0192627
5.472 0.0191783
5.47193 0.0190882
5.47038 0.019062
5.46871 0.0190459
5.46965 0.0189806
5.47126 0.0189614
5.47063 0.0188847
5.47422 0.0191382
5.47323 0.0190769
5.47136 0.0190822
5.47328 0.0190929
5.47315 0.0190075
5.4725 0.0189336
5.47484 0.0189941
5.47588 0.0189383
5.47552 0.0188581
5.47335 0.0188997
5.47538 0.0189261
5.47321 0.0189678
5.47238 0.0189039
5.47245 0.0188224
5.47433 0.018835
5.47667 0.0189004
5.47783 0.0188554
5.47723 0.018785
5.4754 0.0187947
5.4743 0.018748
5.47297 0.0187167
5.47268 0.0186408
5.47179 0.0185847
5.47022 0.0185739
5.46923 0.0185236
5.46711 0.0185699
5.46694 0.0184947
5.46487 0.0185352
5.4643 0.0184686
5.4641 0.0183951
5.46467 0.01833
5.4642 0.0182627
5.46315 0.01822
5.46336 0.0181488
5.46309 0.0180789
5.46405 0.0180334
5.46372 0.0179655
5.46353 0.0178962
5.46461 0.0178589
5.46787 0.0180873
5.46639 0.0180781
5.46636 0.0180085
5.46775 0.0179932
5.46669 0.0179556
5.46717 0.0178936
5.46738 0.0178268
5.46754 0.0177602
5.46691 0.0177044
5.46773 0.017657
5.46765 0.0175912
5.46748 0.0175265
5.46709 0.0174659
5.4671 0.0174013
5.46641 0.0173512
5.46532 0.017322
5.46587 0.0172674
5.46595 0.0172047
5.46693 0.0171702
5.46721 0.0171104
5.46752 0.0170516
5.46758 0.0169905
5.46532 0.0170798
5.46355 0.0171101
5.46583 0.0172002
5.46566 0.0171401
5.46674 0.0171136
5.46703 0.017056
5.46645 0.017006
5.46795 0.0170128
5.46654 0.0170127
5.4645 0.0170751
5.46332 0.0170571
5.462 0.0170502
5.46121 0.0170099
5.45957 0.0170305
5.45988 0.0169752
5.46031 0.0169231
5.46083 0.0168737
5.46043 0.0168215
5.45976 0.0167782
5.45947 0.0167246
5.45962 0.0166695
5.45954 0.0166142
5.4589 0.0165715
5.45876 0.0165173
5.45685 0.0165732
5.45577 0.0165543
5.45642 0.0165131
5.45707 0.0164719
5.45634 0.0164344
5.45651 0.016382
5.45494 0.0164044
5.45344 0.0164205
5.45327 0.0163686
5.45279 0.0163235
5.45437 0.0163485
5.45467 0.0162992
5.45385 0.0162678
5.45387 0.0162164
5.45375 0.0161659
5.45365 0.0161154
5.45335 0.0160678
5.45299 0.0160216
5.45319 0.015973
5.452 0.0159677
5.45073 0.015969
5.45186 0.0159594
5.45295 0.0159481
5.45343 0.0159063
5.45257 0.0158808
5.45332 0.0158502
5.45529 0.0159248
5.45555 0.0158787
5.45376 0.0159315
5.45331 0.0158902
5.45294 0.0158469
5.45325 0.0158027
5.45435 0.0157939
5.45544 0.0157844
5.45523 0.0157391
5.45328 0.0158125
5.45354 0.015768
5.45324 0.0157245
5.45279 0.0156848
5.45341 0.0156512
5.45269 0.0156222
5.45189 0.0155973
5.45313 0.015601
5.45225 0.0155809
5.45206 0.0155372
5.45195 0.015493
5.45139 0.015459
5.45101 0.0154195
5.45254 0.0154518
5.45361 0.015445
5.45539 0.0155044
5.45602 0.0154735
5.45654 0.0154386
5.45564 0.0154217
5.45657 0.0154068
5.45791 0.0154221
5.45801 0.0153795
5.45818 0.0153378
5.45927 0.0153346
5.45959 0.0152955
5.45971 0.0152539
5.45965 0.0152122
5.4602 0.0151807
5.45851 0.0152332
5.45916 0.0152055
5.45891 0.0151664
5.45863 0.0151279
5.45884 0.0150886
5.459 0.0150488
5.45778 0.0150574
5.45778 0.0150171
5.45778 0.014977
5.45768 0.0149375
5.45659 0.014938
5.45741 0.014921
5.45959 0.0150413
5.45866 0.0150306
5.45902 0.0149953
5.45892 0.0149563
5.45942 0.0149255
5.46022 0.0149084
5.45991 0.014873
5.46102 0.0148758
5.46119 0.0148383
5.46133 0.0148007
5.46123 0.0147629
5.46066 0.0147361
5.46115 0.0147068
5.46266 0.0147463
5.46342 0.0147285
5.464 0.0147025
5.46324 0.0146848
5.46419 0.0146779
5.46574 0.0147227
5.46702 0.0147415
5.46679 0.0147063
5.46805 0.0147233
5.46812 0.0146868
5.46817 0.0146502
5.46725 0.0146424
5.46799 0.0146251
5.46875 0.0146086
5.47005 0.0146303
5.47048 0.0146006
5.46999 0.0145732
5.4695 0.0145457
5.46901 0.0145184
5.46884 0.0144841
5.46795 0.0144761
5.46857 0.0144541
5.46746 0.0144614
5.46625 0.0144772
5.46622 0.0144424
5.46546 0.0144276
5.4661 0.0144072
5.46537 0.0143911
5.46631 0.0143875
5.46677 0.0143607
5.46553 0.0143802
5.46526 0.0143487
5.46469 0.0143262
5.46413 0.0143034
5.46425 0.0142703
5.46424 0.0142368
5.46318 0.0142429
5.46393 0.0142295
5.4642 0.0141989
5.46454 0.01417
5.4641 0.0141438
5.46424 0.0141118
5.46366 0.0140915
5.46308 0.0140707
5.46236 0.0140572
5.46279 0.0140317
5.46359 0.0140227
5.46317 0.013997
5.46287 0.0139684
5.46174 0.0139829
5.46122 0.0139607
5.4599 0.0139921
5.46096 0.0140008
5.4603 0.0139847
5.46137 0.0139939
5.46088 0.0139712
5.46176 0.013968
5.46058 0.0139867
5.46021 0.0139605
5.46065 0.0139363
5.46173 0.0139473
5.46268 0.0139492
5.46244 0.0139205
5.46305 0.0139034
5.46364 0.0138857
5.46321 0.0138621
5.46414 0.0138631
5.46199 0.013998
5.46308 0.0140095
5.46427 0.0140303
5.46388 0.0140053
5.46418 0.0139782
5.4646 0.0139544
5.46438 0.0139263
5.46373 0.0139113
5.46382 0.0138818
5.46261 0.0139045
5.46159 0.0139123
5.46186 0.0138853
5.46211 0.013858
5.46229 0.0138298
5.46208 0.0138021
5.4619 0.0137741
5.46105 0.0137716
5.46066 0.0137481
5.46145 0.0137419
5.46053 0.0137437
5.46022 0.0137185
5.46021 0.0136899
5.45988 0.0136653
5.45961 0.0136396
5.45901 0.0136249
5.4585 0.0136061
5.45848 0.0135781
5.45869 0.0135517
5.45834 0.0135285
5.45902 0.0135183
5.45938 0.0134954
5.45885 0.0134782
5.45898 0.0134513
5.45828 0.013442
5.45778 0.013424
5.45784 0.0133969
5.45741 0.0133768
5.45638 0.0133894
5.45692 0.0133735
5.4572 0.0133496
5.45848 0.0133835
5.45842 0.0133569
5.45837 0.0133302
5.45792 0.0133112
5.45773 0.0132861
5.45753 0.0132612
5.45809 0.0132466
5.45829 0.0132219
5.45808 0.0131974
5.457 0.0132154
5.45765 0.0132053
5.45762 0.0131795
5.45855 0.0131861
5.45819 0.0131652
5.45774 0.0131472
5.45716 0.0131346
5.4567 0.013117
5.45621 0.0131006
5.45635 0.013076
5.45638 0.0130508
5.45661 0.0130278
5.45707 0.0130107
5.45744 0.0129909
5.45759 0.0129668
5.45713 0.0129499
5.45615 0.012963
5.45573 0.0129449
5.45656 0.0129468
5.45735 0.0129466
5.45722 0.0129227
5.45696 0.0129009
5.45714 0.0128777
5.45772 0.0128668
5.45753 0.012844
5.45785 0.012824
5.4573 0.012812
5.4575 0.0127896
5.4576 0.0127661
5.45743 0.0127433
5.45672 0.0127395
5.45574 0.0127535
5.45562 0.0127304
5.45517 0.0127149
5.45613 0.0127274
5.45657 0.0127118
5.45617 0.0126947
5.45584 0.0126756
5.45617 0.0126565
5.45681 0.0126495
5.45649 0.0126304
5.45688 0.0126134
5.45732 0.0125981
5.45734 0.0125753
5.45736 0.0125525
5.45644 0.0125635
5.45625 0.0125422
5.45626 0.0125196
5.45664 0.0125028
5.45748 0.0125088
5.45674 0.0125083
5.45738 0.0125022
5.45743 0.0124799
5.45843 0.0124973
5.45766 0.0124989
5.45783 0.0124778
5.45766 0.0124568
5.45734 0.0124389
5.45674 0.0124315
5.45655 0.012411
5.4562 0.012394
5.4566 0.0123784
5.45748 0.0123882
5.45706 0.0123736
5.45692 0.0123527
5.45693 0.0123312
5.4563 0.0123257
5.4567 0.0123106
5.45704 0.012294
5.45649 0.0122851
5.45723 0.0122866
5.45805 0.0122925
5.45792 0.012272
5.45681 0.0123009
5.45647 0.0122844
5.45658 0.0122639
5.4569 0.0122468
5.45707 0.0122271
5.45729 0.0122082
5.4564 0.0122196
5.45573 0.0122173
5.45572 0.0121965
5.45493 0.0122015
5.45458 0.0121858
5.455 0.0121725
5.4555 0.0121624
5.45534 0.012143
5.45597 0.0121391
5.4552 0.0121435
5.45482 0.0121291
5.45473 0.0121091
5.45452 0.0120908
5.45425 0.0120735
5.4547 0.0120616
5.45542 0.012063
5.45431 0.0120936
5.45417 0.0120745
5.45348 0.0120739
5.45306 0.0120613
5.45283 0.0120437
5.45322 0.0120304
5.45301 0.0120124
5.45243 0.0120069
5.45164 0.0120131
5.45118 0.0120024
5.451 0.0119841
5.4507 0.0119684
5.45103 0.0119536
5.45165 0.0119505
5.45129 0.0119367
5.45079 0.0119279
5.45052 0.0119116
5.4503 0.0118944
5.45093 0.0118916
5.45101 0.0118727
5.45033 0.0118728
5.45027 0.0118539
5.45015 0.0118355
5.44989 0.0118195
5.44994 0.0118007
5.45034 0.0117886
5.44897 0.0118499
5.44941 0.0118395
5.45029 0.0118532
5.45072 0.0118423
5.44985 0.0118553
5.45022 0.0118423
5.45022 0.0118237
5.44992 0.0118089
5.45001 0.0117907
5.45014 0.011773
5.44967 0.011764
5.44916 0.0117567
5.44871 0.0117472
5.44874 0.0117289
5.44843 0.0117146
5.44807 0.0117022
5.44809 0.011684
5.44918 0.0117163
5.44945 0.0117013
5.4499 0.0116921
5.45014 0.0116766
5.45043 0.011662
5.45054 0.0116446
5.45045 0.0116271
5.45074 0.0116128
5.45068 0.0115952
5.4505 0.0115787
5.45076 0.0115639
5.45092 0.0115474
5.45071 0.0115318
5.45161 0.0115496
5.45155 0.0115322
5.45109 0.011524
5.45139 0.0115105
5.45164 0.0114958
5.45132 0.0114829
5.45074 0.0114804
5.4512 0.0114725
5.45153 0.0114602
5.45133 0.0114447
5.45086 0.0114373
5.45075 0.0114208
5.45036 0.0114104
5.45041 0.0113935
5.4505 0.0113769
5.45051 0.01136
5.45085 0.0113485
5.45058 0.011335
5.45014 0.0113268
5.45049 0.0113154
5.45097 0.0113091
5.45114 0.0112937
5.45099 0.0112781
5.45114 0.0112626
5.4512 0.0112462
5.45098 0.011232
5.45045 0.0112281
5.45072 0.0112151
5.45064 0.011199
5.45026 0.0111894
5.44976 0.0111841
5.44947 0.0111716
5.44932 0.0111566
5.44918 0.0111413
5.44871 0.0111351
5.44879 0.0111194
5.44962 0.0111339
5.44943 0.0111195
5.44974 0.0111077
5.44907 0.0111115
5.4482 0.0111301
5.44834 0.0111151
5.44859 0.0111019
5.44837 0.0110883
5.44885 0.0110832
5.44918 0.0110723
5.44915 0.0110566
5.44984 0.0110621
5.45001 0.0110479
5.4501 0.0110326
5.44948 0.0110343
5.44951 0.0110188
5.44899 0.0110157
5.44825 0.0110253
5.44793 0.0110143
5.44777 0.011
5.4467 0.011037
5.44639 0.011026
5.44699 0.0110271
5.44683 0.0110129
5.4469 0.0109978
5.4475 0.010999
5.44731 0.0109854
5.44742 0.0109708
5.44695 0.010966
5.44684 0.0109513
5.44671 0.010937
5.44604 0.0109424
5.44566 0.0109339
5.44497 0.010941
5.44488 0.0109263
5.44456 0.0109161
5.44523 0.0109217
5.44505 0.0109083
5.44494 0.010894
5.44473 0.0108811
5.44568 0.0109075
5.44573 0.0108928
5.44539 0.0108833
5.44542 0.0108686
5.44571 0.0108577
5.4459 0.0108447
5.44614 0.0108328
5.44585 0.0108223
5.44633 0.0108183
5.44628 0.0108039
5.44658 0.0107937
5.44666 0.0107794
5.44712 0.0107752
5.4469 0.0107631
5.44629 0.0107661
5.44647 0.0107534
5.44681 0.0107445
5.4468 0.0107302
5.4467 0.0107164
5.4472 0.0107137
5.44709 0.0107
5.44684 0.0106888
5.44738 0.0106882
5.4473 0.0106744
5.44674 0.010675
5.4459 0.0106938
5.44546 0.0106892
5.44596 0.0106871
5.44555 0.0106809
5.4447 0.0107008
5.44452 0.0106883
5.44427 0.0106773
5.44453 0.0106665
5.44465 0.0106534
5.44464 0.0106395
5.44412 0.0106385
5.44386 0.0106278
5.44394 0.0106143
5.44471 0.0106287
5.44422 0.0106264
5.44361 0.0106304
5.44395 0.0106221
5.44431 0.0106146
5.44392 0.0106082
5.44392 0.0105946
5.44408 0.0105823
5.44429 0.0105708
5.4445 0.0105593
5.44445 0.0105459
5.44466 0.0105344
5.44506 0.0105284
5.44546 0.0105228
5.4453 0.0105107
5.44524 0.0104975
5.44511 0.010485
5.44491 0.0104736
5.44498 0.0104606
5.44475 0.0104499
5.44493 0.0104384
5.44528 0.0104309
5.44554 0.0104211
5.44554 0.010408
5.44549 0.0103951
5.44595 0.0103921
5.44582 0.0103798
5.44618 0.010373
5.44619 0.01036
5.44674 0.0103615
5.44623 0.0103611
5.44618 0.0103483
5.44688 0.0103593
5.44737 0.0103578
5.44683 0.010359
5.44709 0.0103495
5.44744 0.0103424
5.4471 0.0103351
5.44669 0.0103307
5.4465 0.0103197
5.44618 0.0103119
5.44669 0.0103117
5.44629 0.0103066
5.44655 0.0102972
5.44611 0.0102938
5.44626 0.0102824
5.44601 0.0102729
5.4455 0.0102732
5.44562 0.0102614
5.44586 0.0102516
5.44605 0.010241
5.44575 0.0102331
5.44595 0.0102227
5.44579 0.0102115
5.44602 0.0102017
5.44556 0.0101998
5.44559 0.0101876
5.44556 0.0101753
5.4464 0.0101976
5.44664 0.0101882
5.4465 0.0101768
5.44644 0.0101648
5.44681 0.0101594
5.44689 0.0101475
5.44702 0.0101362
5.44757 0.0101392
5.44758 0.0101271
5.44729 0.010119
5.44692 0.0101139
5.44708 0.0101032
5.44718 0.0100916
5.44743 0.0100828
5.44795 0.0100844
5.44795 0.0100725
5.44802 0.0100608
5.44784 0.0100506
5.44797 0.0100396
5.44829 0.0100327
5.44798 0.0100256
5.44839 0.0100222
5.4476 0.010042
5.44755 0.0100303
5.44736 0.0100204
5.44734 0.0100087
5.44736 0.00999706
5.44758 0.00998784
5.44753 0.00997635
5.44771 0.00996641
5.44767 0.00995492
5.44727 0.00995153
5.44747 0.00994206
5.44804 0.00994706
5.44817 0.00993644
5.44766 0.00993802
5.44733 0.00993206
5.4475 0.00992204
5.44716 0.00991667
5.44773 0.00992169
5.44733 0.00991809
5.44738 0.00990682
5.44764 0.00989877
5.44751 0.00988824
5.44797 0.00988765
5.44858 0.00989483
5.44877 0.00988555
5.44826 0.00988773
5.44875 0.00988845
5.44836 0.00988484
5.44793 0.0098829
5.44814 0.00987394
5.44793 0.00986492
5.44807 0.0098547
5.44812 0.00984369
5.44817 0.0098327
5.44886 0.00984565
5.44882 0.00983463
5.44861 0.00982586
5.44866 0.00981496
5.44904 0.00981135
5.4486 0.00981032
5.44809 0.00981235
5.44804 0.0098015
5.44819 0.00979157
5.4479 0.00978484
5.44773 0.00977547
5.44793 0.00976665
5.44736 0.00977217
5.44726 0.00976186
5.4468 0.0097617
5.44656 0.00975372
5.44705 0.00975492
5.4461 0.00979002
5.44647 0.00978607
5.44604 0.00978445
5.44558 0.00978468
5.44515 0.00978348
5.44479 0.00977905
5.44509 0.0097727
5.44481 0.00976595
5.44495 0.00975629
5.445 0.0097457
5.44478 0.00973758
5.44511 0.00973264
5.44499 0.0097228
5.4454 0.00972094
5.44549 0.00971077
5.44568 0.00970215
5.4454 0.00969582
5.44509 0.0096901
5.44554 0.00968991
5.44554 0.00967941
5.44595 0.00967747
5.44627 0.0096724
5.44641 0.00966294
5.44675 0.00965857
5.44688 0.00964906
5.44689 0.00963867
5.44736 0.00963997
5.44714 0.00963221
5.44673 0.00963047
5.44662 0.00962082
5.44661 0.00961052
5.4464 0.00960248
5.44671 0.00959702
5.44667 0.00958685
5.44752 0.00961453
5.44747 0.00960441
5.44675 0.00962146
5.44733 0.00962869
5.44749 0.00961994
5.44755 0.00960991
5.44776 0.00960194
5.4478 0.00959187
5.44797 0.0095832
5.44815 0.00957481
5.4483 0.0095659
5.44849 0.00955766
5.44899 0.00956038
5.44858 0.00955884
5.44869 0.00954941
5.4489 0.00954174
5.44887 0.0095318
5.44848 0.00952962
5.44862 0.00952057
5.44832 0.00951515
5.4487 0.00951261
5.44843 0.00950642
5.44884 0.00950537
5.44902 0.00949705
5.44918 0.00948854
5.44929 0.00947932
5.4488 0.00948189
5.44881 0.00947206
5.44856 0.00946548
5.44854 0.00945572
5.44857 0.009446
5.44907 0.00944976
5.44911 0.00944008
5.44884 0.00943407
5.44846 0.00943224
5.44881 0.0094293
5.44843 0.00942727
5.44837 0.00941781
5.44771 0.0094316
5.44783 0.00942273
5.44834 0.00942687
5.44849 0.00941841
5.44858 0.00940921
5.44906 0.0094122
5.4491 0.00940267
5.44858 0.00940723
5.44893 0.00940402
5.44893 0.00939447
5.4492 0.00938863
5.44954 0.00938548
5.44975 0.00937824
5.44962 0.00936959
5.44956 0.00936034
5.45025 0.00937629
5.45067 0.00937607
5.45079 0.00936746
5.45079 0.00935803
5.45068 0.00934926
5.45085 0.0093415
5.45082 0.00933218
5.45097 0.0093241
5.45091 0.00931499
5.45104 0.00930668
