14.5041 0
14.5982 0.094136
14.686 0.103237
14.5498 0.154555
14.6678 0.168096
14.8881 0.259594
15.1858 0.369768
15.186 0.320229
15.0673 0.306341
15.013 0.279314
15.0912 0.264463
15.0796 0.2417
15.1031 0.22357
15.0453 0.214896
15.1037 0.208401
15.0358 0.206422
14.9728 0.203866
15.0336 0.201592
15.0882 0.198335
15.0392 0.194428
15.0262 0.185394
15.0502 0.178387
15.0759 0.172386
15.0733 0.165068
15.0399 0.161825
15.025 0.156185
15.0081 0.151234
14.9967 0.146183
14.9993 0.141077
14.9494 0.145138
14.9829 0.144312
14.9436 0.145159
14.9437 0.140691
14.9274 0.137461
14.9044 0.135439
14.9261 0.133398
14.924 0.129759
14.9169 0.126497
14.9297 0.123873
14.9548 0.123326
14.9583 0.12033
14.9585 0.117431
14.9399 0.11616
14.9129 0.116654
14.9215 0.114351
14.9288 0.112076
14.9331 0.109751
14.9291 0.107513
14.9278 0.105305
14.9082 0.105018
14.9103 0.102959
14.9054 0.101079
14.8976 0.0994582
14.9129 0.0987928
14.9066 0.0971834
14.9126 0.095622
14.9081 0.0940378
14.9004 0.0927213
14.9019 0.0911477
14.9049 0.0896655
14.9087 0.0882666
14.9099 0.0868391
14.9297 0.087712
14.9327 0.0863843
14.9222 0.0856885
14.9327 0.085024
14.9588 0.0877208
14.9586 0.0864213
14.9561 0.0851958
14.941 0.0853157
14.9423 0.0841157
14.9394 0.0829929
14.9379 0.0818607
14.9416 0.0808314
14.9382 0.0798178
14.9392 0.0787669
14.9483 0.0782619
14.9485 0.0772522
14.9518 0.0763419
14.9485 0.0754555
14.9385 0.0751844
14.9236 0.0757453
14.9237 0.0748272
14.9167 0.0742555
14.9319 0.0749385
14.9333 0.0740751
14.9228 0.0739763
14.9255 0.0731805
14.9113 0.0737367
14.9185 0.0732756
14.9045 0.0738175
14.8903 0.0743759
14.8849 0.0737716
14.8877 0.0730358
14.893 0.0724604
14.887 0.0719541
14.8849 0.0712389
14.8955 0.0713032
14.9021 0.0708888
14.895 0.0705363
14.8912 0.0699409
14.8939 0.0693043
14.8929 0.068635
14.8874 0.0681958
14.8826 0.0677113
14.874 0.0676212
14.8722 0.0670104
14.879 0.0667392
14.8873 0.0666415
14.8892 0.0660592
14.8906 0.0654776
14.8891 0.0649092
14.8909 0.0643576
14.896 0.0640006
14.893 0.0635166
14.8873 0.0632166
14.8973 0.0634549
14.8988 0.0629325
14.9009 0.062437
14.9085 0.0623865
14.9062 0.0619117
14.903 0.0614874
14.9017 0.0609982
14.9024 0.0605073
14.9015 0.0600275
14.9071 0.0598106
14.9141 0.0597499
14.9077 0.0596245
14.907 0.0591648
14.9123 0.0589501
14.9205 0.0590688
14.9256 0.0588412
14.9282 0.0584537
14.925 0.0581053
14.9255 0.0576762
14.9262 0.0572539
14.9238 0.0568836
14.9289 0.0567009
14.9282 0.0562957
14.9403 0.0571933
14.9443 0.0569218
14.9501 0.0568161
14.9497 0.0564185
14.9523 0.0560833
14.948 0.0558556
14.9419 0.055806
14.9416 0.055426
14.9364 0.0552967
14.9325 0.0550606
14.9288 0.0548187
14.9291 0.0544554
14.935 0.0544109
14.9376 0.0541176
14.9434 0.0540808
14.9454 0.0537666
14.9509 0.0537095
14.9551 0.0535253
14.9523 0.0532593
14.954 0.052951
14.9514 0.052681
14.9537 0.0524009
14.947 0.0525039
14.9416 0.0524589
14.9423 0.0521427
14.9474 0.0520819
14.9432 0.0519426
14.9422 0.0516404
14.9505 0.0519981
14.9516 0.0517018
14.9525 0.0514039
14.9575 0.0513457
14.9608 0.0511562
14.9645 0.0509947
14.9586 0.0510462
14.9563 0.050803
14.9511 0.0507886
14.9547 0.0506309
14.9563 0.0503711
14.9591 0.0501672
14.9573 0.049921
14.9588 0.0496691
14.9594 0.0493981
14.9548 0.0493362
14.9537 0.0490801
14.9526 0.0488262
14.9459 0.0490289
14.9467 0.0487731
14.9468 0.0485131
14.9496 0.0483382
14.9496 0.0480832
14.95 0.0478327
14.9481 0.0476203
14.9507 0.0474414
14.9482 0.0472623
14.9445 0.0471585
14.9435 0.0469278
14.9432 0.0466903
14.9396 0.0465957
14.9446 0.0466293
14.9459 0.0464149
14.9475 0.0462123
14.9507 0.0460944
14.9489 0.0459026
14.9436 0.04599
14.9437 0.0457653
14.9458 0.0455908
14.9419 0.0455382
14.9457 0.0454831
14.9451 0.0452691
14.9484 0.0451676
14.9526 0.0451493
14.9473 0.0452426
14.9455 0.0450669
14.9479 0.0449213
14.9503 0.0447775
14.9454 0.0448447
14.9471 0.0446735
14.9435 0.0446173
14.9447 0.0444292
14.9451 0.0442289
14.9502 0.0443248
14.9508 0.0441285
14.9482 0.0440104
14.9468 0.0438357
14.947 0.0436409
14.9476 0.0434521
14.9449 0.0433461
14.946 0.0431706
14.9465 0.0429841
14.9424 0.0429951
14.9397 0.0428936
14.9412 0.0427366
14.9398 0.0425764
14.9425 0.0424792
14.9417 0.0423056
14.9422 0.0421296
14.9358 0.0424431
14.9358 0.0422644
14.9392 0.04223
14.9367 0.0421269
14.9357 0.041966
14.9428 0.042395
14.9426 0.0422208
14.941 0.0420774
14.9445 0.0420501
14.9451 0.0418842
14.9432 0.0417576
14.9429 0.0415903
14.9442 0.0414427
14.9484 0.0414887
14.9525 0.0415252
14.9496 0.0414584
14.95 0.041296
14.9569 0.0417144
14.9547 0.0416089
14.9562 0.0414725
14.9558 0.0413124
14.9525 0.0412847
14.9555 0.0412333
14.9594 0.041259
14.9588 0.0411056
14.9558 0.0410577
14.9588 0.0410167
14.9602 0.0408842
14.9635 0.0408597
14.9671 0.0408628
14.9677 0.040714
14.9665 0.0405774
14.9637 0.0405229
14.9678 0.0405736
14.9661 0.0404563
14.9668 0.0403121
14.966 0.0401718
14.968 0.0400729
14.972 0.040134
14.9764 0.0402314
14.9758 0.0400909
14.9761 0.0399473
14.9771 0.0398167
14.9787 0.0397059
14.9833 0.0398362
14.9845 0.0397127
14.9823 0.0396356
14.9846 0.0395618
14.9837 0.0394321
14.9838 0.039294
14.9842 0.0391589
14.9865 0.0390936
14.9831 0.0391036
14.9808 0.0390372
14.9799 0.0389145
14.9801 0.0387815
14.9779 0.0387109
14.9772 0.0385844
14.9794 0.038516
14.9799 0.038389
14.9803 0.0382609
14.9793 0.0381453
14.9771 0.0380819
14.9763 0.0379631
14.9746 0.0378713
14.9721 0.037831
14.9703 0.0377481
14.973 0.037716
14.9727 0.037593
14.97 0.0375657
14.9686 0.0374697
14.9695 0.0373579
14.9698 0.037238
14.9659 0.037318
14.9665 0.0372034
14.9674 0.0370935
14.9672 0.0369753
14.9691 0.036909
14.9681 0.0368077
14.9686 0.036695
14.9673 0.0366027
14.9662 0.0365031
14.9653 0.0363992
14.9649 0.0362873
14.9624 0.0362644
14.9631 0.0361578
14.9606 0.0361297
14.9586 0.0360718
14.959 0.0359629
14.9587 0.0358536
14.9608 0.0358024
14.9589 0.0357412
14.9589 0.0356325
14.959 0.0355247
14.9587 0.0354188
14.9574 0.0353342
14.9602 0.0353343
14.9577 0.0353165
14.9589 0.0352325
14.9612 0.0352011
14.9619 0.0351036
14.962 0.0349997
14.9616 0.0348976
14.9639 0.0348645
14.9616 0.0348344
14.9591 0.0348231
14.9585 0.0347273
14.9573 0.0346453
14.9554 0.0345998
14.9539 0.0345316
14.9518 0.0344957
14.9525 0.0344044
14.9528 0.0343067
14.9524 0.0342105
14.9523 0.0341132
14.9535 0.0340375
14.9513 0.0340103
14.953 0.0339571
14.9515 0.0338946
14.9511 0.0338013
14.9542 0.0338445
14.9536 0.0337548
14.9544 0.03367
14.9544 0.0335764
14.956 0.0335213
14.9559 0.0334288
14.9555 0.0333389
14.9559 0.0332501
14.9594 0.033339
14.9593 0.0332481
14.9613 0.0332175
14.9594 0.0331818
14.959 0.0330933
14.9584 0.0330094
14.9578 0.0329266
14.9565 0.0328632
14.9567 0.0327757
14.9581 0.0327192
14.9585 0.0326341
14.9622 0.0327584
14.9596 0.0327759
14.9621 0.0327793
14.9633 0.0327176
14.9634 0.0326315
14.9639 0.0325497
14.9659 0.0325268
14.966 0.0324419
14.9649 0.0323772
14.9685 0.0324944
14.968 0.032413
14.9665 0.0323671
14.9646 0.0323359
14.9649 0.0322534
14.9634 0.0322032
14.9631 0.0321225
14.9615 0.0320809
14.9609 0.0320042
14.9577 0.0320791
14.9576 0.0319983
14.9609 0.0320899
14.9595 0.0320386
14.9585 0.031974
14.9588 0.0318958
14.9572 0.0318598
14.9557 0.0318133
14.9569 0.0317547
14.9554 0.031712
14.9534 0.0316927
14.9527 0.0316229
14.9524 0.0315463
14.9544 0.0315332
14.9546 0.0314566
14.9558 0.0314006
14.9572 0.0313545
14.9556 0.0313157
14.9564 0.0312489
14.9558 0.0311788
14.956 0.0311039
14.9557 0.0310307
14.9544 0.0309806
14.9545 0.0309063
14.9553 0.0308439
14.959 0.0309944
14.9604 0.0309492
14.9593 0.0308944
14.9592 0.0308213
14.9596 0.0307517
14.9611 0.0307129
14.9621 0.0306574
14.9625 0.0305882
14.9619 0.0305215
14.9626 0.0304574
14.9635 0.0303985
14.9643 0.0303393
14.9624 0.0303275
14.9613 0.0302788
14.9637 0.030305
14.9607 0.0303839
14.9595 0.0303371
14.9584 0.0302876
14.9576 0.0302278
14.9596 0.0302256
14.9607 0.0301766
14.9621 0.0301367
14.9602 0.030123
14.9605 0.0300562
14.9588 0.0300378
14.9579 0.0299834
14.9578 0.0299163
14.9595 0.0298999
14.9598 0.029834
14.9608 0.0297852
14.9626 0.0297753
14.9614 0.0297352
14.961 0.0296711
14.962 0.0296196
14.9638 0.0296125
14.9624 0.0295802
14.9628 0.0295178
14.9636 0.0294624
14.9656 0.02947
14.9676 0.0294727
14.9667 0.029422
14.9658 0.0293722
14.9675 0.0293589
14.9688 0.0293228
14.9681 0.0292665
14.9702 0.0292778
14.97 0.0292156
14.9721 0.0292273
14.9739 0.0292177
14.9746 0.0291641
14.9763 0.0291558
14.9759 0.0290964
14.9752 0.0290452
14.9759 0.028993
14.9761 0.028932
14.9762 0.0288716
14.976 0.028812
14.9763 0.0287537
14.9756 0.0287036
14.9745 0.0286644
14.9718 0.0287315
14.9712 0.0286773
14.9708 0.0286205
14.9709 0.0285614
14.9695 0.0285391
14.9695 0.0284801
14.9719 0.0285258
14.9726 0.0284746
14.9726 0.0284161
14.9726 0.0283579
14.9729 0.0283026
14.975 0.0283188
14.9744 0.0282677
14.9749 0.0282149
14.9738 0.0281804
14.9738 0.0281233
14.9728 0.0280834
14.9719 0.028041
14.9713 0.0279915
14.9691 0.0280178
14.9687 0.0279652
14.9671 0.0279522
14.9669 0.0278977
14.9679 0.0278606
14.9693 0.0278423
14.9691 0.0277882
14.9692 0.0277333
14.9701 0.0276926
14.9718 0.0276939
14.9703 0.0276833
14.9713 0.027648
14.9712 0.0275938
14.971 0.027541
14.9711 0.0274874
14.9712 0.0274341
14.9704 0.0273923
14.9711 0.0273468
14.9705 0.0272987
14.9722 0.0272967
14.9709 0.0272747
14.9703 0.0272281
14.9705 0.027176
14.9726 0.0272095
14.9704 0.027248
14.9703 0.0271964
14.9699 0.0271464
14.9704 0.0270987
14.9713 0.0270634
14.9717 0.0270139
14.9693 0.0270614
14.9695 0.0270106
14.9699 0.0269626
14.9696 0.0269132
14.9704 0.0268735
14.9713 0.0268375
14.9723 0.0268061
14.9719 0.0267583
14.9712 0.026718
14.9703 0.0266825
14.9694 0.0266485
14.9704 0.0266188
14.9684 0.026651
14.9678 0.0266082
14.9667 0.0265791
14.9672 0.0265341
14.9682 0.0265054
14.9684 0.0264574
14.9692 0.0264204
14.9697 0.0263762
14.9689 0.026339
14.9676 0.0263252
14.9682 0.0262855
14.9681 0.0262381
14.9682 0.0261909
14.9686 0.0261455
14.9671 0.026138
14.9659 0.0261175
14.9665 0.026076
14.9669 0.0260326
14.9657 0.0260133
14.9648 0.0259844
14.9638 0.0259565
14.9636 0.0259109
14.963 0.0258704
14.9633 0.025826
14.9652 0.0258519
14.9665 0.0258373
14.9677 0.0258206
14.9655 0.0258754
14.9669 0.025871
14.9675 0.0258319
14.9687 0.0258138
14.9669 0.0258305
14.9672 0.0257873
14.9662 0.0257618
14.9653 0.025733
14.9644 0.0257032
14.9645 0.0256587
14.9631 0.0256534
14.9626 0.0256147
14.9633 0.0255807
14.9642 0.0255521
14.9627 0.0255512
14.9631 0.0255099
14.9635 0.0254692
14.9641 0.0254327
14.9644 0.0253912
14.9639 0.0253535
14.9626 0.0253409
14.9615 0.0253221
14.961 0.0252834
14.9612 0.0252411
14.9595 0.025254
14.958 0.0252596
14.9579 0.0252171
14.9569 0.0251958
14.9575 0.025161
14.9581 0.0251275
14.9572 0.0251043
14.9574 0.0250629
14.9565 0.0250364
14.9559 0.0250024
14.9549 0.0249772
14.9573 0.0250505
14.9567 0.0250176
14.9572 0.0249822
14.9566 0.0249485
14.9579 0.02494
14.959 0.0249224
14.9579 0.0249031
14.9602 0.0249659
14.9602 0.0249249
14.9608 0.0248904
14.9607 0.02485
14.9599 0.024821
14.9593 0.0247874
14.9586 0.024757
14.9593 0.024725
14.9602 0.0247031
14.9596 0.0246714
14.9595 0.0246318
14.9594 0.0245921
14.9604 0.0245721
14.9608 0.0245355
14.9607 0.0244964
14.9619 0.0244893
14.9631 0.024477
14.962 0.0244596
14.9628 0.024434
14.9623 0.0244002
14.9642 0.0244326
14.9652 0.0244136
14.9655 0.0243764
14.9652 0.0243387
14.9646 0.0243085
14.9636 0.0242931
14.964 0.0242583
14.9645 0.0242258
14.9631 0.0242273
14.9627 0.0241921
14.9622 0.0241597
14.9622 0.0241219
14.9635 0.0241196
14.9636 0.024082
14.9642 0.024052
14.9646 0.024019
14.9647 0.023982
14.9655 0.0239581
14.965 0.0239259
14.9652 0.0238895
14.9657 0.023858
14.9639 0.023891
14.9645 0.0238621
14.9638 0.0238346
14.963 0.023812
14.9614 0.0238299
14.9606 0.0238095
14.9601 0.023778
14.9583 0.0238071
14.9601 0.023837
14.9581 0.0238865
14.9586 0.0238569
14.9587 0.0238209
14.9582 0.0237903
14.9585 0.023757
14.9583 0.0237221
14.9587 0.0236904
14.9609 0.0237526
14.9605 0.0237203
14.9609 0.0236884
14.9616 0.0236619
14.9617 0.0236269
14.9622 0.023597
14.9627 0.0235665
14.9621 0.0235385
14.9629 0.0235191
14.9623 0.0234921
14.9627 0.0234596
14.9617 0.0234449
14.9613 0.0234143
14.9618 0.0233863
14.9613 0.0233574
14.9613 0.0233231
14.962 0.0232976
14.9602 0.0233308
14.96 0.0232971
14.9603 0.0232649
14.9601 0.0232323
14.9607 0.0232069
14.9615 0.0231872
14.9612 0.0231556
14.9614 0.0231231
14.963 0.0231407
14.963 0.0231073
14.963 0.0230739
14.9624 0.0230482
14.961 0.0230595
14.9606 0.0230301
14.9604 0.0229975
14.9609 0.022971
14.9613 0.022941
14.9611 0.022909
14.9609 0.022877
14.9602 0.0228557
14.9595 0.0228351
14.9599 0.0228067
14.9615 0.0228289
14.9617 0.0227977
14.9623 0.0227723
14.9636 0.0227802
14.9635 0.0227485
14.9645 0.0227406
14.9643 0.0227093
14.964 0.0226804
14.9648 0.0226621
14.9642 0.0226366
14.9659 0.0226664
14.9648 0.0226611
14.9636 0.0226618
14.9631 0.0226353
14.9634 0.0226061
14.9653 0.0226532
14.9655 0.0226226
14.9643 0.0226254
14.9658 0.0226457
14.9685 0.0227787
14.969 0.0227533
14.9687 0.0227252
14.9686 0.0226942
14.9683 0.022665
14.9683 0.0226341
14.9695 0.0226323
14.9691 0.0226042
14.9684 0.0225838
14.9704 0.0226356
14.9702 0.0226054
14.9699 0.0225772
14.97 0.0225467
14.9688 0.0225442
14.9684 0.0225176
14.969 0.0224953
14.9694 0.022469
14.9708 0.0224769
14.9713 0.022454
14.9731 0.0224902
14.9731 0.02246
14.9727 0.0224331
14.9735 0.0224153
14.9737 0.0223866
14.9741 0.0223602
14.9741 0.0223303
14.9733 0.022314
14.9741 0.0222965
14.9737 0.0222698
14.9734 0.0222422
14.9731 0.0222149
14.9729 0.0221866
14.9732 0.0221607
14.9736 0.0221349
14.9746 0.0221263
14.9739 0.0221069
14.9728 0.0221089
14.9719 0.0220957
14.9721 0.0220674
14.9724 0.02204
14.9736 0.022044
14.9739 0.0220183
14.973 0.0220097
14.9735 0.021986
14.9739 0.0219616
14.973 0.0219529
14.9732 0.021926
14.9736 0.0219005
14.9734 0.0218734
14.9738 0.0218497
14.9748 0.0218447
14.9743 0.0218236
14.9745 0.0217964
14.9741 0.0217705
14.9742 0.0217425
14.9749 0.0217273
14.9751 0.0217008
14.9754 0.0216744
14.9741 0.0216874
14.9759 0.021738
14.9752 0.0217228
14.9759 0.0217085
14.9753 0.0216898
14.9749 0.0216665
14.9739 0.0216623
14.9757 0.021713
14.9772 0.0217336
14.9777 0.0217133
14.9785 0.0217012
14.9776 0.0216928
14.9768 0.0216814
14.9778 0.0216761
14.9781 0.0216519
14.9765 0.0216846
14.9763 0.0216591
14.9775 0.0216668
14.9785 0.0216624
14.9795 0.021659
14.9793 0.0216332
14.9795 0.0216076
14.981 0.0216303
14.9808 0.0216042
14.9805 0.0215789
14.9816 0.0215776
14.981 0.0215588
14.9793 0.0216004
14.9791 0.0215741
14.9796 0.0215526
14.9798 0.0215271
14.9798 0.0215006
14.9807 0.0214909
14.9796 0.0214915
14.9786 0.0214899
14.9783 0.0214659
14.9775 0.0214541
14.9773 0.0214283
14.9765 0.021418
14.976 0.0213993
14.9764 0.0213788
14.9754 0.0213788
14.9758 0.0213574
14.9755 0.0213344
14.9755 0.0213086
14.9761 0.0212919
14.9757 0.0212691
14.9767 0.0212634
14.9777 0.0212627
14.9774 0.0212393
14.9769 0.0212197
14.9765 0.0211976
14.976 0.0211797
14.9751 0.0211701
14.9746 0.0211517
14.975 0.0211311
14.976 0.0211265
14.9767 0.0211137
14.9772 0.0210947
14.9766 0.0210775
14.9777 0.0210795
14.978 0.021056
14.9778 0.0210314
14.9773 0.021012
14.9772 0.0209874
14.9773 0.0209627
14.9766 0.0209502
14.976 0.0209343
14.9757 0.0209109
14.9755 0.0208873
14.9758 0.0208648
14.9757 0.0208407
14.9755 0.0208168
14.975 0.0208009
14.9749 0.0207766
14.9756 0.0207625
14.9754 0.020739
14.9758 0.020719
14.9763 0.0207017
14.9773 0.0206975
14.9769 0.0206762
14.9775 0.0206591
14.9771 0.020639
14.9776 0.0206216
14.9773 0.0205994
14.9768 0.0205828
14.9769 0.0205596
14.9773 0.0205396
14.9763 0.0205388
14.9769 0.020524
14.9761 0.0205175
14.9755 0.0205013
14.9756 0.0204779
14.9752 0.0204589
14.9761 0.0204572
14.9764 0.020436
14.9758 0.0204227
14.9756 0.0204
14.975 0.020387
14.976 0.0203914
14.9762 0.0203688
14.9758 0.0203489
14.9749 0.0203449
14.9751 0.0203226
14.9761 0.0203243
14.977 0.0203187
14.9765 0.0203017
14.9766 0.0202791
14.9772 0.0202649
14.9761 0.0202705
14.9764 0.0202495
14.9763 0.0202268
14.9765 0.0202048
14.9756 0.0202038
14.9754 0.0201816
14.9742 0.020196
14.9748 0.0201826
14.975 0.0201606
14.9756 0.0201475
14.9755 0.0201253
14.9759 0.0201061
14.9753 0.0200924
14.9752 0.0200705
14.9746 0.0200565
14.9755 0.0200545
14.9751 0.020036
14.975 0.0200142
14.9749 0.0199925
14.9759 0.019997
14.9768 0.0199936
14.9763 0.0199765
14.9778 0.0200077
14.9779 0.019986
14.9781 0.0199653
14.9789 0.0199602
14.9789 0.0199384
14.9797 0.0199316
14.9796 0.0199103
14.9783 0.0199308
14.979 0.0199237
14.9778 0.019939
14.979 0.0199522
14.9791 0.0199311
14.9797 0.0199181
14.9804 0.0199093
14.9796 0.0199044
14.9802 0.0198906
14.9809 0.019883
14.9802 0.0198767
14.9794 0.0198693
14.9787 0.0198609
14.9795 0.0198555
14.9799 0.0198395
14.9803 0.0198225
14.9798 0.0198098
14.9788 0.0198123
14.9788 0.0197911
14.9797 0.01979
14.98 0.0197707
14.9801 0.0197505
14.9804 0.0197311
14.9813 0.0197309
14.9815 0.0197114
14.9814 0.0196913
14.9813 0.0196705
14.9798 0.0197043
14.9807 0.0197025
14.9795 0.019721
14.9793 0.0197008
14.9792 0.0196802
14.9791 0.0196598
14.9788 0.0196422
14.9781 0.0196324
14.9788 0.0196238
14.9786 0.0196043
14.9778 0.0196018
14.9777 0.0195814
14.9774 0.0195638
14.9769 0.0195487
14.9753 0.0195959
14.974 0.0196207
14.9749 0.0196209
14.9756 0.0196145
14.9759 0.0195955
14.9741 0.0196525
14.9733 0.0196479
14.9723 0.0196526
14.9715 0.0196515
14.971 0.0196357
14.9712 0.0196162
14.9714 0.0195969
14.9716 0.0195773
14.9722 0.0195673
14.9727 0.0195537
14.9726 0.0195337
14.9725 0.019514
14.9727 0.0194946
14.9726 0.0194748
14.9727 0.019455
14.9716 0.0194632
14.9712 0.0194484
14.9707 0.019434
14.9711 0.0194174
14.9709 0.0193984
14.9722 0.0194224
14.9717 0.0194094
14.973 0.0194313
14.9726 0.0194159
14.9737 0.019429
14.974 0.0194124
14.9739 0.0193932
14.9735 0.0193772
14.9743 0.0193729
14.9752 0.0193742
14.9757 0.0193608
14.976 0.0193443
14.9752 0.0193427
14.9743 0.0193432
14.9741 0.019325
