           1     1.16407     1.16407 6.64611e-09
           2     1.20823     1.18615   0.0156129
           3     1.19488     1.18906   0.0106762
           4     1.18734     1.18863  0.00801572
           5     1.18709     1.18832  0.00641849
           6     1.19033     1.18866  0.00535744
           7     1.18993     1.18884  0.00459519
           8     1.19393     1.18947  0.00406466
           9     1.19497     1.19009  0.00365869
          10     1.17527      1.1886  0.00358019
          11     1.18434     1.18822  0.00327565
          12     1.18064     1.18758  0.00306297
          13     1.18407     1.18731  0.00283923
          14     1.21539     1.18932   0.0032689
          15     1.17337     1.18826  0.00321918
          16     1.17784     1.18761  0.00308308
          17     1.18213     1.18728  0.00291849
          18     1.19791     1.18787  0.00281542
          19     1.18557     1.18775  0.00266986
          20     1.19728     1.18823  0.00257852
          21     1.17965     1.18782  0.00248786
          22     1.18929     1.18789  0.00237567
          23     1.19096     1.18802  0.00227614
          24     1.20214     1.18861  0.00225608
          25     1.19223     1.18875  0.00217048
          26     1.17948      1.1884  0.00211611
          27     1.18279     1.18819  0.00204792
          28     1.19375     1.18839  0.00198439
          29     1.17752     1.18801  0.00195104
          30     1.19194     1.18814  0.00189038
          31     1.19313     1.18831  0.00183623
          32     1.18593     1.18823  0.00178035
          33     1.18759     1.18821   0.0017265
          34     1.19157     1.18831  0.00167855
          35     1.19817     1.18859  0.00165406
          36     1.18937     1.18861  0.00160826
          37      1.2024     1.18899  0.00160738
          38     1.19688     1.18919  0.00157845
          39     1.18466     1.18908  0.00154225
          40     1.19249     1.18916  0.00150604
          41     1.18897     1.18916  0.00146932
          42     1.20855     1.18962  0.00150511
          43     1.16555     1.18906  0.00157074
          44     1.20531     1.18943  0.00157785
          45     1.19952     1.18965  0.00155863
          46     1.16846     1.18919  0.00159136
          47     1.20326     1.18949  0.00158538
          48     1.19405     1.18959  0.00155519
          49     1.19594     1.18972  0.00152885
          50     1.19715     1.18987  0.00150549
          51     1.18913     1.18985  0.00147604
          52     1.17714     1.18961  0.00146777
          53     1.21358     1.19006  0.00150816
          54     1.16569     1.18961  0.00154628
          55     1.19682     1.18974  0.00152371
          56     1.20727     1.19005  0.00152832
          57     1.17233     1.18974   0.0015328
          58     1.19674     1.18986  0.00151112
          59     1.20171     1.19006  0.00149879
          60     1.17254     1.18977  0.00150199
          61     1.19987     1.18994  0.00148647
          62     1.19212     1.18997  0.00146291
          63     1.21252     1.19033  0.00148282
          64     1.17363     1.19007  0.00148243
          65      1.1876     1.19003   0.0014601
          66     1.18444     1.18995  0.00144043
          67     1.19034     1.18995  0.00141895
          68     1.18555     1.18989  0.00139956
          69     1.20486      1.1901  0.00139599
          70     1.18065     1.18997  0.00138257
          71     1.19913      1.1901  0.00136911
          72     1.18374     1.19001  0.00135294
          73     1.17198     1.18976  0.00135676
          74     1.18635     1.18972  0.00133921
          75     1.20232     1.18988  0.00133186
          76     1.19308     1.18993  0.00131499
          77     1.19409     1.18998  0.00129903
          78     1.19086     1.18999  0.00128242
          79     1.19197     1.19002  0.00126643
          80     1.18421     1.18994  0.00125268
          81     1.21433     1.19025  0.00127288
          82     1.18672      1.1902  0.00125808
          83     1.18776     1.19017  0.00124327
          84     1.19179     1.19019  0.00122862
          85     1.20002     1.19031  0.00121959
          86     1.19729     1.19039  0.00120811
          87     1.17734     1.19024   0.0012035
          88      1.1983     1.19033   0.0011933
          89     1.21622     1.19062  0.00121483
          90     1.18381     1.19055  0.00120369
          91     1.18516     1.19049  0.00119192
          92     1.19384     1.19052  0.00117952
          93     1.19427     1.19056  0.00116752
          94     1.19346     1.19059  0.00115551
          95     1.20153     1.19071  0.00114907
          96     1.18489     1.19065   0.0011387
          97     1.19197     1.19066  0.00112704
          98     1.18121     1.19057  0.00111966
          99     1.21797     1.19084  0.00114206
         100     1.17588     1.19069  0.00114039
         101     1.18393     1.19063  0.00113106
         102     1.19631     1.19068  0.00112135
         103     1.19256      1.1907  0.00111061
         104     1.18372     1.19063  0.00110196
         105     1.19604     1.19068  0.00109267
         106       1.195     1.19073  0.00108312
         107     1.18054     1.19063  0.00107717
         108     1.18968     1.19062  0.00106723
         109     1.19097     1.19062  0.00105745
         110     1.18468     1.19057  0.00104921
         111     1.19446     1.19061  0.00104034
         112     1.19634     1.19066  0.00103232
         113     1.17383     1.19051  0.00103387
         114      1.2056     1.19064  0.00103324
         115     1.17632     1.19052  0.00103173
         116      1.1917     1.19053  0.00102289
         117     1.20348     1.19064  0.00102012
         118     1.17656     1.19052  0.00101843
         119     1.19441     1.19055   0.0010104
         120     1.19365     1.19058  0.00100231
         121     1.17333     1.19043   0.0010041
         122     1.18972     1.19043 0.000995891
         123     1.17486      1.1903 0.000995805
         124     1.19474     1.19034 0.000988417
         125     1.18402     1.19029 0.000981802
         126     1.21065     1.19045 0.000987223
         127     1.17562     1.19033 0.000986333
         128     1.20136     1.19042 0.000982385
         129     1.17773     1.19032 0.000979677
         130     1.19482     1.19035 0.000972752
         131     1.20124     1.19044 0.000968871
         132     1.17508     1.19032 0.000968493
         133     1.21591     1.19051 0.000980137
         134     1.17502      1.1904  0.00097962
         135     1.20434      1.1905 0.000977792
         136      1.1897     1.19049  0.00097062
         137     1.18047     1.19042 0.000966291
         138     1.19861     1.19048 0.000961108
         139     1.18984     1.19048 0.000954205
         140     1.20866     1.19061 0.000956191
         141     1.19161     1.19061 0.000949437
         142     1.19689     1.19066 0.000943779
         143     1.18226      1.1906 0.000939005
         144     1.19227     1.19061 0.000932557
         145     1.18671     1.19058 0.000926512
         146     1.19296      1.1906 0.000920309
         147      1.1645     1.19042 0.000931023
         148     1.22366     1.19065 0.000951442
         149      1.1903     1.19064 0.000945059
         150     1.18593     1.19061 0.000939281
         151     1.20322      1.1907 0.000936763
         152     1.17948     1.19062   0.0009335
         153     1.21577     1.19079  0.00094176
         154     1.17762      1.1907 0.000939519
         155     1.18072     1.19064  0.00093566
         156     1.19873     1.19069   0.0009311
         157     1.19613     1.19072 0.000925814
         158     1.18348     1.19068 0.000921087
         159     1.17911      1.1906 0.000918162
         160     1.19026      1.1906 0.000912426
         161     1.19161     1.19061  0.00090678
         162     1.17949     1.19054 0.000903776
         163      1.2015     1.19061 0.000900727
         164     1.18708     1.19059 0.000895492
         165     1.18551     1.19056 0.000890594
         166     1.18977     1.19055 0.000885242
         167     1.19665     1.19059 0.000880694
         168     1.19147     1.19059 0.000875467
         169     1.19104     1.19059 0.000870291
         170     1.21387     1.19073 0.000875872
         171     1.17934     1.19067 0.000873279
         172     1.17514     1.19057 0.000872852
         173     1.19758     1.19062 0.000868746
         174     1.17109      1.1905 0.000870973
         175     1.20385     1.19058  0.00086933
         176     1.20517     1.19066 0.000868332
         177     1.18834     1.19065 0.000863525
         178     1.17619     1.19057 0.000862484
         179     1.17956     1.19051 0.000859857
         180     1.18189     1.19046 0.000856412
         181      1.1983      1.1905 0.000852775
         182     1.19209     1.19051 0.000848134
         183     1.19722     1.19055  0.00084429
         184     1.18924     1.19054 0.000839732
         185     1.16067     1.19038 0.000850578
         186     1.18716     1.19036 0.000846181
         187     1.21107     1.19047 0.000848872
         188     1.17521     1.19039  0.00084823
         189     1.19944     1.19044  0.00084509
         190     1.19519     1.19046 0.000841013
         191      1.2017     1.19052 0.000838664
         192     1.18407     1.19049 0.000834969
         193     1.19907     1.19053 0.000831827
         194      1.1816     1.19049 0.000828814
         195     1.18818     1.19048 0.000824648
         196     1.19607      1.1905 0.000820935
         197     1.19037      1.1905 0.000816768
         198     1.20357     1.19057 0.000815304
         199     1.20727     1.19065 0.000815516
         200     1.19571     1.19068  0.00081183
