           1    -5.52541    -5.52541 3.89893e-08
           2    -5.52278    -5.52409 0.000929858
           3    -5.52445    -5.52421 0.000627579
           4    -5.52471    -5.52434 0.000482883
           5    -5.52331    -5.52413    0.000428
           6    -5.52305    -5.52395 0.000392918
           7    -5.52224     -5.5237 0.000405946
           8    -5.52437    -5.52379 0.000363565
           9    -5.52221    -5.52361 0.000362995
          10    -5.52342    -5.52359 0.000327194
          11    -5.52235    -5.52348 0.000316326
          12    -5.52469    -5.52358 0.000305679
          13    -5.52241    -5.52349 0.000295181
          14    -5.52334    -5.52348 0.000274306
          15    -5.52281    -5.52343 0.000259627
          16    -5.52431    -5.52349 0.000249113
          17    -5.52168    -5.52338 0.000256205
          18    -5.52238    -5.52333 0.000248001
          19    -5.52195    -5.52325  0.00024528
          20    -5.52455    -5.52332 0.000241371
          21    -5.52105    -5.52321 0.000252875
          22    -5.52128    -5.52312 0.000256197
          23    -5.52375    -5.52315 0.000246506
          24    -5.52323    -5.52315 0.000236255
          25    -5.52393    -5.52319 0.000228834
          26      -5.523    -5.52318 0.000220141
          27    -5.52351    -5.52319 0.000212336
          28    -5.52293    -5.52318 0.000204953
          29    -5.52275    -5.52317 0.000198425
          30    -5.52217    -5.52313 0.000194557
          31    -5.52319    -5.52314  0.00018829
          32    -5.52369    -5.52315 0.000183189
          33    -5.52476     -5.5232 0.000184025
          34    -5.52274    -5.52319 0.000179105
          35     -5.5232    -5.52319 0.000173988
          36    -5.52318    -5.52319 0.000169155
          37    -5.52423    -5.52322 0.000166913
          38    -5.52385    -5.52323 0.000163356
          39     -5.5217    -5.52319 0.000163817
          40    -5.52226    -5.52317 0.000161377
          41    -5.52352    -5.52318 0.000157668
          42    -5.52472    -5.52322 0.000158144
          43    -5.52323    -5.52322 0.000154467
          44    -5.52377    -5.52323 0.000151464
          45    -5.52364    -5.52324  0.00014838
          46    -5.52462    -5.52327 0.000148186
          47    -5.52253    -5.52325 0.000145862
          48    -5.52279    -5.52324 0.000143138
          49    -5.52399    -5.52326 0.000141018
          50    -5.52261    -5.52324 0.000138796
          51     -5.5241    -5.52326 0.000137081
          52     -5.5229    -5.52325 0.000134617
          53    -5.52338    -5.52326 0.000132098
          54    -5.52232    -5.52324 0.000130794
          55    -5.52439    -5.52326 0.000130091
          56    -5.52263    -5.52325  0.00012826
          57    -5.52442    -5.52327 0.000127657
          58    -5.52263    -5.52326 0.000125935
          59    -5.52244    -5.52324 0.000124559
          60    -5.52445    -5.52326  0.00012409
          61    -5.52404    -5.52328 0.000122699
          62    -5.52323    -5.52328 0.000120722
          63    -5.52347    -5.52328 0.000118843
          64     -5.5221    -5.52326 0.000118396
          65    -5.52534    -5.52329 0.000120808
          66    -5.52459    -5.52331 0.000120565
          67    -5.52347    -5.52332  0.00011879
          68    -5.52415    -5.52333 0.000117681
          69    -5.52353    -5.52333 0.000116014
          70    -5.52248    -5.52332 0.000114988
          71    -5.52137    -5.52329 0.000116592
          72    -5.52134    -5.52326 0.000118079
          73    -5.52186    -5.52324 0.000118027
          74    -5.52368    -5.52325 0.000116577
          75    -5.52296    -5.52325 0.000115086
          76    -5.52507    -5.52327 0.000116057
          77    -5.52223    -5.52326 0.000115335
          78    -5.52269    -5.52325 0.000114084
          79    -5.52404    -5.52326 0.000113073
          80    -5.52255    -5.52325 0.000112006
          81    -5.52365    -5.52326  0.00011073
          82    -5.52141    -5.52323 0.000111642
          83    -5.52337    -5.52324 0.000110309
          84    -5.52295    -5.52323 0.000109047
          85    -5.52271    -5.52323 0.000107936
          86    -5.52304    -5.52322 0.000106704
          87    -5.52163    -5.52321 0.000107041
          88    -5.52396    -5.52321 0.000106166
          89    -5.52363    -5.52322 0.000105078
          90    -5.52443    -5.52323 0.000104768
          91    -5.52258    -5.52322 0.000103865
          92    -5.52317    -5.52322 0.000102738
          93    -5.52349    -5.52323 0.000101673
          94    -5.52126    -5.52321 0.000102729
          95     -5.5238    -5.52321 0.000101838
          96    -5.52266    -5.52321 0.000100941
          97      -5.523     -5.5232 9.99233e-05
          98    -5.52231     -5.5232 9.93158e-05
          99    -5.52349     -5.5232 9.83562e-05
         100    -5.52432    -5.52321 9.80155e-05
         101     -5.5229    -5.52321 9.70924e-05
         102    -5.52257     -5.5232 9.63424e-05
         103    -5.52322     -5.5232 9.54073e-05
         104    -5.52574    -5.52322 9.75767e-05
         105    -5.52276    -5.52322 9.67468e-05
         106     -5.5226    -5.52321 9.60135e-05
         107     -5.5245    -5.52323 9.58687e-05
         108     -5.5258    -5.52325 9.78888e-05
         109    -5.52282    -5.52325 9.70698e-05
         110    -5.52344    -5.52325 9.62039e-05
         111    -5.52448    -5.52326 9.59744e-05
         112    -5.52163    -5.52324 9.62104e-05
         113    -5.52215    -5.52324 9.58458e-05
         114    -5.52313    -5.52323 9.50093e-05
         115    -5.52488    -5.52325 9.52598e-05
         116    -5.52442    -5.52326 9.49683e-05
         117    -5.52268    -5.52325 9.42856e-05
         118    -5.52404    -5.52326 9.37209e-05
         119    -5.52213    -5.52325 9.34157e-05
         120     -5.5223    -5.52324 9.29706e-05
         121    -5.52419    -5.52325 9.25278e-05
         122    -5.52279    -5.52325 9.18452e-05
         123    -5.52391    -5.52325 9.12542e-05
         124    -5.52509    -5.52327 9.17075e-05
         125    -5.52256    -5.52326 9.11492e-05
         126    -5.52203    -5.52325  9.0945e-05
         127     -5.5237    -5.52326 9.02981e-05
         128    -5.52348    -5.52326 8.96092e-05
         129    -5.52405    -5.52326 8.91272e-05
         130     -5.5236    -5.52327 8.84784e-05
         131    -5.52335    -5.52327 8.78054e-05
         132    -5.52205    -5.52326 8.76252e-05
         133    -5.52278    -5.52325 8.70404e-05
         134    -5.52472    -5.52326 8.70741e-05
         135     -5.5215    -5.52325 8.74013e-05
         136    -5.52057    -5.52323 8.89613e-05
         137    -5.52181    -5.52322 8.89121e-05
         138    -5.52371    -5.52322 8.83372e-05
         139    -5.52255    -5.52322 8.78362e-05
         140    -5.52278    -5.52322 8.72639e-05
         141    -5.52353    -5.52322  8.6674e-05
         142     -5.5218    -5.52321 8.66343e-05
         143    -5.52355    -5.52321 8.60622e-05
         144    -5.52406    -5.52322 8.56661e-05
         145     -5.5226    -5.52321 8.51814e-05
         146    -5.52351    -5.52322 8.46217e-05
         147    -5.52382    -5.52322 8.41467e-05
         148    -5.52117    -5.52321 8.47114e-05
         149    -5.52219     -5.5232 8.44146e-05
         150    -5.52333     -5.5232 8.38565e-05
         151    -5.52031    -5.52318 8.54637e-05
         152    -5.52291    -5.52318 8.49201e-05
         153    -5.52214    -5.52317 8.46348e-05
         154    -5.52445    -5.52318 8.44903e-05
         155    -5.52432    -5.52319 8.42649e-05
         156    -5.52396    -5.52319 8.38692e-05
         157    -5.52322    -5.52319 8.33353e-05
         158    -5.52131    -5.52318 8.36511e-05
         159    -5.52301    -5.52318 8.31316e-05
         160    -5.52327    -5.52318  8.2614e-05
         161    -5.52225    -5.52317 8.23017e-05
         162    -5.52432    -5.52318 8.20951e-05
         163    -5.52337    -5.52318 8.15995e-05
         164    -5.52288    -5.52318 8.11234e-05
         165     -5.5231    -5.52318 8.06332e-05
         166    -5.52331    -5.52318 8.01514e-05
         167    -5.52167    -5.52317 8.01815e-05
         168    -5.52294    -5.52317 7.97157e-05
         169    -5.52343    -5.52317 7.92582e-05
         170    -5.52198    -5.52317 7.91011e-05
         171     -5.5213    -5.52315 7.93874e-05
         172    -5.52293    -5.52315 7.89362e-05
         173    -5.52363    -5.52316 7.85281e-05
         174    -5.52187    -5.52315 7.84231e-05
         175    -5.52487    -5.52316 7.85915e-05
         176    -5.52318    -5.52316 7.81451e-05
         177     -5.5217    -5.52315 7.81346e-05
         178    -5.52234    -5.52315 7.78278e-05
         179    -5.52434    -5.52315 7.76787e-05
         180    -5.52266    -5.52315 7.72945e-05
         181    -5.52235    -5.52315 7.69937e-05
         182    -5.52344    -5.52315 7.65878e-05
         183    -5.52254    -5.52314 7.62409e-05
         184    -5.52421    -5.52315 7.60466e-05
         185    -5.52295    -5.52315 7.56432e-05
         186    -5.52484    -5.52316 7.57783e-05
         187    -5.52362    -5.52316 7.54132e-05
         188    -5.52439    -5.52317 7.52956e-05
         189    -5.52226    -5.52316 7.50494e-05
         190    -5.52487    -5.52317 7.51892e-05
         191    -5.52374    -5.52317 7.48557e-05
         192    -5.52417    -5.52318 7.46473e-05
         193    -5.52342    -5.52318 7.42712e-05
         194    -5.52357    -5.52318 7.39161e-05
         195     -5.5223    -5.52318 7.36743e-05
         196    -5.52317    -5.52318 7.32984e-05
         197    -5.52426    -5.52318  7.3133e-05
         198    -5.52451    -5.52319 7.30699e-05
         199    -5.52451     -5.5232 7.30028e-05
         200    -5.52157    -5.52319 7.30877e-05
