           1    0.765827    0.765827  3.1723e-09
           2    0.794679    0.780253   0.0102009
           3    0.785899    0.782135  0.00697204
           4    0.780587    0.781748  0.00523976
           5    0.780424    0.781483  0.00419849
           6    0.783115    0.781755  0.00350755
           7    0.783764    0.782042  0.00301818
           8    0.784496    0.782349  0.00265645
           9    0.786603    0.782821  0.00240297
          10    0.775474    0.782087  0.00227222
          11    0.776413    0.781571  0.00212338
          12    0.780446    0.781477   0.0019485
          13    0.778066    0.781215   0.0018162
          14     0.78667    0.781605  0.00172776
          15    0.783666    0.781742  0.00161803
          16    0.788024    0.782135  0.00156382
          17    0.770652    0.781459   0.0016111
          18    0.778759    0.781309  0.00152856
          19    0.778159    0.781143  0.00145708
          20    0.795336    0.781853  0.00154742
          21    0.779829    0.781757  0.00147673
          22    0.790894    0.782172  0.00146684
          23    0.775564    0.781885  0.00143093
          24    0.786787    0.782089  0.00138581
          25     0.78412     0.78217  0.00133276
          26    0.770994     0.78174  0.00134904
          27    0.795545    0.782252   0.0013926
          28    0.791177     0.78257  0.00137886
          29     0.77115    0.782177  0.00138641
          30    0.792514    0.782521  0.00138236
          31    0.779996     0.78244  0.00134016
          32    0.780906    0.782392  0.00129914
          33    0.790879    0.782649  0.00128498
          34    0.793817    0.782977  0.00128849
          35     0.78124    0.782928  0.00125263
          36    0.786256     0.78302  0.00122124
          37    0.771106    0.782698  0.00122995
          38    0.784803    0.782754  0.00119883
          39    0.795655    0.783084  0.00121287
          40    0.769647    0.782748  0.00122819
          41    0.777369    0.782617  0.00120522
          42    0.790293      0.7828   0.0011903
          43    0.776493    0.782653  0.00117162
          44    0.786349    0.782737    0.001148
          45    0.787768    0.782849  0.00112792
          46    0.779277    0.782771  0.00110607
          47    0.780122    0.782715  0.00108397
          48    0.780346    0.782666  0.00106251
          49    0.775943    0.782529  0.00104965
          50    0.786181    0.782602  0.00103119
          51    0.792865    0.782803  0.00103042
          52    0.770236    0.782561  0.00103856
          53    0.778084    0.782477   0.0010224
          54    0.782762    0.782482  0.00100348
          55    0.787489    0.782573 0.000989352
          56    0.785932    0.782633 0.000973501
          57    0.777376    0.782541 0.000960781
          58     0.77636    0.782434 0.000950108
          59    0.795138     0.78265 0.000958093
          60    0.775245    0.782526 0.000950039
          61    0.791321     0.78267 0.000945343
          62    0.766195    0.782405 0.000966724
          63    0.789945    0.782524  0.00095876
          64    0.800219    0.782801 0.000982838
          65    0.763622    0.782506  0.00101104
          66    0.781086    0.782484 0.000995946
          67    0.798338    0.782721   0.0010088
          68    0.785014    0.782755 0.000994528
          69    0.766458    0.782518  0.00100777
          70    0.771005    0.782354  0.00100671
          71    0.788935    0.782447 0.000996785
          72    0.801774    0.782715  0.00101845
          73    0.772793    0.782579  0.00101352
          74    0.792063    0.782707   0.0010079
          75    0.774098    0.782592  0.00100098
          76    0.778563    0.782539 0.000989207
          77    0.795819    0.782712 0.000991282
          78     0.76383     0.78247   0.0010077
          79    0.783759    0.782486 0.000995072
          80    0.774254    0.782383  0.00098794
          81    0.787148    0.782442 0.000977493
          82    0.771446    0.782308 0.000974726
          83    0.798509    0.782503 0.000982333
          84     0.78089    0.782484 0.000970826
          85    0.770963    0.782348 0.000968821
          86    0.785208    0.782382 0.000958126
          87    0.794086    0.782516 0.000956511
          88    0.766798    0.782338 0.000962174
          89    0.784698    0.782364 0.000951728
          90    0.793037    0.782483 0.000948512
          91    0.789192    0.782556  0.00094095
          92    0.769278    0.782412 0.000941727
          93    0.799049    0.782591 0.000948441
          94    0.757729    0.782326 0.000974532
          95    0.787039    0.782376 0.000965536
          96    0.793536    0.782492 0.000962452
          97    0.781883    0.782486  0.00095255
          98    0.788071    0.782543 0.000944533
          99    0.781814    0.782536 0.000935021
         100    0.791812    0.782628 0.000930261
         101    0.779186    0.782594 0.000921675
         102      0.7781     0.78255 0.000913692
         103    0.785167    0.782576 0.000905174
         104    0.775728     0.78251 0.000898862
         105     0.78713    0.782554 0.000891378
         106    0.782659    0.782555 0.000882969
         107    0.782992    0.782559 0.000874726
         108    0.771102    0.782453 0.000873036
         109    0.780487    0.782435 0.000865213
         110    0.801386    0.782607 0.000874333
         111    0.768303    0.782478 0.000875901
         112    0.789897    0.782544 0.000870581
         113    0.788908    0.782601 0.000864697
         114    0.787815    0.782647  0.00085832
         115     0.77418    0.782573 0.000854008
         116    0.794035    0.782672 0.000852343
         117     0.77779     0.78263 0.000846079
         118    0.773786    0.782555 0.000842221
         119    0.784263    0.782569 0.000835266
         120    0.781077    0.782557 0.000828398
         121    0.777033    0.782511 0.000822809
         122    0.785915    0.782539 0.000816537
         123    0.783365    0.782546 0.000809926
         124    0.775986    0.782493 0.000805121
         125    0.784957    0.782513 0.000798921
         126     0.78549    0.782536  0.00079293
         127    0.780321    0.782519 0.000786878
         128    0.784054    0.782531 0.000780822
         129    0.787071    0.782566 0.000775562
         130    0.782477    0.782565 0.000769596
         131     0.78878    0.782613 0.000765182
         132    0.777437    0.782574 0.000760389
         133    0.799506    0.782701 0.000765255
         134    0.784421    0.782714 0.000759652
         135    0.777929    0.782678 0.000754851
         136    0.778203    0.782645 0.000750018
         137    0.790285    0.782701 0.000746613
         138     0.77911    0.782675 0.000741656
         139     0.79527    0.782766 0.000741835
         140    0.784258    0.782776 0.000736613
         141    0.775032    0.782722 0.000733434
         142    0.787343    0.782754  0.00072899
         143    0.786558    0.782781 0.000724378
         144    0.781605    0.782772 0.000719393
         145    0.781389    0.782763 0.000714495
         146    0.787957    0.782799 0.000710486
         147     0.78201    0.782793 0.000705673
         148    0.775963    0.782747 0.000702413
         149    0.784042    0.782756 0.000697752
         150    0.779148    0.782732 0.000693515
         151    0.795907    0.782819  0.00069439
         152     0.77438    0.782763 0.000692037
         153    0.781068    0.782752 0.000687603
         154    0.802034    0.782878 0.000694444
         155    0.782651    0.782876 0.000689965
         156    0.769325    0.782789 0.000690988
         157     0.77357     0.78273 0.000689077
         158    0.780094    0.782714 0.000684918
         159    0.779047    0.782691 0.000680999
         160    0.797687    0.782784 0.000683162
         161    0.772177    0.782719 0.000682088
         162     0.77638    0.782679 0.000678999
         163     0.78904    0.782718 0.000675953
         164     0.77667    0.782682 0.000672837
         165    0.785854    0.782701 0.000669034
         166    0.768765    0.782617  0.00067025
         167     0.79412    0.782686 0.000669767
         168    0.776228    0.782647 0.000666882
         169    0.794029    0.782715 0.000666328
         170    0.778272    0.782689 0.000662921
         171    0.779155    0.782668 0.000659366
         172    0.776253    0.782631 0.000656587
         173    0.792649    0.782688  0.00065534
         174    0.782755    0.782689 0.000651574
         175    0.776793    0.782655 0.000648721
         176    0.799017    0.782748 0.000651663
         177    0.777007    0.782716 0.000648788
         178     0.78438    0.782725  0.00064521
         179    0.782791    0.782725 0.000641606
         180    0.780956    0.782716 0.000638117
         181    0.789611    0.782754 0.000635727
         182    0.779629    0.782736 0.000632466
         183    0.793936    0.782798 0.000631964
         184    0.769942    0.782728  0.00063238
         185    0.792009    0.782778 0.000630948
         186     0.79087    0.782821 0.000629054
         187    0.776907     0.78279 0.000626485
         188    0.788548     0.78282 0.000623901
         189     0.79038     0.78286  0.00062188
         190    0.771781    0.782802 0.000621335
         191    0.785505    0.782816 0.000618243
         192    0.791644    0.782862  0.00061673
         193    0.783307    0.782865 0.000613539
         194    0.789053    0.782897 0.000611205
         195    0.786825    0.782917 0.000608403
         196    0.779295    0.782898 0.000605579
         197    0.775925    0.782863 0.000603539
         198     0.78221    0.782859   0.0006005
         199    0.782885     0.78286 0.000597482
         200    0.795424    0.782922 0.000597788
