           1    -6.61472    -6.61472 2.63086e-08
           2    -6.65801    -6.63637   0.0153063
           3    -6.64601    -6.63958   0.0105363
           4    -6.63998    -6.63968  0.00790271
           5     -6.6386    -6.63947   0.0063251
           6    -6.63852    -6.63931  0.00527288
           7     -6.6363    -6.63888  0.00453709
           8    -6.64741    -6.63994  0.00409338
           9    -6.63969    -6.63992  0.00363866
          10    -6.62177     -6.6381  0.00369988
          11    -6.64198    -6.63845  0.00338025
          12    -6.62104      -6.637  0.00339594
          13    -6.64526    -6.63764  0.00319354
          14    -6.65357    -6.63878  0.00316165
          15    -6.65559     -6.6399  0.00314326
          16    -6.62144    -6.63874  0.00315131
          17    -6.64773    -6.63927  0.00300994
          18    -6.64687    -6.63969  0.00287217
          19    -6.63656    -6.63953  0.00272572
          20    -6.64915    -6.64001  0.00263158
          21    -6.64672    -6.64033  0.00252558
          22     -6.6263    -6.63969  0.00249001
          23    -6.63472    -6.63948  0.00239112
          24    -6.64612    -6.63975  0.00230748
          25    -6.64665    -6.64003   0.0022316
          26    -6.62073    -6.63929  0.00226585
          27    -6.65222    -6.63976  0.00223199
          28    -6.63853    -6.63972  0.00215271
          29    -6.63054     -6.6394  0.00210164
          30    -6.63835    -6.63937  0.00203188
          31    -6.64846    -6.63966  0.00198737
          32    -6.65551    -6.64016  0.00198601
          33    -6.63816     -6.6401  0.00192675
          34    -6.65279    -6.64047  0.00190589
          35    -6.63308    -6.64026  0.00186311
          36    -6.62945    -6.63996  0.00183541
          37    -6.66594    -6.64066  0.00191546
          38    -6.64889    -6.64088  0.00187724
          39    -6.64031    -6.64086  0.00182916
          40    -6.64443    -6.64095   0.0017856
          41      -6.672    -6.64171  0.00189582
          42    -6.61458    -6.64106  0.00195763
          43    -6.65198    -6.64132  0.00192848
          44    -6.62808    -6.64102  0.00190798
          45    -6.63118     -6.6408  0.00187806
          46    -6.62313    -6.64041   0.0018761
          47    -6.63659    -6.64033  0.00183794
          48    -6.63969    -6.64032   0.0017997
          49    -6.65182    -6.64055  0.00177821
          50    -6.64813     -6.6407  0.00174909
          51    -6.62789    -6.64045  0.00173276
          52    -6.65291    -6.64069  0.00171593
          53    -6.62184    -6.64034  0.00172004
          54    -6.63627    -6.64026  0.00168983
          55    -6.63771    -6.64022  0.00165974
          56    -6.66082    -6.64058  0.00167041
          57    -6.64635    -6.64068  0.00164416
          58    -6.63897    -6.64066  0.00161608
          59    -6.63751     -6.6406  0.00158957
          60    -6.62598    -6.64036  0.00158165
          61    -6.66372    -6.64074  0.00160143
          62    -6.63458    -6.64064  0.00157868
          63     -6.6455    -6.64072  0.00155551
          64    -6.64338    -6.64076  0.00153176
          65    -6.64542    -6.64083  0.00150987
          66    -6.64606    -6.64091  0.00148907
          67    -6.63634    -6.64084  0.00146841
          68     -6.6424    -6.64087  0.00144699
          69    -6.63723    -6.64081  0.00142698
          70    -6.64217    -6.64083  0.00140673
          71    -6.63519    -6.64075  0.00138916
          72    -6.64067    -6.64075  0.00136987
          73    -6.63896    -6.64073  0.00135132
          74    -6.63748    -6.64068  0.00133377
          75    -6.64691    -6.64077  0.00131857
          76    -6.62654    -6.64058  0.00131444
          77     -6.6636    -6.64088  0.00133092
          78    -6.62342    -6.64065  0.00133255
          79    -6.62468    -6.64045  0.00133093
          80    -6.64116    -6.64046  0.00131433
          81    -6.66295    -6.64074  0.00132711
          82    -6.64151    -6.64075  0.00131096
          83    -6.63618    -6.64069  0.00129631
          84     -6.6311    -6.64058   0.0012859
          85    -6.63097    -6.64047  0.00127573
          86    -6.62441    -6.64028  0.00127449
          87    -6.65172    -6.64041  0.00126661
          88    -6.64714    -6.64049  0.00125452
          89     -6.6318    -6.64039  0.00124421
          90    -6.65117    -6.64051  0.00123615
          91    -6.65123    -6.64063  0.00122816
          92    -6.64571    -6.64068  0.00121606
          93    -6.62128    -6.64047  0.00122075
          94    -6.63543    -6.64042  0.00120894
          95    -6.63314    -6.64034  0.00119864
          96    -6.66658    -6.64062  0.00121691
          97    -6.63697    -6.64058  0.00120494
          98    -6.63374    -6.64051  0.00119467
          99    -6.63899    -6.64049   0.0011827
         100    -6.64935    -6.64058  0.00117418
         101    -6.63388    -6.64052  0.00116443
         102    -6.66169    -6.64072  0.00117137
         103    -6.61355    -6.64046  0.00118932
         104    -6.65057    -6.64056  0.00118186
         105    -6.65382    -6.64068  0.00117733
         106    -6.61875    -6.64048  0.00118427
         107    -6.64773    -6.64054  0.00117514
         108    -6.64948    -6.64063  0.00116717
         109    -6.65586    -6.64077  0.00116479
         110    -6.64991    -6.64085  0.00115717
         111     -6.6405    -6.64085  0.00114675
         112    -6.63887    -6.64083  0.00113664
         113    -6.62342    -6.64068  0.00113698
         114    -6.65646    -6.64081  0.00113541
         115    -6.65616    -6.64095  0.00113335
         116    -6.63602     -6.6409  0.00112438
         117    -6.63513    -6.64086  0.00111585
         118    -6.65063    -6.64094  0.00110946
         119    -6.64895    -6.64101  0.00110218
         120    -6.63697    -6.64097  0.00109351
         121    -6.65263    -6.64107  0.00108871
         122    -6.63112    -6.64099  0.00108283
         123    -6.63823    -6.64096  0.00107426
         124    -6.65195    -6.64105  0.00106924
         125    -6.64186    -6.64106  0.00106071
         126    -6.63701    -6.64103  0.00105278
         127    -6.64123    -6.64103  0.00104449
         128    -6.64172    -6.64103  0.00103634
         129    -6.64708    -6.64108  0.00102937
         130    -6.64187    -6.64109  0.00102147
         131    -6.62945      -6.641  0.00101753
         132    -6.64412    -6.64102  0.00101009
         133    -6.63853      -6.641  0.00100267
         134    -6.65265    -6.64109 0.000998952
         135    -6.63763    -6.64106 0.000991882
         136    -6.64373    -6.64108 0.000984783
         137    -6.63937    -6.64107 0.000977674
         138    -6.63187      -6.641 0.000972862
         139    -6.65633    -6.64111 0.000972088
         140     -6.6375    -6.64109 0.000965488
         141    -6.64027    -6.64108 0.000958658
         142    -6.64255    -6.64109 0.000951962
         143    -6.63572    -6.64106 0.000946047
         144    -6.64691     -6.6411 0.000940351
         145    -6.64066    -6.64109  0.00093387
         146    -6.63459    -6.64105 0.000928536
         147     -6.6513    -6.64112 0.000924836
         148    -6.64188    -6.64112 0.000918601
         149    -6.63308    -6.64107 0.000914023
         150    -6.63341    -6.64102 0.000909357
         151    -6.67024    -6.64121 0.000923694
         152    -6.61889    -6.64107 0.000929214
         153    -6.66328    -6.64121 0.000934415
         154     -6.6251    -6.64111 0.000934182
         155    -6.64141    -6.64111 0.000928157
         156    -6.62132    -6.64098 0.000930837
         157    -6.63706    -6.64096 0.000925243
         158     -6.6428    -6.64097 0.000919461
         159    -6.64674      -6.641 0.000914395
         160    -6.65521    -6.64109 0.000912981
         161    -6.64466    -6.64112 0.000907578
         162    -6.64449    -6.64114 0.000902215
         163    -6.65295    -6.64121 0.000899587
         164     -6.6475    -6.64125  0.00089492
         165    -6.62793    -6.64117 0.000893126
         166    -6.66574    -6.64131 0.000899927
         167    -6.63378    -6.64127  0.00089567
         168    -6.61931    -6.64114 0.000899821
         169    -6.64777    -6.64118 0.000895352
         170    -6.66412    -6.64131 0.000900197
         171    -6.61297    -6.64115 0.000910066
         172    -6.63917    -6.64114 0.000904848
         173    -6.64327    -6.64115 0.000899702
         174    -6.64228    -6.64115 0.000894555
         175    -6.63404    -6.64111 0.000890367
         176    -6.63419    -6.64107 0.000886177
         177    -6.63147    -6.64102 0.000882831
         178    -6.64442    -6.64104 0.000878078
         179    -6.64514    -6.64106 0.000873471
         180    -6.62271    -6.64096 0.000874547
         181    -6.64763      -6.641 0.000870491
         182    -6.65835    -6.64109 0.000870911
         183    -6.63762    -6.64107 0.000866358
         184    -6.62449    -6.64098 0.000866323
         185    -6.65783    -6.64107 0.000866412
         186    -6.65482    -6.64115   0.0008649
         187     -6.6275    -6.64108 0.000863347
         188    -6.63086    -6.64102 0.000860463
         189    -6.62387    -6.64093 0.000860682
         190    -6.64916    -6.64097 0.000857241
         191     -6.6275     -6.6409 0.000855649
         192    -6.65083    -6.64095 0.000852753
         193    -6.62824    -6.64089 0.000850876
         194    -6.63738    -6.64087 0.000846682
         195    -6.64231    -6.64088 0.000842372
         196    -6.62275    -6.64079 0.000843135
         197    -6.64915    -6.64083 0.000839924
         198    -6.62507    -6.64075 0.000839446
         199    -6.65371    -6.64081 0.000837753
         200    -6.64404    -6.64083  0.00083372
