           1    0.941442    0.941442 3.19107e-09
           2    0.971927    0.956684   0.0107781
           3    0.962716    0.958695  0.00737057
           4    0.957829    0.958478   0.0055311
           5    0.957592    0.958301  0.00442773
           6    0.959223    0.958455  0.00369244
           7    0.958893    0.958517  0.00316548
           8    0.962655    0.959035  0.00281173
           9     0.96223     0.95939  0.00252163
          10    0.948504    0.958301  0.00249337
          11    0.956484    0.958136  0.00227217
          12    0.951136    0.957553   0.0021564
          13    0.955513    0.957396  0.00199623
          14    0.979477    0.958973  0.00239707
          15    0.945483    0.958074  0.00240005
          16    0.946209    0.957332  0.00236183
          17    0.972418    0.958219  0.00238378
          18    0.969387     0.95884  0.00233069
          19    0.952323    0.958497  0.00223312
          20    0.960041    0.958574   0.0021228
          21    0.957846    0.958539  0.00202199
          22     0.96346    0.958763  0.00194241
          23    0.969381    0.959225  0.00191203
          24    0.960386    0.959273  0.00183297
          25    0.976173    0.959949  0.00188018
          26    0.947004    0.959451  0.00187263
          27    0.965805    0.959686    0.001818
          28    0.958903    0.959659  0.00175329
          29    0.959308    0.959646  0.00169287
          30    0.954816    0.959485  0.00164408
          31    0.958107    0.959441  0.00159165
          32    0.962597     0.95954  0.00154496
          33    0.957123    0.959466  0.00149988
          34    0.955954    0.959363  0.00145932
          35    0.973391    0.959764  0.00147164
          36    0.958241    0.959722  0.00143137
          37    0.964361    0.959847  0.00139816
          38    0.966961    0.960034  0.00137384
          39    0.958568    0.959997  0.00133913
          40    0.944786    0.959616  0.00135857
          41    0.959716    0.959619  0.00132543
          42     0.95139    0.959423  0.00130828
          43    0.963265    0.959512   0.0012809
          44    0.962359    0.959577  0.00125342
          45    0.964607    0.959689  0.00123054
          46    0.947608    0.959426  0.00123149
          47    0.960717    0.959453   0.0012056
          48    0.959204    0.959448  0.00118049
          49    0.962842    0.959518  0.00115843
          50    0.962171    0.959571  0.00113648
          51    0.955971      0.9595  0.00111638
          52    0.960503    0.959519  0.00109508
          53    0.947129    0.959286  0.00109909
          54    0.972682    0.959534  0.00110638
          55     0.93706    0.959125  0.00115927
          56    0.955892    0.959067     0.00114
          57    0.965016    0.959172  0.00112477
          58    0.956192     0.95912  0.00110655
          59    0.953817     0.95903  0.00109144
          60    0.953018     0.95893  0.00107784
          61    0.961097    0.958966  0.00106076
          62    0.961172    0.959001  0.00104424
          63    0.966009    0.959112  0.00103358
          64    0.970631    0.959292  0.00103298
          65    0.943717    0.959053  0.00104451
          66     0.97241    0.959255   0.0010481
          67    0.954727    0.959188  0.00103464
          68    0.957772    0.959167  0.00101963
          69    0.962934    0.959221  0.00100631
          70    0.967494     0.95934 0.000998854
          71    0.962695    0.959387 0.000985902
          72    0.956862    0.959352 0.000972833
          73    0.964812    0.959427 0.000962377
          74    0.968135    0.959544  0.00095654
          75    0.964899    0.959616 0.000946447
          76    0.955293    0.959559 0.000935702
          77    0.958505    0.959545  0.00092365
          78    0.966411    0.959633 0.000915992
          79    0.950065    0.959512 0.000912369
          80    0.960268    0.959521 0.000901014
          81    0.980094    0.959775 0.000924993
          82    0.940777    0.959544 0.000942283
          83    0.958828    0.959535  0.00093097
          84    0.972851    0.959694 0.000933286
          85    0.962835    0.959731 0.000923038
          86     0.94705    0.959583 0.000924008
          87    0.988539    0.959916 0.000971481
          88    0.949536    0.959798 0.000967576
          89    0.950831    0.959697 0.000961936
          90    0.965366     0.95976 0.000953308
          91    0.961209    0.959776 0.000942964
          92    0.966833    0.959853 0.000935829
          93     0.96085    0.959864 0.000925828
          94    0.962695    0.959894 0.000916468
          95    0.966644    0.959965 0.000909572
          96    0.955437    0.959918 0.000901319
          97    0.950287    0.959818 0.000897478
          98    0.963198    0.959853 0.000888983
          99    0.957894    0.959833 0.000880223
         100    0.945272    0.959687 0.000883382
         101    0.970832    0.959798 0.000881501
         102    0.968148     0.95988 0.000876651
         103    0.965659    0.959936 0.000869934
         104    0.951812    0.959858 0.000865069
         105    0.973346    0.959986 0.000866316
         106    0.951611    0.959907 0.000861738
         107    0.967807    0.959981 0.000856841
         108    0.945024    0.959842 0.000860027
         109    0.967542    0.959913 0.000855032
         110    0.963199    0.959943 0.000847781
         111    0.941987    0.959781 0.000855437
         112    0.966174    0.959838 0.000849701
         113    0.950777    0.959758 0.000845957
         114    0.945064    0.959629 0.000848299
         115     0.98251    0.959828 0.000863941
         116    0.944739    0.959698  0.00086623
         117    0.963453     0.95973 0.000859421
         118    0.964567    0.959771 0.000853115
         119    0.956281    0.959742  0.00084645
         120    0.957217    0.959721 0.000839657
         121    0.972317    0.959825 0.000839146
         122    0.953367    0.959772 0.000833936
         123    0.951684    0.959706 0.000829744
         124    0.957843    0.959691 0.000823189
         125    0.964002    0.959726 0.000817325
         126    0.956067    0.959697 0.000811355
         127    0.972644    0.959799 0.000811345
         128    0.948936    0.959714 0.000809433
         129    0.967133    0.959771 0.000805199
         130    0.965356    0.959814  0.00080015
         131    0.951531    0.959751 0.000796536
         132    0.949665    0.959675 0.000794158
         133    0.964319    0.959709 0.000788955
         134    0.962338    0.959729 0.000783311
         135    0.948761    0.959648  0.00078171
         136    0.952058    0.959592 0.000777952
         137    0.970105    0.959669 0.000776049
         138     0.97092     0.95975 0.000774697
         139     0.94553    0.959648 0.000775849
         140    0.960404    0.959653 0.000770326
         141    0.956442    0.959631   0.0007652
         142    0.976565     0.95975 0.000769048
         143    0.951999    0.959696 0.000765578
         144      0.9424    0.959576 0.000769626
         145    0.970698    0.959652 0.000768131
         146    0.951874    0.959599 0.000764716
         147    0.957351    0.959584 0.000759666
         148    0.955679    0.959557 0.000754991
         149    0.963778    0.959586 0.000750456
         150     0.96574    0.959627 0.000746573
         151    0.953376    0.959585 0.000742776
         152    0.954826    0.959554 0.000738549
         153    0.955853     0.95953 0.000734118
         154    0.966498    0.959575 0.000730744
         155    0.967017    0.959623 0.000727605
         156    0.969377    0.959686 0.000725623
         157    0.948306    0.959613 0.000724612
         158     0.96054    0.959619 0.000720049
         159    0.942069    0.959509 0.000723931
         160    0.967392    0.959558 0.000721081
         161    0.965283    0.959593 0.000717479
         162    0.967799    0.959644 0.000714835
         163    0.959929    0.959646 0.000710452
         164    0.943924     0.95955 0.000712558
         165    0.975313    0.959645 0.000714615
         166     0.94676    0.959568 0.000714514
         167    0.964278    0.959596 0.000710792
         168    0.957044    0.959581 0.000706723
         169    0.961704    0.959593 0.000702653
         170    0.965495    0.959628 0.000699377
         171    0.955753    0.959605 0.000695654
         172    0.954978    0.959579 0.000692129
         173     0.97053    0.959642 0.000691018
         174    0.958791    0.959637 0.000687064
         175    0.953859    0.959604  0.00068393
         176    0.959407    0.959603 0.000680045
         177    0.959352    0.959601 0.000676205
         178    0.965102    0.959632 0.000673111
         179    0.951182    0.959585 0.000671004
         180    0.955353    0.959562 0.000667688
         181    0.968888    0.959613 0.000665985
         182    0.956146    0.959594 0.000662598
         183      0.9519    0.959552  0.00066031
         184    0.973932     0.95963  0.00066133
         185    0.967746    0.959674 0.000659209
         186    0.958844     0.95967  0.00065568
         187    0.962549    0.959685 0.000652354
         188    0.944995    0.959607 0.000653547
         189    0.965766    0.959639 0.000650901
         190      0.9556    0.959618 0.000647822
         191    0.961689    0.959629 0.000644521
         192    0.964094    0.959652 0.000641584
         193    0.978474     0.95975 0.000645628
         194    0.946262     0.95968 0.000646033
         195    0.951021    0.959636 0.000644244
         196    0.977238    0.959726 0.000647187
         197    0.961666    0.959736 0.000643977
         198    0.944034    0.959656 0.000645589
         199    0.955258    0.959634 0.000642723
         200    0.965671    0.959664 0.000640217
