           1    -5.43506    -5.43506 3.81703e-08
           2    -5.43248    -5.43377 0.000911281
           3    -5.43414    -5.43389 0.000615792
           4    -5.43458    -5.43406 0.000484984
           5    -5.43328    -5.43391 0.000412514
           6    -5.43316    -5.43378  0.00036212
           7    -5.43211    -5.43354 0.000381016
           8    -5.43276    -5.43345  0.00034589
           9    -5.43162    -5.43324 0.000362058
          10    -5.43306    -5.43323 0.000326313
          11    -5.43357    -5.43326 0.000298169
          12    -5.43107    -5.43307 0.000324074
          13    -5.43183    -5.43298 0.000312922
          14    -5.43527    -5.43314 0.000330457
          15    -5.43353    -5.43317 0.000309455
          16     -5.4327    -5.43314  0.00029152
          17    -5.43374    -5.43317 0.000276527
          18    -5.43244    -5.43313 0.000264198
          19    -5.43092    -5.43302 0.000274769
          20    -5.43252    -5.43299 0.000262151
          21     -5.4328    -5.43298 0.000249822
          22    -5.43339      -5.433 0.000239155
          23    -5.43033    -5.43289  0.00025544
          24    -5.43299    -5.43289 0.000244831
          25    -5.43408    -5.43294 0.000239603
          26    -5.43176    -5.43289 0.000234635
          27    -5.43214    -5.43286   0.0002276
          28    -5.43111     -5.4328 0.000227929
          29    -5.43214    -5.43278 0.000221217
          30    -5.43216    -5.43276  0.00021479
          31    -5.43204    -5.43274 0.000209098
          32    -5.43409    -5.43278 0.000206813
          33    -5.43176    -5.43275 0.000202837
          34     -5.4349    -5.43281 0.000206512
          35    -5.43261     -5.4328  0.00020069
          36    -5.43353    -5.43282 0.000196139
          37    -5.43343    -5.43284 0.000191516
          38    -5.43248    -5.43283 0.000186714
          39    -5.43169     -5.4328 0.000184193
          40    -5.43303    -5.43281 0.000179678
          41     -5.4331    -5.43281 0.000175433
          42    -5.43296    -5.43282 0.000171293
          43    -5.43218     -5.4328 0.000167945
          44    -5.43403    -5.43283 0.000166441
          45    -5.43313    -5.43284 0.000162878
          46    -5.43365    -5.43286 0.000160283
          47    -5.43285    -5.43286 0.000156873
          48    -5.43315    -5.43286 0.000153725
          49    -5.43356    -5.43288 0.000151254
          50    -5.43152    -5.43285  0.00015065
          51    -5.43359    -5.43286 0.000148396
          52    -5.43172    -5.43284 0.000147175
          53    -5.43328    -5.43285 0.000144627
          54    -5.43289    -5.43285  0.00014195
          55    -5.43312    -5.43286 0.000139454
          56    -5.43228    -5.43285 0.000137336
          57    -5.43487    -5.43288 0.000139455
          58    -5.43418     -5.4329 0.000138837
          59    -5.43529    -5.43294 0.000142256
          60    -5.43266    -5.43294 0.000139964
          61    -5.43332    -5.43295 0.000137808
          62    -5.43287    -5.43294 0.000135592
          63    -5.43199    -5.43293 0.000134276
          64      -5.434    -5.43295 0.000133209
          65    -5.43477    -5.43297 0.000134079
          66    -5.43215    -5.43296 0.000132628
          67    -5.43193    -5.43295 0.000131544
          68    -5.43109    -5.43292 0.000132422
          69    -5.43303    -5.43292 0.000130513
          70    -5.43207    -5.43291 0.000129216
          71    -5.43211     -5.4329 0.000127878
          72    -5.43274    -5.43289 0.000126119
          73    -5.43274    -5.43289 0.000124409
          74    -5.43218    -5.43288   0.0001231
          75    -5.43169    -5.43287 0.000122485
          76    -5.43336    -5.43287 0.000121048
          77    -5.43274    -5.43287 0.000119488
          78    -5.43426    -5.43289 0.000119277
          79    -5.43245    -5.43288 0.000117895
          80    -5.43381     -5.4329 0.000116988
          81    -5.43304     -5.4329 0.000115558
          82    -5.43344     -5.4329 0.000114336
          83    -5.43233     -5.4329  0.00011317
          84    -5.43248    -5.43289 0.000111931
          85    -5.43086    -5.43287 0.000113136
          86    -5.43189    -5.43286 0.000112392
          87    -5.43231    -5.43285 0.000111274
          88    -5.43322    -5.43285 0.000110087
          89    -5.43354    -5.43286 0.000109117
          90    -5.43354    -5.43287 0.000108166
          91    -5.43374    -5.43288 0.000107401
          92    -5.43239    -5.43287 0.000106365
          93    -5.43194    -5.43286 0.000105694
          94    -5.43253    -5.43286  0.00010463
          95    -5.43107    -5.43284 0.000105205
          96    -5.43324    -5.43285 0.000104192
          97    -5.43498    -5.43287 0.000105419
          98    -5.43259    -5.43286 0.000104381
          99    -5.43336    -5.43287 0.000103447
         100    -5.43311    -5.43287  0.00010244
         101    -5.43371    -5.43288 0.000101759
         102    -5.43337    -5.43289 0.000100876
         103    -5.43382    -5.43289 0.000100304
         104    -5.43402    -5.43291 9.99242e-05
         105    -5.43363    -5.43291 9.92133e-05
         106    -5.43253    -5.43291 9.83419e-05
         107    -5.43174     -5.4329 9.80272e-05
         108    -5.43291     -5.4329 9.71196e-05
         109     -5.4327     -5.4329 9.62455e-05
         110    -5.43379     -5.4329 9.57136e-05
         111    -5.43266     -5.4329 9.48774e-05
         112    -5.43248     -5.4329 9.41065e-05
         113    -5.43265     -5.4329 9.33003e-05
         114    -5.43102    -5.43288 9.39212e-05
         115    -5.43211    -5.43287 9.33419e-05
         116    -5.43271    -5.43287 9.25478e-05
         117     -5.4324    -5.43287 9.18438e-05
         118    -5.43291    -5.43287 9.10661e-05
         119     -5.4304    -5.43285 9.26251e-05
         120    -5.43122    -5.43283 9.28344e-05
         121     -5.4328    -5.43283 9.20677e-05
         122    -5.43411    -5.43284 9.19091e-05
         123    -5.43184    -5.43284 9.15242e-05
         124    -5.43242    -5.43283 9.08487e-05
         125    -5.43223    -5.43283 9.02489e-05
         126    -5.43351    -5.43283 8.96933e-05
         127     -5.4331    -5.43283 8.90125e-05
         128      -5.432    -5.43283 8.85578e-05
         129    -5.43155    -5.43282 8.84227e-05
         130    -5.43276    -5.43282 8.77438e-05
         131    -5.43268    -5.43282 8.70802e-05
         132    -5.43349    -5.43282 8.65718e-05
         133    -5.43241    -5.43282 8.59752e-05
         134    -5.43345    -5.43282 8.54627e-05
         135    -5.43183    -5.43282 8.51466e-05
         136    -5.43427    -5.43283 8.51848e-05
         137    -5.42919     -5.4328 8.85966e-05
         138    -5.43154    -5.43279 8.84231e-05
         139    -5.43204    -5.43279 8.79516e-05
         140    -5.43203    -5.43278 8.74874e-05
         141    -5.43429    -5.43279 8.75226e-05
         142    -5.43374     -5.4328 8.71587e-05
         143     -5.4333     -5.4328 8.66205e-05
         144    -5.43336    -5.43281 8.61055e-05
         145    -5.43324    -5.43281 8.55648e-05
         146    -5.43209     -5.4328 8.51218e-05
         147    -5.43439    -5.43281 8.52231e-05
         148    -5.43166    -5.43281 8.50008e-05
         149    -5.43197     -5.4328 8.46136e-05
         150    -5.43308     -5.4328 8.40698e-05
         151    -5.43201     -5.4328 8.36783e-05
         152    -5.43224    -5.43279 8.32077e-05
         153    -5.43207    -5.43279 8.27969e-05
         154    -5.43256    -5.43279 8.22731e-05
         155    -5.43423     -5.4328 8.22661e-05
         156    -5.43181    -5.43279 8.19839e-05
         157    -5.43193    -5.43278 8.16456e-05
         158    -5.43404    -5.43279  8.1516e-05
         159     -5.4306    -5.43278 8.21654e-05
         160    -5.43051    -5.43276 8.28665e-05
         161    -5.43178    -5.43276 8.25787e-05
         162    -5.43161    -5.43275 8.23736e-05
         163    -5.43312    -5.43275 8.18985e-05
         164    -5.43143    -5.43275 8.17966e-05
         165    -5.43371    -5.43275 8.15106e-05
         166    -5.43163    -5.43274 8.12978e-05
         167    -5.43368    -5.43275  8.1005e-05
         168    -5.43175    -5.43274 8.07404e-05
         169    -5.43173    -5.43274 8.04856e-05
         170     -5.4327    -5.43274 8.00124e-05
         171    -5.43194    -5.43273 7.96816e-05
         172    -5.43218    -5.43273 7.92829e-05
         173    -5.43286    -5.43273 7.88283e-05
         174    -5.43263    -5.43273 7.83775e-05
         175    -5.43272    -5.43273 7.79296e-05
         176    -5.43204    -5.43273 7.75865e-05
         177    -5.43393    -5.43273 7.74451e-05
         178    -5.43396    -5.43274  7.7314e-05
         179     -5.4329    -5.43274 7.68875e-05
         180    -5.43277    -5.43274 7.64605e-05
         181    -5.43327    -5.43274  7.6093e-05
         182    -5.43124    -5.43274   7.612e-05
         183    -5.43143    -5.43273 7.60355e-05
         184    -5.43331    -5.43273 7.56872e-05
         185    -5.43233    -5.43273 7.53089e-05
         186    -5.43396    -5.43274 7.51961e-05
         187    -5.43362    -5.43274 7.49421e-05
         188      -5.433    -5.43274 7.45556e-05
         189    -5.43216    -5.43274 7.42243e-05
         190     -5.4324    -5.43274 7.38548e-05
         191    -5.43364    -5.43274 7.36202e-05
         192    -5.43335    -5.43275 7.33036e-05
         193    -5.43331    -5.43275 7.29818e-05
         194    -5.43374    -5.43275  7.2786e-05
         195    -5.43319    -5.43276 7.24466e-05
         196    -5.43227    -5.43275 7.21192e-05
         197    -5.43288    -5.43275 7.17561e-05
         198    -5.43217    -5.43275  7.1455e-05
         199    -5.43383    -5.43276 7.12999e-05
         200    -5.43136    -5.43275  7.1284e-05
