           1    -5.38994    -5.38994 1.31261e-08
           2    -5.38734    -5.38864 0.000918169
           3    -5.38883     -5.3887 0.000614414
           4    -5.38923    -5.38884 0.000474739
           5    -5.38847    -5.38876 0.000385284
           6    -5.38741    -5.38854 0.000381298
           7    -5.38724    -5.38835 0.000369422
           8    -5.38701    -5.38818 0.000359419
           9    -5.38583    -5.38792 0.000403584
          10    -5.38883    -5.38801 0.000373187
          11    -5.38718    -5.38794 0.000346952
          12    -5.38636    -5.38781 0.000342164
          13    -5.38662    -5.38771  0.00032767
          14    -5.38658    -5.38763 0.000314122
          15    -5.38612    -5.38753 0.000308937
          16    -5.38877    -5.38761  0.00029921
          17    -5.38675    -5.38756 0.000285872
          18    -5.38864    -5.38762 0.000276194
          19    -5.38795    -5.38764  0.00026219
          20    -5.38767    -5.38764 0.000249088
          21    -5.38855    -5.38768    0.000241
          22    -5.38895    -5.38774 0.000236817
          23    -5.38837    -5.38777 0.000228101
          24    -5.38993    -5.38786 0.000235682
          25    -5.38802    -5.38786 0.000226345
          26    -5.38809    -5.38787   0.0002178
          27    -5.38648    -5.38782 0.000215743
          28    -5.38597    -5.38775 0.000217945
          29     -5.3872    -5.38774 0.000211275
          30     -5.3883    -5.38775 0.000205064
          31    -5.38665    -5.38772  0.00020151
          32    -5.38732    -5.38771 0.000195593
          33    -5.38859    -5.38773 0.000191471
          34    -5.38643    -5.38769 0.000189653
          35    -5.38699    -5.38767 0.000185313
          36    -5.38651    -5.38764  0.00018298
          37    -5.38771    -5.38764 0.000178046
          38    -5.38956    -5.38769 0.000180338
          39    -5.38764    -5.38769 0.000175719
          40    -5.38826    -5.38771 0.000171896
          41    -5.38778    -5.38771 0.000167713
          42    -5.38753     -5.3877 0.000163776
          43    -5.38838    -5.38772 0.000160716
          44    -5.38778    -5.38772 0.000157069
          45    -5.38713    -5.38771 0.000154132
          46    -5.38601    -5.38767 0.000155145
          47    -5.38651    -5.38765 0.000153797
          48    -5.38642    -5.38762 0.000152692
          49    -5.38619    -5.38759 0.000152346
          50    -5.38793     -5.3876 0.000149454
          51    -5.38583    -5.38756 0.000150483
          52    -5.38665    -5.38755 0.000148602
          53    -5.38713    -5.38754 0.000146005
          54    -5.38775    -5.38754 0.000143356
          55    -5.38605    -5.38752 0.000143295
          56    -5.38685     -5.3875 0.000141231
          57    -5.38644    -5.38748 0.000139987
          58    -5.38591    -5.38746 0.000140197
          59    -5.38906    -5.38748 0.000140433
          60    -5.38711    -5.38748  0.00013823
          61    -5.38902     -5.3875 0.000138258
          62    -5.38587    -5.38748 0.000138505
          63    -5.38721    -5.38747  0.00013637
          64    -5.38664    -5.38746  0.00013486
          65    -5.38769    -5.38746  0.00013283
          66    -5.38782    -5.38747 0.000130927
          67    -5.38611    -5.38745 0.000130544
          68    -5.38727    -5.38745  0.00012865
          69    -5.38666    -5.38743 0.000127287
          70    -5.38773    -5.38744 0.000125538
          71    -5.38754    -5.38744 0.000123779
          72    -5.38828    -5.38745 0.000122604
          73    -5.38685    -5.38744 0.000121204
          74    -5.38848    -5.38746 0.000120371
          75    -5.38671    -5.38745 0.000119183
          76    -5.38918    -5.38747 0.000119776
          77    -5.38707    -5.38747 0.000118335
          78    -5.38808    -5.38747 0.000117078
          79    -5.38974     -5.3875 0.000119066
          80    -5.38701     -5.3875 0.000117735
          81    -5.38613    -5.38748 0.000117484
          82     -5.3865    -5.38747 0.000116661
          83    -5.38849    -5.38748 0.000115902
          84    -5.38709    -5.38747 0.000114616
          85    -5.38857    -5.38749  0.00011399
          86    -5.38673    -5.38748 0.000113004
          87    -5.38676    -5.38747 0.000112004
          88    -5.38804    -5.38748 0.000110916
          89    -5.38814    -5.38748 0.000109919
          90    -5.38666    -5.38748 0.000109082
          91    -5.38758    -5.38748 0.000107889
          92    -5.38692    -5.38747 0.000106885
          93    -5.38569    -5.38745 0.000107435
          94    -5.38774    -5.38745 0.000106338
          95    -5.38755    -5.38746 0.000105224
          96    -5.38652    -5.38745 0.000104581
          97    -5.38731    -5.38744 0.000103513
          98    -5.38498    -5.38742 0.000105472
          99    -5.38679    -5.38741 0.000104598
         100    -5.38718    -5.38741 0.000103578
         101     -5.3865     -5.3874  0.00010294
         102    -5.38821    -5.38741 0.000102235
         103    -5.38591    -5.38739 0.000102279
         104    -5.38795     -5.3874 0.000101437
         105    -5.38915    -5.38742 0.000101831
         106    -5.38882    -5.38743 0.000101728
         107    -5.38629    -5.38742 0.000101332
         108    -5.38549     -5.3874 0.000101963
         109    -5.38665    -5.38739 0.000101263
         110    -5.38714    -5.38739 0.000100368
         111    -5.38716    -5.38739 9.94857e-05
         112    -5.38699    -5.38739 9.86618e-05
         113    -5.38526    -5.38737  9.9568e-05
         114    -5.38846    -5.38738 9.91564e-05
         115    -5.38758    -5.38738 9.83104e-05
         116    -5.38704    -5.38738 9.75069e-05
         117    -5.38705    -5.38737 9.67122e-05
         118    -5.38743    -5.38737 9.58937e-05
         119    -5.38607    -5.38736 9.57159e-05
         120    -5.38616    -5.38735 9.54378e-05
         121    -5.38744    -5.38735  9.4652e-05
         122    -5.38678    -5.38735 9.39935e-05
         123    -5.38773    -5.38735 9.32808e-05
         124    -5.38539    -5.38734 9.38641e-05
         125    -5.38768    -5.38734 9.31541e-05
         126    -5.38801    -5.38734  9.2567e-05
         127    -5.38651    -5.38734   9.207e-05
         128    -5.38665    -5.38733 9.15091e-05
         129    -5.38687    -5.38733 9.08701e-05
         130    -5.38551    -5.38731 9.12431e-05
         131    -5.38747    -5.38732 9.05547e-05
         132    -5.38579     -5.3873 9.06047e-05
         133    -5.38532    -5.38729  9.1148e-05
         134    -5.38669    -5.38728 9.05784e-05
         135    -5.38741    -5.38729 8.99125e-05
         136    -5.38698    -5.38728  8.9279e-05
         137    -5.38659    -5.38728 8.87694e-05
         138    -5.38629    -5.38727 8.84138e-05
         139     -5.3879    -5.38728 8.78921e-05
         140    -5.38656    -5.38727 8.74128e-05
         141    -5.38738    -5.38727 8.67964e-05
         142    -5.38744    -5.38727 8.61932e-05
         143    -5.38788    -5.38728 8.56948e-05
         144    -5.38813    -5.38728 8.53053e-05
         145    -5.38744    -5.38728 8.47236e-05
         146     -5.3889    -5.38729 8.48624e-05
         147    -5.38803     -5.3873 8.44308e-05
         148    -5.38885    -5.38731 8.45099e-05
         149     -5.3869    -5.38731 8.39866e-05
         150     -5.3847    -5.38729 8.52111e-05
         151     -5.3863    -5.38728 8.48988e-05
         152    -5.38798    -5.38729 8.44651e-05
         153    -5.38866     -5.3873 8.43855e-05
         154    -5.38717     -5.3873 8.38416e-05
         155    -5.38682    -5.38729 8.33576e-05
         156    -5.38715    -5.38729 8.28284e-05
         157    -5.38737    -5.38729 8.23021e-05
         158     -5.3877     -5.3873  8.1821e-05
         159    -5.38818     -5.3873 8.14946e-05
         160    -5.38758     -5.3873 8.10044e-05
         161     -5.3876     -5.3873 8.05229e-05
         162    -5.38843    -5.38731  8.0323e-05
         163    -5.38632    -5.38731 8.00619e-05
         164     -5.3882    -5.38731 7.97612e-05
         165    -5.38732    -5.38731 7.92778e-05
         166    -5.38619     -5.3873 7.90848e-05
         167    -5.39077    -5.38733 8.12867e-05
         168    -5.38889    -5.38733 8.13372e-05
         169    -5.38783    -5.38734 8.09079e-05
         170    -5.38816    -5.38734 8.05753e-05
         171     -5.3897    -5.38736 8.12739e-05
         172    -5.38864    -5.38736 8.11425e-05
         173    -5.38647    -5.38736 8.08371e-05
         174    -5.38722    -5.38736 8.03764e-05
         175    -5.38733    -5.38736 7.99172e-05
         176    -5.38817    -5.38736 7.95952e-05
         177     -5.3875    -5.38736 7.91494e-05
         178    -5.38822    -5.38737 7.88517e-05
         179     -5.3877    -5.38737 7.84329e-05
         180    -5.38877    -5.38738 7.83807e-05
         181    -5.38932    -5.38739 7.86762e-05
         182    -5.38809    -5.38739 7.83387e-05
         183    -5.39014    -5.38741 7.93328e-05
         184    -5.38839    -5.38741 7.90814e-05
         185    -5.38593     -5.3874 7.90613e-05
         186    -5.38824    -5.38741 7.87644e-05
         187    -5.38837    -5.38741 7.85112e-05
         188    -5.38606    -5.38741 7.84243e-05
         189    -5.38865    -5.38741 7.82843e-05
         190    -5.38729    -5.38741 7.78748e-05
         191    -5.38666    -5.38741 7.75673e-05
         192    -5.38696    -5.38741 7.71989e-05
         193    -5.38787    -5.38741 7.68363e-05
         194    -5.38796    -5.38741 7.64925e-05
         195    -5.38965    -5.38742 7.69596e-05
         196    -5.38879    -5.38743 7.68829e-05
         197    -5.38721    -5.38743 7.65008e-05
         198    -5.38898    -5.38744 7.65132e-05
         199    -5.38938    -5.38745 7.67514e-05
         200    -5.38807    -5.38745 7.64317e-05
