           1       -5.42       -5.42 4.07636e-08
           2    -5.41739    -5.41869 0.000920625
           3    -5.41903     -5.4188 0.000620369
           4    -5.41948    -5.41897 0.000487727
           5    -5.41842    -5.41886 0.000402379
           6    -5.41798    -5.41872 0.000361297
           7    -5.41722     -5.4185 0.000367355
           8    -5.41724    -5.41834   0.0003535
           9    -5.41629    -5.41812 0.000380843
          10     -5.4182    -5.41812 0.000342842
          11    -5.41808    -5.41812 0.000311695
          12    -5.41612    -5.41795 0.000327362
          13     -5.4161    -5.41781 0.000331911
          14    -5.41804    -5.41783 0.000308608
          15    -5.41904    -5.41791 0.000298364
          16    -5.41789    -5.41791 0.000279718
          17    -5.41976    -5.41802 0.000283649
          18    -5.42056    -5.41816 0.000301069
          19    -5.41724    -5.41811 0.000289038
          20    -5.41892    -5.41815 0.000277439
          21    -5.41861    -5.41817 0.000265097
          22    -5.41765    -5.41815 0.000254121
          23    -5.41743    -5.41812 0.000244986
          24    -5.41813    -5.41812 0.000234778
          25     -5.4188    -5.41814 0.000226955
          26    -5.41769    -5.41813 0.000218887
          27    -5.41657    -5.41807 0.000218287
          28    -5.41774    -5.41806 0.000210812
          29    -5.42003    -5.41813  0.00021425
          30    -5.41843    -5.41814 0.000207356
          31    -5.41728    -5.41811 0.000202501
          32    -5.41851    -5.41812 0.000196559
          33    -5.41737     -5.4181 0.000191912
          34    -5.41916    -5.41813  0.00018879
          35    -5.41854    -5.41814  0.00018376
          36    -5.41794    -5.41814 0.000178738
          37     -5.4194    -5.41817 0.000177131
          38    -5.41876    -5.41818 0.000173148
          39    -5.41729    -5.41816 0.000170226
          40    -5.41897    -5.41818 0.000167165
          41    -5.41943    -5.41821 0.000165848
          42    -5.41677    -5.41818 0.000165438
          43    -5.41598    -5.41813 0.000169302
          44    -5.41776    -5.41812 0.000165662
          45     -5.4174     -5.4181 0.000162741
          46    -5.41729    -5.41809  0.00016016
          47    -5.41669    -5.41806 0.000159467
          48    -5.41796    -5.41805 0.000156157
          49    -5.41773    -5.41805 0.000153111
          50     -5.4191    -5.41807 0.000151485
          51    -5.41785    -5.41806 0.000148575
          52    -5.41994     -5.4181 0.000150045
          53     -5.4183     -5.4181  0.00014726
          54    -5.41687    -5.41808 0.000146282
          55    -5.41729    -5.41807 0.000144334
          56    -5.41803    -5.41807 0.000141758
          57    -5.41649    -5.41804 0.000141941
          58    -5.41518    -5.41799 0.000147822
          59    -5.41804    -5.41799  0.00014532
          60    -5.41801    -5.41799 0.000142898
          61    -5.41694    -5.41797 0.000141594
          62    -5.41571    -5.41794  0.00014394
          63    -5.41835    -5.41794 0.000141808
          64    -5.41836    -5.41795 0.000139743
          65    -5.41732    -5.41794 0.000137926
          66    -5.41833    -5.41795 0.000135963
          67    -5.41737    -5.41794 0.000134203
          68    -5.41771    -5.41793 0.000132269
          69    -5.41688    -5.41792 0.000131224
          70     -5.4171    -5.41791  0.00012987
          71    -5.41733     -5.4179 0.000128293
          72     -5.4166    -5.41788  0.00012778
          73    -5.41787    -5.41788  0.00012603
          74    -5.41886    -5.41789 0.000125022
          75    -5.41686    -5.41788 0.000124111
          76    -5.41827    -5.41789 0.000122583
          77    -5.41938     -5.4179 0.000122516
          78    -5.41664    -5.41789 0.000122014
          79    -5.41683    -5.41787 0.000121208
          80    -5.41818    -5.41788 0.000119753
          81    -5.41897    -5.41789 0.000119033
          82    -5.41658    -5.41788 0.000118651
          83    -5.41853    -5.41788 0.000117482
          84    -5.41775    -5.41788 0.000116095
          85    -5.41713    -5.41787 0.000115066
          86    -5.41588    -5.41785 0.000116048
          87    -5.41774    -5.41785 0.000114721
          88    -5.41849    -5.41786 0.000113645
          89    -5.41603    -5.41784 0.000114214
          90    -5.41825    -5.41784 0.000113038
          91    -5.41829    -5.41785 0.000111905
          92    -5.41979    -5.41787 0.000112667
          93    -5.41829    -5.41787 0.000111546
          94    -5.41683    -5.41786 0.000110909
          95    -5.41621    -5.41784 0.000111087
          96    -5.41802    -5.41784 0.000109945
          97    -5.41676    -5.41783  0.00010938
          98    -5.41793    -5.41783 0.000108268
          99    -5.41859    -5.41784 0.000107442
         100    -5.41719    -5.41784 0.000106563
         101    -5.41726    -5.41783 0.000105659
         102    -5.41953    -5.41785 0.000105936
         103    -5.41786    -5.41785 0.000104908
         104    -5.41684    -5.41784 0.000104344
         105    -5.41893    -5.41785 0.000103871
         106    -5.41715    -5.41784 0.000103098
         107     -5.4193    -5.41785 0.000103032
         108    -5.42012    -5.41788 0.000104197
         109    -5.41801    -5.41788 0.000103248
         110    -5.42014     -5.4179 0.000104334
         111    -5.41946    -5.41791 0.000104339
         112    -5.41761    -5.41791 0.000103442
         113     -5.4177    -5.41791 0.000102543
         114    -5.41863    -5.41791 0.000101839
         115    -5.41899    -5.41792 0.000101383
         116    -5.41874    -5.41793 0.000100754
         117    -5.41883    -5.41794 0.000100186
         118    -5.41794    -5.41794 9.93374e-05
         119    -5.41808    -5.41794   9.851e-05
         120    -5.41799    -5.41794 9.76899e-05
         121    -5.41762    -5.41794 9.69189e-05
         122    -5.41668    -5.41793 9.66733e-05
         123    -5.41763    -5.41792 9.59182e-05
         124    -5.41728    -5.41792 9.52837e-05
         125    -5.41822    -5.41792 9.45525e-05
         126    -5.41717    -5.41791 9.39901e-05
         127    -5.41596     -5.4179 9.45071e-05
         128    -5.41643    -5.41789 9.44644e-05
         129    -5.41954     -5.4179 9.45915e-05
         130    -5.42008    -5.41792 9.53322e-05
         131     -5.4186    -5.41792 9.47473e-05
         132    -5.41849    -5.41793 9.41273e-05
         133    -5.41687    -5.41792  9.3757e-05
         134     -5.4188    -5.41793 9.32876e-05
         135    -5.41792    -5.41793 9.25966e-05
         136    -5.41893    -5.41793 9.22109e-05
         137    -5.41573    -5.41792 9.29331e-05
         138    -5.41558     -5.4179 9.37955e-05
         139    -5.41725    -5.41789 9.32377e-05
         140    -5.41764    -5.41789 9.25891e-05
         141    -5.42007    -5.41791 9.32132e-05
         142    -5.41771    -5.41791 9.25677e-05
         143    -5.41667     -5.4179 9.23208e-05
         144    -5.41623    -5.41789 9.24014e-05
         145    -5.41829    -5.41789 9.18069e-05
         146    -5.41788    -5.41789 9.11782e-05
         147    -5.41829    -5.41789 9.05992e-05
         148    -5.41718    -5.41789 9.01152e-05
         149    -5.41703    -5.41788 8.96953e-05
         150     -5.4163    -5.41787 8.97143e-05
         151    -5.41748    -5.41787  8.9158e-05
         152    -5.41729    -5.41786  8.8652e-05
         153    -5.41801    -5.41787 8.80774e-05
         154    -5.41637    -5.41786 8.80422e-05
         155    -5.41756    -5.41785 8.74949e-05
         156    -5.41864    -5.41786 8.70805e-05
         157    -5.41835    -5.41786 8.65809e-05
         158    -5.41862    -5.41787 8.61652e-05
         159    -5.41793    -5.41787 8.56243e-05
         160    -5.41862    -5.41787 8.52194e-05
         161    -5.41803    -5.41787 8.46958e-05
         162    -5.41865    -5.41788 8.43073e-05
         163    -5.41853    -5.41788 8.38835e-05
         164    -5.41847    -5.41789 8.34486e-05
         165    -5.41869    -5.41789 8.30846e-05
         166    -5.41846    -5.41789 8.26557e-05
         167    -5.41667    -5.41789 8.24842e-05
         168    -5.41728    -5.41788  8.2071e-05
         169    -5.41816    -5.41788 8.16014e-05
         170    -5.42001     -5.4179 8.20692e-05
         171      -5.417    -5.41789 8.17573e-05
         172    -5.41776    -5.41789 8.12854e-05
         173     -5.4176    -5.41789  8.0833e-05
         174    -5.41713    -5.41789  8.0485e-05
         175    -5.41765    -5.41788 8.00362e-05
         176    -5.41816    -5.41789 7.95968e-05
         177    -5.41603    -5.41787 7.98314e-05
         178    -5.41847    -5.41788 7.94526e-05
         179    -5.41817    -5.41788 7.90259e-05
         180    -5.41708    -5.41788 7.87124e-05
         181    -5.41876    -5.41788 7.84294e-05
         182    -5.41773    -5.41788  7.8003e-05
         183    -5.41897    -5.41789 7.78048e-05
         184    -5.41777    -5.41788 7.73846e-05
         185    -5.41804    -5.41789 7.69707e-05
         186    -5.41856    -5.41789 7.66418e-05
         187    -5.41844    -5.41789 7.62881e-05
         188    -5.41697    -5.41789 7.60402e-05
         189    -5.41726    -5.41788  7.5711e-05
         190    -5.41746    -5.41788 7.53448e-05
         191    -5.41473    -5.41787 7.67387e-05
         192    -5.41711    -5.41786 7.64398e-05
         193    -5.41811    -5.41786 7.60543e-05
         194     -5.4175    -5.41786 7.56848e-05
         195    -5.41883    -5.41787 7.54595e-05
         196    -5.41772    -5.41786 7.50781e-05
         197    -5.41694    -5.41786 7.48433e-05
         198    -5.41781    -5.41786 7.44658e-05
         199    -5.41785    -5.41786 7.40916e-05
         200    -5.41661    -5.41785 7.39851e-05
