           1    0.917442    0.917442 6.12157e-09
           2    0.946721    0.932082   0.0103518
           3    0.937751    0.933971   0.0070716
           4    0.932277    0.933548  0.00531636
           5     0.93203    0.933244  0.00426175
           6    0.934809    0.933505  0.00355943
           7     0.93621    0.933892  0.00307184
           8    0.936136    0.934172  0.00270065
           9    0.938583    0.934662  0.00244464
          10    0.928707    0.934067  0.00227155
          11     0.92729    0.933451  0.00214696
          12    0.933754    0.933476   0.0019682
          13    0.930233    0.933227  0.00183253
          14    0.932045    0.933142  0.00170358
          15    0.936336    0.933355  0.00160326
          16    0.942837    0.933948  0.00160887
          17    0.925583    0.933456  0.00158769
          18    0.936927    0.933649  0.00151115
          19    0.929616    0.933436  0.00144645
          20    0.944762    0.934003  0.00148083
          21    0.931867    0.933901   0.0014138
          22    0.937503    0.934065  0.00135898
          23      0.9431    0.934457  0.00135549
          24    0.940012    0.934689  0.00131862
          25    0.934403    0.934677  0.00126592
          26    0.926062    0.934346  0.00125986
          27    0.940866    0.934588  0.00123612
          28    0.933678    0.934555   0.0011924
          29    0.941486    0.934794  0.00117499
          30    0.931261    0.934676  0.00114171
          31    0.927637    0.934449  0.00112724
          32    0.936342    0.934508  0.00109356
          33    0.945333    0.934836  0.00110853
          34    0.935096    0.934844  0.00107595
          35    0.929492    0.934691  0.00105602
          36    0.939133    0.934815  0.00103387
          37    0.922552    0.934483  0.00105771
          38    0.943874     0.93473  0.00105835
          39    0.928393    0.934568  0.00104362
          40    0.938918    0.934677  0.00102318
          41    0.934538    0.934673 0.000998227
          42    0.939193    0.934781 0.000980245
          43    0.936599    0.934823  0.00095836
          44      0.9317    0.934752 0.000939204
          45    0.937331    0.934809 0.000920079
          46    0.945718    0.935047 0.000930135
          47    0.947774    0.935317 0.000948949
          48    0.932905    0.935267 0.000930508
          49    0.940646    0.935377 0.000917971
          50    0.945143    0.935572 0.000920157
          51    0.924526    0.935356 0.000927257
          52    0.926709    0.935189 0.000924215
          53    0.939304    0.935267 0.000910031
          54    0.942525    0.935401  0.00090305
          55    0.951398    0.935692 0.000932293
          56    0.920687    0.935424 0.000953372
          57    0.942211    0.935543 0.000944051
          58    0.935703    0.935546 0.000927778
          59    0.917775    0.935245 0.000959702
          60    0.948155     0.93546 0.000967529
          61     0.92709    0.935323 0.000961347
          62    0.939189    0.935385 0.000947861
          63    0.945211    0.935541 0.000945562
          64    0.933446    0.935508 0.000931354
          65    0.940883    0.935591 0.000920689
          66    0.929557      0.9355 0.000911267
          67    0.929456    0.935409  0.00090212
          68    0.940202     0.93548 0.000891602
          69    0.943568    0.935597 0.000886352
          70    0.921836    0.935401 0.000895226
          71    0.933941     0.93538 0.000882853
          72    0.934586    0.935369  0.00087066
          73    0.932587    0.935331 0.000859567
          74    0.943691    0.935444 0.000855344
          75    0.931422     0.93539 0.000845618
          76    0.940649    0.935459 0.000837318
          77    0.929316     0.93538 0.000830236
          78    0.934713    0.935371 0.000819636
          79    0.945791    0.935503 0.000819805
          80    0.937495    0.935528 0.000809936
          81     0.92979    0.935457 0.000803028
          82    0.930803      0.9354 0.000795238
          83    0.942979    0.935492 0.000790882
          84    0.922839    0.935341 0.000795682
          85     0.93278    0.935311 0.000786891
          86    0.954718    0.935536 0.000809452
          87     0.92934    0.935465 0.000803275
          88    0.936608    0.935478 0.000794252
          89    0.930681    0.935424 0.000787154
          90    0.930502     0.93537 0.000780305
          91    0.929321    0.935303 0.000774556
          92    0.939559    0.935349 0.000767517
          93    0.930451    0.935297 0.000761069
          94    0.920799    0.935143 0.000768443
          95    0.939014    0.935183 0.000761434
          96    0.936095    0.935193 0.000753561
          97    0.936794    0.935209 0.000745974
          98    0.932722    0.935184 0.000738793
          99    0.939642    0.935229 0.000732702
         100    0.947112    0.935348 0.000734947
         101    0.933489    0.935329 0.000727901
         102     0.91347    0.935115  0.00075165
         103    0.944477    0.935206 0.000749828
         104    0.932832    0.935183 0.000742965
         105    0.943032    0.935258  0.00073964
         106    0.929964    0.935208 0.000734346
         107    0.940603    0.935258 0.000729212
         108     0.93367    0.935244 0.000722609
         109    0.939915    0.935287 0.000717249
         110    0.935198    0.935286 0.000710729
         111    0.945196    0.935375 0.000709911
         112    0.915812      0.9352 0.000724744
         113    0.942545    0.935265 0.000721239
         114    0.938039     0.93529 0.000715322
         115    0.943024    0.935357 0.000712257
         116    0.934273    0.935348 0.000706178
         117    0.937998     0.93537 0.000700505
         118    0.928373    0.935311 0.000697074
         119    0.935002    0.935308 0.000691221
         120    0.936489    0.935318 0.000685531
         121    0.926575    0.935246 0.000683663
         122    0.936661    0.935258 0.000678158
         123    0.952386    0.935397 0.000686793
         124    0.931561    0.935366 0.000681951
         125    0.915106    0.935204  0.00069549
         126     0.93452    0.935198 0.000689991
         127    0.933881    0.935188 0.000684636
         128    0.942262    0.935243 0.000681514
         129    0.948824    0.935349 0.000684315
         130    0.934966    0.935346 0.000679057
         131    0.925421     0.93527 0.000678086
         132     0.93531     0.93527 0.000672949
         133    0.940885    0.935312 0.000669212
         134    0.948047    0.935407 0.000670932
         135    0.927663     0.93535  0.00066841
         136    0.935918    0.935354 0.000663508
         137    0.927426    0.935296 0.000661184
         138    0.943699    0.935357 0.000659191
         139    0.926518    0.935294 0.000657508
         140    0.936847    0.935305 0.000652905
         141    0.936866    0.935316 0.000648369
         142    0.935664    0.935318 0.000643807
         143    0.926583    0.935257 0.000642197
         144    0.947445    0.935342  0.00064329
         145    0.924776    0.935269 0.000642968
         146    0.927595    0.935216 0.000640708
         147    0.956181    0.935359  0.00065203
         148    0.930292    0.935325 0.000648522
         149    0.921986    0.935235 0.000650319
         150    0.937589    0.935251 0.000646173
         151    0.920841    0.935155 0.000648902
         152     0.93644    0.935164 0.000644688
         153    0.938941    0.935189 0.000640947
         154    0.940873    0.935226 0.000637846
         155     0.93546    0.935227 0.000633733
         156     0.93281    0.935212  0.00062986
         157    0.935193    0.935211 0.000625848
         158    0.937167    0.935224 0.000622009
         159    0.928717    0.935183 0.000619442
         160    0.937468    0.935197 0.000615735
         161    0.938883     0.93522 0.000612336
         162    0.937699    0.935235 0.000608747
         163    0.931658    0.935213 0.000605408
         164    0.940415    0.935245 0.000602547
         165    0.935678    0.935248 0.000598901
         166    0.927677    0.935202 0.000597027
         167    0.940543    0.935234 0.000594308
         168    0.928384    0.935193 0.000592168
         169    0.939612    0.935219 0.000589241
         170     0.94285    0.935264 0.000587482
         171     0.93314    0.935252 0.000584177
         172    0.937017    0.935262 0.000580871
         173    0.938629    0.935282 0.000577839
         174    0.937303    0.935293 0.000574635
         175    0.930913    0.935268 0.000571897
         176    0.940409    0.935297 0.000569393
         177    0.918158    0.935201 0.000574351
         178    0.944494    0.935253 0.000573492
         179    0.934098    0.935246 0.000570324
         180    0.933004    0.935234 0.000567292
         181    0.940795    0.935265 0.000564989
         182    0.933135    0.935253 0.000562006
         183    0.932779    0.935239 0.000559098
         184    0.930882    0.935216  0.00055656
         185    0.933585    0.935207 0.000553622
         186    0.937869    0.935221  0.00055083
         187    0.937231    0.935232  0.00054799
         188    0.933066     0.93522 0.000545196
         189    0.941687    0.935255 0.000543384
         190     0.93174    0.935236 0.000540839
         191    0.931356    0.935216 0.000538388
         192    0.939807     0.93524 0.000536115
         193    0.932519    0.935226 0.000533523
         194    0.938141    0.935241 0.000530984
         195    0.934922    0.935239 0.000528264
         196     0.92433    0.935183 0.000528493
         197    0.949268    0.935255 0.000530624
         198    0.942836    0.935293 0.000529324
         199    0.940019    0.935317 0.000527196
         200    0.925749    0.935269 0.000526726
