           1    0.965443    0.965443 3.33607e-09
           2    0.997112    0.981277   0.0111968
           3    0.987717    0.983424  0.00766752
           4    0.983556    0.983457  0.00575071
           5    0.983315    0.983428  0.00460064
           6    0.982671    0.983302   0.0038356
           7    0.982141    0.983136  0.00329124
           8    0.990814    0.984096  0.00301649
           9    0.984464    0.984137  0.00268161
          10     0.97161    0.982884  0.00269018
          11    0.988141    0.983362   0.0024877
          12    0.971774    0.982396  0.00246069
          13      0.9911    0.983066  0.00236072
          14    0.987599     0.98339  0.00221419
          15    0.996778    0.984282  0.00223927
          16    0.965941    0.983136  0.00237469
          17    0.981855    0.983061  0.00223619
          18    0.987569    0.983311  0.00212594
          19     1.00026    0.984203  0.00219327
          20    0.961709    0.983078  0.00235439
          21     1.00579     0.98416  0.00247826
          22    0.993345    0.984577  0.00240052
          23    0.971093    0.983991  0.00236666
          24     0.99087    0.984278  0.00228534
          25    0.992659    0.984613  0.00221838
          26     0.97224    0.984137   0.0021835
          27    0.995884    0.984572  0.00214554
          28    0.980063    0.984411  0.00207494
          29    0.982329    0.984339  0.00200464
          30    0.981488    0.984244  0.00194007
          31    0.989206    0.984404  0.00188407
          32    0.989701     0.98457  0.00183245
          33    0.979404    0.984413   0.0017836
          34     0.99409    0.984698   0.0017537
          35    0.979843    0.984559  0.00170907
          36    0.984048    0.984545  0.00166166
          37     0.98417    0.984535  0.00161678
          38    0.979499    0.984402  0.00157965
          39    0.990347    0.984555  0.00154648
          40    0.975175     0.98432   0.0015255
          41    0.992896    0.984529  0.00150256
          42    0.983488    0.984505  0.00146699
          43    0.967476    0.984109  0.00148537
          44    0.980359    0.984023  0.00145405
          45    0.986276    0.984073   0.0014226
          46    0.978783    0.983958  0.00139631
          47    0.983221    0.983943  0.00136669
          48    0.993213    0.984136   0.0013518
          49    0.979503    0.984041  0.00132751
          50    0.984008    0.984041  0.00130096
          51    0.988837    0.984135  0.00127885
          52     0.98363    0.984125  0.00125429
          53    0.979596     0.98404  0.00123353
          54    0.982671    0.984014  0.00121095
          55     1.00091    0.984321  0.00122728
          56    0.979007    0.984227  0.00120902
          57    0.978037    0.984118  0.00119268
          58    0.979669    0.984041  0.00117458
          59    0.976563    0.983914  0.00116149
          60    0.987387    0.983972  0.00114357
          61    0.977864    0.983872   0.0011292
          62    0.995699    0.984063  0.00112699
          63    0.971205    0.983859  0.00112743
          64    0.978233    0.983771  0.00111323
          65    0.995882    0.983957  0.00111159
          66    0.975099    0.983823  0.00110282
          67    0.993726    0.983971  0.00109622
          68    0.983473    0.983964  0.00108012
          69    0.991038    0.984066  0.00106932
          70    0.989238     0.98414   0.0010566
          71     0.96698    0.983898    0.001069
          72    0.994446    0.984045  0.00106414
          73     0.99323    0.984171  0.00105698
          74    0.982873    0.984153  0.00104284
          75    0.982667    0.984133  0.00102912
          76     0.98864    0.984193  0.00101729
          77     0.98181    0.984162  0.00100455
          78    0.976963    0.984069 0.000995899
          79    0.982925    0.984055 0.000983398
          80     0.99614    0.984206 0.000982641
          81    0.974692    0.984088 0.000977504
          82     0.99061    0.984168 0.000968814
          83    0.972601    0.984029 0.000967112
          84     0.97778    0.983954 0.000958456
          85    0.990095    0.984026 0.000949899
          86    0.986946     0.98406  0.00093946
          87    0.987301    0.984098 0.000929399
          88    0.987222    0.984133 0.000919516
          89    0.985352    0.984147 0.000909286
          90    0.979075    0.984091 0.000900928
          91     0.98719    0.984125 0.000891671
          92    0.986626    0.984152 0.000882393
          93    0.982895    0.984138 0.000873009
          94    0.988447    0.984184 0.000864924
          95    0.990535    0.984251 0.000858399
          96    0.967105    0.984072 0.000867839
          97    0.997333    0.984209 0.000869593
          98    0.996007    0.984329 0.000869013
          99    0.984978    0.984336  0.00086026
         100     0.97698    0.984262 0.000854796
         101     0.99191    0.984338  0.00084968
         102    0.989391    0.984388 0.000842793
         103    0.977968    0.984325 0.000836912
         104    0.978073    0.984265 0.000831021
         105    0.990553    0.984325 0.000825262
         106    0.989074     0.98437 0.000818692
         107    0.989891    0.984422 0.000812664
         108    0.971384    0.984301 0.000814057
         109    0.999946    0.984444 0.000819144
         110     0.97747    0.984381 0.000814147
         111    0.986176    0.984397 0.000806973
         112    0.980274     0.98436 0.000800607
         113     1.00297    0.984525 0.000810278
         114    0.982492    0.984507 0.000803366
         115    0.972393    0.984402 0.000803257
         116    0.993419     0.98448 0.000800086
         117    0.996253     0.98458 0.000799551
         118    0.960023    0.984372 0.000819411
         119    0.998069    0.984487 0.000820569
         120    0.974429    0.984403 0.000818001
         121    0.968661    0.984273 0.000821521
         122    0.982206    0.984256 0.000814962
         123    0.978996    0.984214 0.000809458
         124     1.00326    0.984367 0.000817379
         125     0.98345     0.98436 0.000810873
         126    0.970982    0.984254 0.000811359
         127    0.996538     0.98435 0.000810715
         128    0.966393     0.98421 0.000816429
         129    0.983807    0.984207 0.000810106
         130      1.0004    0.984332 0.000813396
         131    0.974741    0.984258 0.000810475
         132     1.00196    0.984392 0.000815348
         133     0.97823    0.984346 0.000810533
         134    0.992283    0.984405 0.000806646
         135    0.976905     0.98435 0.000802582
         136    0.977935    0.984303 0.000798065
         137    0.981442    0.984282 0.000792513
         138    0.996373    0.984369 0.000791599
         139    0.978591    0.984328 0.000786995
         140    0.987972    0.984354 0.000781804
         141    0.982572    0.984341 0.000776361
         142      0.9913     0.98439 0.000772439
         143    0.987943    0.984415 0.000767437
         144    0.970255    0.984317 0.000768381
         145    0.987276    0.984337 0.000763353
         146    0.994813    0.984409  0.00076149
         147    0.986649    0.984424 0.000756462
         148    0.989212    0.984456 0.000752042
         149    0.983331    0.984449 0.000747033
         150      0.9884    0.984475 0.000742517
         151    0.983723     0.98447 0.000737616
         152    0.987453     0.98449 0.000733024
         153    0.980833    0.984466 0.000728623
         154    0.993122    0.984522 0.000726057
         155    0.993872    0.984582 0.000723874
         156    0.974537    0.984518 0.000722092
         157    0.986886    0.984533  0.00071765
         158    0.987775    0.984554 0.000713402
         159    0.976895    0.984505 0.000710539
         160    0.977746    0.984463 0.000707353
         161    0.976959    0.984417 0.000704493
         162    0.985616    0.984424 0.000700184
         163     0.99457    0.984486 0.000698649
         164    0.969423    0.984394 0.000700401
         165    0.995106    0.984459 0.000699158
         166    0.977511    0.984417 0.000696198
         167    0.978975    0.984385 0.000692792
         168     0.98024     0.98436 0.000689107
         169    0.983787    0.984357 0.000685038
         170    0.982586    0.984346 0.000681088
         171    0.991006    0.984385 0.000678217
         172    0.990861    0.984423 0.000675318
         173    0.986259    0.984434 0.000671498
         174    0.993871    0.984488 0.000669826
         175    0.989487    0.984516 0.000666607
         176    0.978446    0.984482 0.000663711
         177    0.988204    0.984503 0.000660295
         178     1.00449    0.984615 0.000666066
         179    0.946978    0.984405 0.000694741
         180     1.01415     0.98457 0.000710267
         181    0.983568    0.984565 0.000706364
         182    0.994842    0.984621 0.000704736
         183    0.966391    0.984522 0.000707891
         184    0.982414     0.98451 0.000704137
         185    0.987222    0.984525 0.000700483
         186    0.978467    0.984492 0.000697474
         187    0.992272    0.984534 0.000694984
         188    0.983488    0.984528  0.00069131
         189    0.993944    0.984578 0.000689445
         190     0.99584    0.984637 0.000688359
         191    0.972598    0.984574 0.000687636
         192    0.990605    0.984606 0.000684771
         193    0.982919    0.984597 0.000681279
         194    0.986458    0.984607 0.000677834
         195    0.980571    0.984586 0.000674674
         196    0.989653    0.984612 0.000671727
         197    0.992501    0.984652  0.00066951
         198    0.984041    0.984649 0.000666136
         199    0.967008     0.98456 0.000668661
         200     0.99407    0.984608 0.000667006
