   0.1226   0.8878

   0.2638   0.2783

   0.8060   0.4667

   0.5707   0.0855

   0.3124   0.4182

   0.4522   0.2752

   0.6458   0.2232

   0.1812   0.0823

   0.2094   0.2817

   0.6112   0.2604

   0.0446   0.3821

   0.1321   0.3903

   0.6674   0.7617

   0.1215   0.8886

   0.0986   0.7742

   0.4785   0.4873

   0.3091   0.4968

   0.4624   0.0079

   0.3934   0.3051

   0.6431   0.7587

   0.3306   0.9537

   0.2986   0.1723

   0.6018   0.4081

   0.2389   0.9471

   0.4905   0.4418

   0.6095   0.2389

   0.3257   0.6795

   0.7054   0.8721

   0.8367   0.6178

   0.8409   0.3208

   0.2046   0.4707

   0.6564   0.7947

   0.2421   0.1937

   0.3490   0.3043

