   0.1226   0.1699

   0.7296   0.3312

   0.4771   0.5718

   0.7050   0.0860

   0.6560   0.9055

   0.3715   0.8366

   0.7760   0.0211

   0.1683   0.5724

   0.2792   0.5459

   0.0173   0.5832

   0.0646   0.7547

   0.2332   0.1933

   0.4932   0.7560

   0.4791   0.4943

   0.2579   0.2393

   0.4718   0.5849

   0.6168   0.5805

   0.0840   0.1593

   0.9319   0.7541

   0.5019   0.0243

   0.6860   0.3694

   0.6520   0.2139

   0.6784   0.0982

   0.1210   0.6801

   0.5773   0.8400

   0.0528   0.4535

   0.7658   0.9703

   0.2261   0.9946

   0.9189   0.9399

   0.8133   0.0179

   0.1338   0.0535

   0.7134   0.1118

   0.9855   0.3990

   0.2728   0.2514

