0 10186
1 8248.75
2 7290.43
3 6488.63
4 5784.14
5 5202.77
6 4676.07
7 4339.5
8 3902.22
9 3657.7
10 3515.61
11 3095.13
12 2702.68
13 2426.51
14 2202.46
15 2084.88
16 1925.92
17 1854.78
18 1756.65
19 1682.07
20 1620.38
21 1536.09
22 1477.11
23 1458.02
24 1413.85
25 1342.66
26 1275.71
27 1246.75
28 1219.08
29 1168.57
30 1145.29
31 1122.81
32 1070.47
33 1056.73
34 1050.24
35 1043.52
36 1029.38
37 1020.41
38 1011.93
39 1008.09
40 994.664
41 989.376
42 989.376
43 989.376
44 989.376
45 986.722
46 986.722
47 980.927
48 977.353
49 976.216
50 974.573
51 973.436
52 973.436
53 973.436
54 964.067
55 964.067
56 964.067
57 964.067
58 964.067
59 964.067
60 964.067
61 964.067
62 964.067
63 964.067
64 964.067
65 964.067
66 964.067
67 964.067
68 964.067
69 964.067
70 964.067
71 964.067
72 964.067
73 964.067
74 964.067
75 964.067
76 964.067
77 964.067
78 964.067
79 964.067
80 964.067
81 964.067
82 955.892
83 955.892
84 955.892
85 955.892
86 955.892
87 955.892
88 955.892
89 949.848
90 949.848
91 949.848
92 949.848
93 949.848
94 949.848
95 949.848
96 949.848
97 949.848
98 949.848
99 949.848
100 949.848
101 949.848
102 949.848
103 949.848
104 949.848
105 949.848
106 949.848
107 949.848
108 949.848
109 949.848
110 949.848
111 949.848
112 949.848
113 943.909
114 940.066
115 940.066
116 940.066
117 930.696
118 930.696
119 930.696
120 930.696
121 930.696
122 930.696
123 930.696
124 930.696
125 930.696
126 930.696
127 930.696
128 930.696
129 930.696
130 930.696
131 930.696
132 930.696
133 930.696
134 930.696
135 930.696
136 930.696
137 930.696
138 930.696
139 930.696
140 930.696
141 930.696
142 930.696
143 930.696
144 930.696
145 930.696
146 930.696
147 930.696
148 930.696
149 930.696
150 930.696
151 930.696
152 930.696
153 930.696
154 930.696
155 930.696
156 930.696
157 930.696
158 930.696
159 930.696
160 930.696
161 930.696
162 930.696
163 930.696
164 930.696
165 930.696
166 930.696
167 930.696
168 930.696
169 930.696
170 930.696
171 930.696
172 930.696
173 930.696
174 930.696
175 930.696
176 930.696
177 930.696
178 930.696
179 930.696
180 930.696
181 930.696
182 930.696
183 930.696
184 930.696
185 930.696
186 930.696
187 930.696
188 930.696
189 930.696
190 930.696
191 930.696
192 930.696
193 930.696
194 930.696
195 930.696
196 930.696
197 930.696
198 930.696
199 930.696
200 930.696
201 930.696
202 930.696
203 930.696
204 930.696
205 930.696
206 930.696
207 930.696
208 930.696
209 930.696
210 930.696
211 930.696
212 930.696
213 930.696
214 930.696
215 930.696
216 930.696
217 930.696
218 930.696
219 930.696
220 930.696
221 930.696
222 930.696
223 930.696
224 930.696
225 930.696
226 930.696
227 930.696
228 930.696
229 930.696
230 930.696
231 930.696
232 930.696
233 930.696
234 930.696
235 930.696
236 930.696
237 930.696
238 930.696
239 930.696
240 930.696
241 930.696
242 930.696
243 930.696
244 930.696
245 930.696
246 930.696
247 930.696
248 930.696
249 930.696
250 930.696
251 930.696
252 930.696
253 930.696
254 930.696
255 930.696
256 930.696
257 930.696
258 930.696
259 930.696
260 930.696
261 930.696
262 930.696
263 930.696
264 930.696
265 930.696
266 930.696
267 930.696
268 930.696
269 930.696
270 930.696
271 930.696
272 930.696
273 930.696
274 930.696
275 930.696
276 930.696
277 930.696
278 930.696
279 930.696
280 930.696
281 930.696
282 930.696
283 930.696
284 930.696
285 930.696
286 930.696
287 930.696
288 930.696
289 930.696
290 930.696
291 930.696
292 930.696
293 930.696
294 930.696
295 930.696
296 930.696
297 930.696
298 930.696
299 930.696
300 930.696
301 930.696
302 930.696
303 930.696
304 930.696
305 930.696
306 930.696
307 930.696
308 930.696
309 930.696
310 930.696
311 930.696
312 930.696
313 930.696
314 930.696
315 930.696
316 930.696
317 930.696
318 930.696
319 930.696
320 930.696
321 930.696
322 930.696
323 930.696
324 930.696
325 930.696
326 930.696
327 930.696
328 930.696
329 930.696
330 930.696
331 930.696
332 930.696
333 930.696
334 930.696
335 930.696
336 930.696
337 930.696
338 930.696
339 930.696
340 930.696
341 930.696
342 930.696
343 930.696
344 930.696
345 930.696
346 930.696
347 930.696
348 930.696
349 930.696
350 930.696
351 930.696
352 930.696
353 930.696
354 930.696
355 930.696
356 930.696
357 930.696
358 930.696
359 930.696
360 930.696
361 930.696
362 930.696
363 930.696
364 930.696
365 930.696
366 930.696
367 930.696
368 930.696
369 930.696
370 930.696
371 930.696
372 930.696
373 930.696
374 930.696
375 930.696
376 930.696
377 930.696
378 930.696
379 930.696
380 930.696
381 930.696
382 930.696
383 930.696
384 930.696
385 930.696
386 930.696
387 930.696
388 930.696
389 930.696
390 930.696
391 930.696
392 930.696
393 930.696
394 930.696
395 930.696
396 930.696
397 930.696
398 930.696
399 930.696
400 930.696
401 930.696
402 930.696
403 930.696
404 930.696
405 930.696
406 930.696
407 930.696
408 930.696
409 930.696
410 930.696
411 930.696
412 930.696
413 930.696
414 930.696
415 930.696
416 930.696
417 930.696
418 930.696
419 930.696
420 930.696
421 930.696
422 930.696
423 930.696
424 930.696
425 930.696
426 930.696
427 930.696
428 930.696
429 930.696
430 930.696
431 930.696
432 930.696
433 930.696
434 930.696
435 930.696
436 930.696
437 930.696
438 930.696
439 930.696
440 930.696
441 930.696
442 930.696
443 930.696
444 930.696
445 930.696
446 930.696
447 930.696
448 930.696
449 930.696
450 930.696
451 930.696
452 930.696
453 930.696
454 930.696
455 930.696
456 930.696
457 930.696
458 930.696
459 930.696
460 930.696
461 930.696
462 930.696
463 930.696
464 930.696
465 930.696
466 930.696
467 930.696
468 930.696
469 930.696
470 930.696
471 930.696
472 930.696
473 930.696
474 930.696
475 930.696
476 930.696
477 930.696
478 930.696
479 930.696
480 930.696
481 930.696
482 930.696
483 930.696
484 930.696
485 930.696
486 930.696
487 930.696
488 930.696
489 930.696
490 930.696
491 930.696
492 930.696
493 930.696
494 930.696
495 930.696
496 930.696
497 930.696
498 930.696
499 930.696
500 930.696
501 930.696
502 930.696
503 930.696
504 930.696
505 930.696
506 930.696
507 930.696
508 930.696
509 930.696
510 930.696
511 930.696
512 930.696
513 930.696
514 930.696
515 930.696
516 930.696
517 930.696
518 930.696
519 930.696
520 930.696
521 930.696
522 930.696
523 930.696
524 930.696
525 930.696
526 930.696
527 930.696
528 930.696
529 930.696
530 930.696
531 930.696
532 930.696
533 930.696
534 930.696
535 930.696
536 930.696
537 930.696
538 930.696
539 930.696
540 930.696
541 930.696
542 930.696
543 930.696
544 930.696
545 930.696
546 930.696
547 906.129
548 906.129
549 906.129
550 906.129
551 906.129
552 906.129
553 906.129
554 906.129
555 906.129
556 906.129
557 906.129
558 906.129
559 906.129
560 906.129
561 906.129
562 906.129
563 906.129
564 906.129
565 906.129
566 906.129
567 906.129
568 906.129
569 906.129
570 906.129
571 906.129
572 906.129
573 906.129
574 906.129
575 906.129
576 906.129
577 906.129
578 906.129
579 906.129
580 906.129
581 906.129
582 906.129
583 906.129
584 906.129
585 906.129
586 906.129
587 906.129
588 906.129
589 906.129
590 906.129
591 906.129
592 906.129
593 906.129
594 906.129
595 906.129
596 906.129
597 906.129
598 906.129
599 906.129
600 906.129
601 906.129
602 906.129
603 906.129
604 906.129
605 906.129
606 906.129
607 906.129
608 906.129
609 906.129
610 906.129
611 906.129
612 906.129
613 906.129
614 906.129
615 906.129
616 906.129
617 906.129
618 906.129
619 906.129
620 906.129
621 906.129
622 906.129
623 906.129
624 906.129
625 906.129
626 906.129
627 906.129
628 906.129
629 906.129
630 906.129
631 906.129
632 906.129
633 906.129
634 906.129
635 906.129
636 906.129
637 906.129
638 906.129
639 906.129
640 906.129
641 906.129
642 906.129
643 906.129
644 906.129
645 906.129
646 906.129
647 906.129
648 906.129
649 906.129
650 906.129
651 906.129
652 906.129
653 906.129
654 906.129
655 906.129
656 906.129
657 906.129
658 906.129
659 906.129
660 906.129
661 906.129
662 906.129
663 906.129
664 906.129
665 906.129
666 906.129
667 906.129
668 906.129
669 906.129
670 906.129
671 906.129
672 906.129
673 906.129
674 906.129
675 906.129
676 906.129
677 906.129
678 906.129
679 906.129
680 906.129
681 906.129
682 906.129
683 906.129
684 906.129
685 906.129
686 906.129
687 906.129
688 906.129
689 906.129
690 906.129
691 906.129
692 906.129
693 906.129
694 906.129
695 906.129
696 906.129
697 906.129
698 906.129
699 906.129
700 906.129
701 906.129
702 906.129
703 906.129
704 906.129
705 906.129
706 906.129
707 906.129
708 906.129
709 906.129
710 906.129
711 906.129
712 906.129
713 906.129
714 906.129
715 906.129
716 906.129
717 906.129
718 906.129
719 906.129
720 906.129
721 906.129
722 906.129
723 906.129
724 906.129
725 906.129
726 906.129
727 906.129
728 906.129
729 906.129
730 906.129
731 906.129
732 906.129
733 906.129
734 906.129
735 906.129
736 906.129
737 906.129
738 906.129
739 906.129
740 906.129
741 906.129
742 906.129
743 906.129
744 906.129
745 906.129
746 906.129
747 906.129
748 906.129
749 906.129
750 906.129
751 906.129
752 906.129
753 906.129
754 906.129
755 906.129
756 906.129
757 906.129
758 906.129
759 906.129
760 906.129
761 906.129
762 906.129
763 906.129
764 906.129
765 906.129
766 906.129
767 906.129
768 906.129
769 906.129
770 906.129
771 906.129
772 906.129
773 906.129
774 906.129
775 906.129
776 906.129
777 906.129
778 906.129
779 906.129
780 906.129
781 906.129
782 906.129
783 906.129
784 906.129
785 906.129
786 906.129
787 906.129
788 906.129
789 906.129
790 906.129
791 906.129
792 906.129
793 906.129
794 906.129
795 906.129
796 906.129
797 906.129
798 906.129
799 906.129
800 906.129
801 906.129
802 906.129
803 906.129
804 906.129
805 906.129
806 906.129
807 906.129
808 906.129
809 906.129
810 906.129
811 906.129
812 906.129
813 906.129
814 906.129
815 906.129
816 906.129
817 906.129
818 906.129
819 906.129
820 906.129
821 906.129
822 906.129
823 906.129
824 906.129
825 906.129
826 906.129
827 906.129
828 906.129
829 906.129
830 906.129
831 906.129
832 906.129
833 906.129
834 906.129
835 906.129
836 906.129
837 906.129
838 906.129
839 906.129
840 906.129
841 906.129
842 906.129
843 906.129
844 906.129
845 906.129
846 906.129
847 906.129
848 906.129
849 906.129
850 906.129
851 906.129
852 906.129
853 906.129
854 906.129
855 906.129
856 906.129
857 906.129
858 906.129
859 906.129
860 906.129
861 906.129
862 906.129
863 906.129
864 906.129
865 906.129
866 906.129
867 906.129
868 906.129
869 906.129
870 906.129
871 906.129
872 906.129
873 906.129
874 906.129
875 906.129
876 906.129
877 906.129
878 906.129
879 906.129
880 906.129
881 906.129
882 906.129
883 906.129
884 906.129
885 906.129
886 906.129
887 906.129
888 906.129
889 906.129
890 906.129
891 906.129
892 906.129
893 906.129
894 906.129
895 906.129
896 906.129
897 906.129
898 906.129
899 906.129
900 906.129
901 906.129
902 906.129
903 906.129
904 906.129
905 906.129
906 906.129
907 906.129
908 906.129
909 906.129
910 906.129
911 906.129
912 906.129
913 906.129
914 906.129
915 906.129
916 906.129
917 906.129
918 906.129
919 906.129
920 906.129
921 906.129
922 906.129
923 906.129
924 906.129
925 906.129
926 906.129
927 906.129
928 906.129
929 906.129
930 906.129
931 906.129
932 906.129
933 906.129
934 906.129
935 906.129
936 906.129
937 906.129
938 906.129
939 906.129
940 906.129
941 906.129
942 906.129
943 906.129
944 906.129
945 906.129
946 906.129
947 906.129
948 906.129
949 906.129
950 906.129
951 906.129
952 906.129
953 906.129
954 906.129
955 906.129
956 906.129
957 906.129
958 906.129
959 906.129
960 906.129
961 906.129
962 906.129
963 906.129
964 906.129
965 906.129
966 906.129
967 906.129
968 906.129
969 906.129
970 906.129
971 906.129
972 906.129
973 906.129
974 906.129
975 906.129
976 906.129
977 906.129
978 906.129
979 906.129
980 906.129
981 906.129
982 906.129
983 906.129
984 906.129
985 906.129
986 906.129
987 906.129
988 906.129
989 906.129
990 906.129
991 906.129
992 906.129
993 906.129
994 906.129
995 906.129
996 906.129
997 906.129
998 906.129
999 906.129
1000 906.129
1001 906.129
1002 906.129
1003 906.129
1004 906.129
1005 906.129
1006 906.129
1007 906.129
1008 906.129
1009 906.129
1010 906.129
1011 906.129
1012 906.129
1013 906.129
1014 906.129
1015 906.129
1016 906.129
1017 906.129
1018 906.129
1019 906.129
1020 906.129
1021 906.129
1022 906.129
1023 906.129
1024 906.129
1025 906.129
1026 906.129
1027 906.129
1028 906.129
1029 906.129
1030 906.129
1031 906.129
1032 906.129
1033 906.129
1034 906.129
1035 906.129
1036 906.129
1037 906.129
1038 906.129
1039 906.129
1040 906.129
1041 906.129
1042 906.129
1043 906.129
1044 906.129
1045 906.129
1046 906.129
1047 906.129
1048 906.129
1049 906.129
1050 906.129
1051 906.129
1052 906.129
1053 906.129
1054 906.129
1055 906.129
1056 906.129
1057 906.129
1058 906.129
1059 906.129
1060 906.129
1061 906.129
1062 906.129
1063 906.129
1064 906.129
1065 906.129
1066 906.129
1067 906.129
1068 906.129
1069 906.129
1070 906.129
1071 906.129
1072 906.129
1073 906.129
1074 906.129
1075 906.129
1076 906.129
1077 906.129
1078 906.129
1079 906.129
1080 906.129
1081 906.129
1082 906.129
1083 906.129
1084 906.129
1085 906.129
1086 906.129
1087 906.129
1088 906.129
1089 906.129
1090 906.129
1091 906.129
1092 906.129
1093 906.129
1094 906.129
1095 906.129
1096 906.129
1097 906.129
1098 906.129
1099 906.129
1100 906.129
1101 906.129
1102 906.129
1103 906.129
1104 906.129
1105 906.129
1106 906.129
1107 906.129
1108 906.129
1109 906.129
1110 906.129
1111 906.129
1112 906.129
1113 906.129
1114 906.129
1115 906.129
1116 906.129
1117 906.129
1118 906.129
1119 906.129
1120 906.129
1121 906.129
1122 906.129
1123 906.129
1124 906.129
1125 906.129
1126 906.129
1127 906.129
1128 906.129
1129 906.129
1130 906.129
1131 906.129
1132 906.129
1133 906.129
1134 906.129
1135 906.129
1136 906.129
1137 906.129
1138 906.129
1139 906.129
1140 906.129
1141 906.129
1142 906.129
1143 906.129
1144 906.129
1145 906.129
1146 906.129
1147 906.129
1148 906.129
1149 906.129
1150 906.129
1151 906.129
1152 906.129
1153 906.129
1154 906.129
1155 906.129
1156 906.129
1157 906.129
1158 906.129
1159 906.129
1160 906.129
1161 906.129
1162 906.129
1163 906.129
1164 906.129
1165 906.129
1166 906.129
1167 906.129
1168 906.129
1169 906.129
1170 906.129
1171 906.129
1172 906.129
1173 906.129
1174 906.129
1175 906.129
1176 906.129
1177 906.129
1178 906.129
1179 906.129
1180 906.129
1181 906.129
1182 906.129
1183 906.129
1184 906.129
1185 906.129
1186 906.129
1187 906.129
1188 906.129
1189 906.129
1190 906.129
1191 906.129
1192 906.129
1193 906.129
1194 906.129
1195 906.129
1196 906.129
1197 906.129
1198 906.129
1199 906.129
1200 906.129
1201 906.129
1202 906.129
1203 906.129
1204 906.129
1205 906.129
1206 906.129
1207 906.129
1208 906.129
1209 906.129
1210 906.129
1211 906.129
1212 906.129
1213 906.129
1214 906.129
1215 906.129
1216 906.129
1217 906.129
1218 906.129
1219 906.129
1220 906.129
1221 906.129
1222 906.129
1223 906.129
1224 906.129
1225 906.129
1226 906.129
1227 906.129
1228 906.129
1229 906.129
1230 906.129
1231 906.129
1232 906.129
1233 906.129
1234 906.129
1235 906.129
1236 906.129
1237 906.129
1238 906.129
1239 906.129
1240 906.129
1241 906.129
1242 906.129
1243 906.129
1244 906.129
1245 906.129
1246 906.129
1247 906.129
1248 906.129
1249 906.129
1250 906.129
1251 906.129
1252 906.129
1253 906.129
1254 906.129
1255 906.129
1256 906.129
1257 906.129
1258 906.129
1259 906.129
1260 906.129
1261 906.129
1262 906.129
1263 906.129
1264 906.129
1265 906.129
1266 906.129
1267 906.129
1268 906.129
1269 906.129
1270 906.129
1271 906.129
1272 906.129
1273 906.129
1274 906.129
1275 906.129
1276 906.129
1277 906.129
1278 906.129
1279 906.129
1280 906.129
1281 906.129
1282 906.129
1283 906.129
1284 906.129
1285 906.129
1286 906.129
1287 906.129
1288 906.129
1289 906.129
1290 906.129
1291 906.129
1292 906.129
1293 906.129
1294 906.129
1295 906.129
1296 906.129
1297 906.129
1298 906.129
1299 906.129
1300 906.129
1301 906.129
1302 906.129
1303 906.129
1304 906.129
1305 906.129
1306 906.129
1307 906.129
1308 906.129
1309 906.129
1310 906.129
1311 906.129
1312 906.129
1313 906.129
1314 906.129
1315 906.129
1316 906.129
1317 906.129
1318 906.129
1319 906.129
1320 906.129
1321 906.129
1322 906.129
1323 906.129
1324 906.129
1325 906.129
1326 906.129
1327 906.129
1328 906.129
1329 906.129
1330 906.129
1331 906.129
1332 906.129
1333 906.129
1334 906.129
1335 906.129
1336 906.129
1337 906.129
1338 906.129
1339 906.129
1340 906.129
1341 906.129
1342 906.129
1343 906.129
1344 906.129
1345 906.129
1346 906.129
1347 906.129
1348 906.129
1349 906.129
1350 906.129
1351 906.129
1352 906.129
1353 906.129
1354 906.129
1355 906.129
1356 906.129
1357 906.129
1358 906.129
1359 906.129
1360 906.129
1361 906.129
1362 906.129
1363 906.129
1364 906.129
1365 906.129
1366 906.129
1367 906.129
1368 906.129
1369 906.129
1370 906.129
1371 906.129
1372 906.129
1373 906.129
1374 906.129
1375 906.129
1376 906.129
1377 906.129
1378 906.129
1379 906.129
1380 906.129
1381 906.129
1382 906.129
1383 906.129
1384 906.129
1385 906.129
1386 906.129
1387 906.129
1388 906.129
1389 906.129
1390 906.129
1391 906.129
1392 906.129
1393 906.129
1394 906.129
1395 906.129
1396 906.129
1397 906.129
1398 906.129
1399 906.129
1400 906.129
1401 906.129
1402 906.129
1403 906.129
1404 906.129
1405 906.129
1406 906.129
1407 906.129
1408 906.129
1409 906.129
1410 906.129
1411 906.129
1412 906.129
1413 906.129
1414 906.129
1415 906.129
1416 906.129
1417 906.129
1418 906.129
1419 906.129
1420 906.129
1421 906.129
1422 906.129
1423 906.129
1424 906.129
1425 906.129
1426 906.129
1427 906.129
1428 906.129
1429 906.129
1430 906.129
1431 906.129
1432 906.129
1433 906.129
1434 906.129
1435 906.129
1436 906.129
1437 906.129
1438 906.129
1439 906.129
1440 906.129
1441 906.129
1442 906.129
1443 906.129
1444 906.129
1445 906.129
1446 906.129
1447 906.129
1448 906.129
1449 906.129
1450 906.129
1451 906.129
1452 906.129
1453 906.129
1454 906.129
1455 906.129
1456 906.129
1457 906.129
1458 906.129
1459 906.129
1460 906.129
1461 906.129
1462 906.129
1463 906.129
1464 906.129
1465 906.129
1466 906.129
1467 906.129
1468 906.129
1469 906.129
1470 906.129
1471 906.129
1472 906.129
1473 906.129
1474 906.129
1475 906.129
1476 906.129
1477 906.129
1478 906.129
1479 906.129
1480 906.129
1481 906.129
1482 906.129
1483 906.129
1484 906.129
1485 906.129
1486 906.129
1487 906.129
1488 906.129
1489 906.129
1490 906.129
1491 906.129
1492 906.129
1493 906.129
1494 906.129
1495 906.129
1496 906.129
1497 906.129
1498 906.129
1499 906.129
1500 906.129
1501 906.129
1502 906.129
1503 906.129
1504 906.129
1505 906.129
1506 906.129
1507 906.129
1508 906.129
1509 906.129
1510 906.129
1511 906.129
1512 906.129
1513 906.129
1514 906.129
1515 906.129
1516 906.129
1517 906.129
1518 906.129
1519 906.129
1520 906.129
1521 906.129
1522 906.129
1523 906.129
1524 906.129
1525 906.129
1526 906.129
1527 906.129
1528 906.129
1529 906.129
1530 906.129
1531 906.129
1532 906.129
1533 906.129
1534 906.129
1535 906.129
1536 906.129
1537 906.129
1538 906.129
1539 906.129
1540 906.129
1541 906.129
1542 906.129
1543 906.129
1544 906.129
1545 906.129
1546 906.129
1547 906.129
1548 906.129
1549 906.129
1550 906.129
1551 906.129
1552 906.129
1553 906.129
1554 906.129
1555 906.129
1556 906.129
1557 906.129
1558 906.129
1559 906.129
1560 906.129
1561 906.129
1562 906.129
1563 906.129
1564 906.129
1565 906.129
1566 906.129
1567 906.129
1568 906.129
1569 906.129
1570 906.129
1571 906.129
1572 906.129
1573 906.129
1574 906.129
1575 906.129
1576 906.129
1577 906.129
1578 906.129
1579 906.129
1580 906.129
1581 906.129
1582 906.129
1583 906.129
1584 906.129
1585 906.129
1586 906.129
1587 906.129
1588 906.129
1589 906.129
1590 906.129
1591 906.129
1592 906.129
1593 906.129
1594 906.129
1595 906.129
1596 906.129
1597 906.129
1598 906.129
1599 906.129
1600 906.129
1601 906.129
1602 906.129
1603 906.129
1604 906.129
1605 906.129
1606 906.129
1607 906.129
1608 906.129
1609 906.129
1610 906.129
1611 906.129
1612 906.129
1613 906.129
1614 906.129
1615 906.129
1616 906.129
1617 906.129
1618 906.129
1619 906.129
1620 906.129
1621 906.129
1622 906.129
1623 906.129
1624 906.129
1625 906.129
1626 906.129
1627 906.129
1628 906.129
1629 906.129
1630 906.129
1631 906.129
1632 906.129
1633 906.129
1634 906.129
1635 906.129
1636 906.129
1637 906.129
1638 906.129
1639 906.129
1640 906.129
1641 906.129
1642 906.129
1643 906.129
1644 906.129
1645 906.129
1646 906.129
1647 906.129
1648 906.129
1649 906.129
1650 906.129
1651 906.129
1652 906.129
1653 906.129
1654 906.129
1655 906.129
1656 906.129
1657 906.129
1658 906.129
1659 906.129
1660 906.129
1661 906.129
1662 906.129
1663 906.129
1664 906.129
1665 906.129
1666 906.129
1667 906.129
1668 906.129
1669 906.129
1670 906.129
1671 906.129
1672 906.129
1673 906.129
1674 906.129
1675 906.129
1676 906.129
1677 906.129
1678 906.129
1679 906.129
1680 906.129
1681 906.129
1682 906.129
1683 906.129
1684 906.129
1685 906.129
1686 906.129
1687 906.129
1688 906.129
1689 906.129
1690 906.129
1691 906.129
1692 906.129
1693 906.129
1694 906.129
1695 906.129
1696 906.129
1697 906.129
1698 906.129
1699 906.129
1700 906.129
1701 906.129
1702 906.129
1703 906.129
1704 906.129
1705 906.129
1706 906.129
1707 906.129
1708 906.129
1709 906.129
1710 906.129
1711 906.129
1712 906.129
1713 906.129
1714 906.129
1715 906.129
1716 906.129
1717 906.129
1718 906.129
1719 906.129
1720 906.129
1721 906.129
1722 906.129
1723 906.129
1724 906.129
1725 906.129
1726 906.129
1727 906.129
1728 906.129
1729 906.129
1730 906.129
1731 906.129
1732 906.129
1733 906.129
1734 906.129
1735 906.129
1736 906.129
1737 906.129
1738 906.129
1739 906.129
1740 906.129
1741 906.129
1742 906.129
1743 906.129
1744 906.129
1745 906.129
1746 906.129
1747 906.129
1748 906.129
1749 906.129
1750 906.129
1751 906.129
1752 906.129
1753 906.129
1754 906.129
1755 906.129
1756 906.129
1757 906.129
1758 906.129
1759 906.129
1760 906.129
1761 906.129
1762 906.129
1763 906.129
1764 906.129
1765 906.129
1766 906.129
1767 906.129
1768 906.129
1769 906.129
1770 906.129
1771 906.129
1772 906.129
1773 906.129
1774 906.129
1775 906.129
1776 906.129
1777 906.129
1778 906.129
1779 906.129
1780 906.129
1781 906.129
1782 906.129
1783 906.129
1784 906.129
1785 906.129
1786 906.129
1787 906.129
1788 906.129
1789 906.129
1790 906.129
1791 906.129
1792 906.129
1793 906.129
1794 906.129
1795 906.129
1796 906.129
1797 906.129
1798 906.129
1799 906.129
1800 906.129
1801 906.129
1802 906.129
1803 906.129
1804 906.129
1805 906.129
1806 906.129
1807 906.129
1808 906.129
1809 906.129
1810 906.129
1811 906.129
1812 906.129
1813 906.129
1814 906.129
1815 906.129
1816 906.129
1817 906.129
1818 906.129
1819 906.129
1820 906.129
1821 906.129
1822 906.129
1823 906.129
1824 906.129
1825 906.129
1826 906.129
1827 906.129
1828 906.129
1829 906.129
1830 906.129
1831 906.129
1832 906.129
1833 906.129
1834 906.129
1835 906.129
1836 906.129
1837 906.129
1838 906.129
1839 906.129
1840 906.129
1841 906.129
1842 906.129
1843 906.129
1844 906.129
1845 906.129
1846 906.129
1847 906.129
1848 906.129
1849 906.129
1850 906.129
1851 906.129
1852 906.129
1853 906.129
1854 906.129
1855 906.129
1856 906.129
1857 906.129
1858 906.129
1859 906.129
1860 906.129
1861 906.129
1862 906.129
1863 906.129
1864 906.129
1865 906.129
1866 906.129
1867 906.129
1868 906.129
1869 906.129
1870 906.129
1871 906.129
1872 906.129
1873 906.129
1874 906.129
1875 906.129
1876 906.129
1877 906.129
1878 906.129
1879 906.129
1880 906.129
1881 906.129
1882 906.129
1883 906.129
1884 906.129
1885 906.129
1886 906.129
1887 906.129
1888 906.129
1889 906.129
1890 906.129
1891 906.129
1892 906.129
1893 906.129
1894 906.129
1895 906.129
1896 906.129
1897 906.129
1898 906.129
1899 906.129
1900 906.129
1901 906.129
1902 906.129
1903 906.129
1904 906.129
1905 906.129
1906 906.129
1907 906.129
1908 906.129
1909 906.129
1910 906.129
1911 906.129
1912 906.129
1913 906.129
1914 906.129
1915 906.129
1916 906.129
1917 906.129
1918 906.129
1919 906.129
1920 906.129
1921 906.129
1922 906.129
1923 906.129
1924 906.129
1925 906.129
1926 906.129
1927 906.129
1928 906.129
1929 906.129
1930 906.129
1931 906.129
1932 906.129
1933 906.129
1934 906.129
1935 906.129
1936 906.129
1937 906.129
1938 906.129
1939 906.129
1940 906.129
1941 906.129
1942 906.129
1943 906.129
1944 906.129
1945 906.129
1946 906.129
1947 906.129
1948 906.129
1949 906.129
1950 906.129
1951 906.129
1952 906.129
1953 906.129
1954 906.129
1955 906.129
1956 906.129
1957 906.129
1958 906.129
1959 906.129
1960 906.129
1961 906.129
1962 906.129
1963 906.129
1964 906.129
1965 906.129
1966 906.129
1967 906.129
1968 906.129
1969 906.129
1970 906.129
1971 906.129
1972 906.129
1973 906.129
1974 906.129
1975 906.129
1976 906.129
1977 906.129
1978 906.129
1979 906.129
1980 906.129
1981 906.129
1982 906.129
1983 906.129
1984 906.129
1985 906.129
1986 906.129
1987 906.129
1988 906.129
1989 906.129
1990 906.129
1991 906.129
1992 906.129
1993 906.129
1994 906.129
1995 906.129
1996 906.129
1997 906.129
1998 906.129
1999 906.129
2000 906.129
2001 906.129
2002 906.129
2003 906.129
2004 906.129
2005 906.129
2006 906.129
2007 906.129
2008 906.129
2009 906.129
2010 906.129
2011 906.129
2012 906.129
2013 906.129
2014 906.129
2015 906.129
2016 906.129
2017 906.129
2018 906.129
2019 906.129
2020 906.129
2021 906.129
2022 906.129
2023 906.129
2024 906.129
2025 906.129
2026 906.129
2027 906.129
2028 906.129
2029 906.129
2030 906.129
2031 906.129
2032 906.129
2033 906.129
2034 906.129
2035 906.129
2036 906.129
2037 906.129
2038 906.129
2039 906.129
2040 906.129
2041 906.129
2042 906.129
2043 906.129
2044 906.129
2045 906.129
2046 906.129
2047 906.129
2048 906.129
2049 906.129
2050 906.129
2051 906.129
2052 906.129
2053 906.129
2054 906.129
2055 906.129
2056 906.129
2057 906.129
2058 906.129
2059 906.129
2060 906.129
2061 906.129
2062 906.129
2063 906.129
2064 906.129
2065 906.129
2066 906.129
2067 906.129
2068 906.129
2069 906.129
2070 906.129
2071 906.129
2072 906.129
2073 906.129
2074 906.129
2075 906.129
2076 906.129
2077 906.129
2078 906.129
2079 906.129
2080 906.129
2081 906.129
2082 906.129
2083 906.129
2084 906.129
2085 906.129
2086 906.129
2087 906.129
2088 906.129
2089 906.129
2090 906.129
2091 906.129
2092 906.129
2093 906.129
2094 906.129
2095 906.129
2096 906.129
2097 906.129
2098 906.129
2099 906.129
2100 906.129
2101 906.129
2102 906.129
2103 906.129
2104 906.129
2105 906.129
2106 906.129
2107 906.129
2108 906.129
2109 906.129
2110 906.129
2111 906.129
2112 906.129
2113 906.129
2114 906.129
2115 906.129
2116 906.129
2117 906.129
2118 906.129
2119 906.129
2120 906.129
2121 906.129
2122 906.129
2123 906.129
2124 906.129
2125 906.129
2126 906.129
2127 906.129
2128 906.129
2129 906.129
2130 906.129
2131 906.129
2132 906.129
2133 906.129
2134 906.129
2135 906.129
2136 906.129
2137 906.129
2138 906.129
2139 906.129
2140 906.129
2141 906.129
2142 906.129
2143 906.129
2144 906.129
2145 906.129
2146 906.129
2147 906.129
2148 906.129
2149 906.129
2150 906.129
2151 906.129
2152 906.129
2153 906.129
2154 906.129
2155 906.129
2156 906.129
2157 906.129
2158 906.129
2159 906.129
2160 906.129
2161 906.129
2162 906.129
2163 906.129
2164 906.129
2165 906.129
2166 906.129
2167 906.129
2168 906.129
2169 906.129
2170 906.129
2171 906.129
2172 906.129
2173 906.129
2174 906.129
2175 906.129
2176 906.129
2177 906.129
2178 906.129
2179 906.129
2180 906.129
2181 906.129
2182 906.129
2183 906.129
2184 906.129
2185 906.129
2186 906.129
2187 906.129
2188 906.129
2189 906.129
2190 906.129
2191 906.129
2192 906.129
2193 906.129
2194 906.129
2195 906.129
2196 906.129
2197 906.129
2198 906.129
2199 906.129
2200 906.129
2201 906.129
2202 906.129
2203 906.129
2204 906.129
2205 906.129
2206 906.129
2207 906.129
2208 906.129
2209 906.129
2210 906.129
2211 906.129
2212 906.129
2213 906.129
2214 906.129
2215 906.129
2216 906.129
2217 906.129
2218 906.129
2219 906.129
2220 906.129
2221 906.129
2222 906.129
2223 906.129
2224 906.129
2225 906.129
2226 906.129
2227 906.129
2228 906.129
2229 906.129
2230 906.129
2231 906.129
2232 906.129
2233 906.129
2234 906.129
2235 906.129
2236 906.129
2237 906.129
2238 906.129
2239 906.129
2240 906.129
2241 906.129
2242 906.129
2243 906.129
2244 906.129
2245 906.129
2246 906.129
2247 906.129
2248 906.129
2249 906.129
2250 906.129
2251 906.129
2252 906.129
2253 906.129
2254 906.129
2255 906.129
2256 906.129
2257 906.129
2258 906.129
2259 906.129
2260 906.129
2261 906.129
2262 906.129
2263 906.129
2264 906.129
2265 906.129
2266 906.129
2267 906.129
2268 906.129
2269 906.129
2270 906.129
2271 906.129
2272 906.129
2273 906.129
2274 906.129
2275 906.129
2276 906.129
2277 906.129
2278 906.129
2279 906.129
2280 906.129
2281 906.129
2282 906.129
2283 906.129
2284 906.129
2285 906.129
2286 906.129
2287 906.129
2288 906.129
2289 906.129
2290 906.129
2291 906.129
2292 906.129
2293 906.129
2294 906.129
2295 906.129
2296 906.129
2297 906.129
2298 906.129
2299 906.129
2300 906.129
2301 906.129
2302 906.129
2303 906.129
2304 906.129
2305 906.129
2306 906.129
2307 906.129
2308 906.129
2309 906.129
2310 906.129
2311 906.129
2312 906.129
2313 906.129
2314 906.129
2315 906.129
2316 906.129
2317 906.129
2318 906.129
2319 906.129
2320 906.129
2321 906.129
2322 906.129
2323 906.129
2324 906.129
2325 906.129
2326 906.129
2327 906.129
2328 906.129
2329 906.129
2330 906.129
2331 906.129
2332 906.129
2333 906.129
2334 906.129
2335 906.129
2336 906.129
2337 906.129
2338 906.129
2339 906.129
2340 906.129
2341 906.129
2342 906.129
2343 906.129
2344 906.129
2345 906.129
2346 906.129
2347 906.129
2348 906.129
2349 906.129
2350 906.129
2351 906.129
2352 906.129
2353 906.129
2354 906.129
2355 906.129
2356 906.129
2357 906.129
2358 906.129
2359 906.129
2360 906.129
2361 906.129
2362 906.129
2363 906.129
2364 906.129
2365 906.129
2366 906.129
2367 906.129
2368 906.129
2369 906.129
2370 906.129
2371 906.129
2372 906.129
2373 906.129
2374 906.129
2375 906.129
2376 906.129
2377 906.129
2378 906.129
2379 906.129
2380 906.129
2381 906.129
2382 906.129
2383 906.129
2384 906.129
2385 906.129
2386 906.129
2387 906.129
2388 906.129
2389 906.129
2390 906.129
2391 906.129
2392 906.129
2393 906.129
2394 906.129
2395 906.129
2396 906.129
2397 906.129
2398 906.129
2399 906.129
2400 906.129
2401 906.129
2402 906.129
2403 906.129
2404 906.129
2405 906.129
2406 906.129
2407 906.129
2408 906.129
2409 906.129
2410 906.129
2411 906.129
2412 906.129
2413 906.129
2414 906.129
2415 906.129
2416 906.129
2417 906.129
2418 906.129
2419 906.129
2420 906.129
2421 906.129
2422 906.129
2423 906.129
2424 906.129
2425 906.129
2426 906.129
2427 906.129
2428 906.129
2429 906.129
2430 906.129
2431 906.129
2432 906.129
2433 906.129
2434 906.129
2435 906.129
2436 906.129
2437 906.129
2438 906.129
2439 906.129
2440 906.129
2441 906.129
2442 906.129
2443 906.129
2444 906.129
2445 906.129
2446 906.129
2447 906.129
2448 906.129
2449 906.129
2450 906.129
2451 906.129
2452 906.129
2453 906.129
2454 906.129
2455 906.129
2456 906.129
2457 906.129
2458 906.129
2459 906.129
2460 906.129
2461 906.129
2462 906.129
2463 906.129
2464 906.129
2465 906.129
2466 906.129
2467 906.129
2468 906.129
2469 906.129
2470 906.129
2471 906.129
2472 906.129
2473 906.129
2474 906.129
2475 906.129
2476 906.129
2477 906.129
2478 906.129
2479 906.129
2480 906.129
2481 906.129
2482 906.129
2483 906.129
2484 906.129
2485 906.129
2486 906.129
2487 906.129
2488 906.129
2489 906.129
2490 906.129
2491 906.129
2492 906.129
2493 906.129
2494 906.129
2495 906.129
2496 906.129
2497 906.129
2498 906.129
2499 906.129
2500 906.129
2501 906.129
2502 906.129
2503 906.129
2504 906.129
2505 906.129
2506 906.129
2507 906.129
2508 906.129
2509 906.129
2510 906.129
2511 906.129
2512 906.129
2513 906.129
2514 906.129
2515 906.129
2516 906.129
2517 906.129
2518 906.129
2519 906.129
2520 906.129
2521 906.129
2522 906.129
2523 906.129
2524 906.129
2525 906.129
2526 906.129
2527 906.129
2528 906.129
2529 906.129
2530 906.129
2531 906.129
2532 906.129
2533 906.129
2534 906.129
2535 906.129
2536 906.129
2537 906.129
2538 906.129
2539 906.129
2540 906.129
2541 906.129
2542 906.129
2543 906.129
2544 906.129
2545 906.129
2546 906.129
2547 906.129
2548 906.129
2549 906.129
2550 906.129
2551 906.129
2552 906.129
2553 906.129
2554 906.129
2555 906.129
2556 906.129
2557 906.129
2558 906.129
2559 906.129
2560 906.129
2561 906.129
2562 906.129
2563 906.129
2564 906.129
2565 906.129
2566 906.129
2567 906.129
2568 906.129
2569 906.129
2570 906.129
2571 906.129
2572 906.129
2573 906.129
2574 906.129
2575 906.129
2576 906.129
2577 906.129
2578 906.129
2579 906.129
2580 906.129
2581 906.129
2582 906.129
2583 906.129
2584 906.129
2585 906.129
2586 906.129
2587 906.129
2588 906.129
2589 906.129
2590 906.129
2591 906.129
2592 906.129
2593 906.129
2594 906.129
2595 906.129
2596 906.129
2597 906.129
2598 906.129
2599 906.129
2600 906.129
2601 906.129
2602 906.129
2603 906.129
2604 906.129
2605 906.129
2606 906.129
2607 906.129
2608 906.129
2609 906.129
2610 906.129
2611 906.129
2612 906.129
2613 906.129
2614 906.129
2615 906.129
2616 906.129
2617 906.129
2618 906.129
2619 906.129
2620 906.129
2621 906.129
2622 906.129
2623 906.129
2624 906.129
2625 906.129
2626 906.129
2627 906.129
2628 906.129
2629 906.129
2630 906.129
2631 906.129
2632 906.129
2633 906.129
2634 906.129
2635 906.129
2636 906.129
2637 906.129
2638 906.129
2639 906.129
2640 906.129
2641 906.129
2642 906.129
2643 906.129
2644 906.129
2645 906.129
2646 906.129
2647 906.129
2648 906.129
2649 906.129
2650 906.129
2651 906.129
2652 906.129
2653 906.129
2654 906.129
2655 906.129
2656 906.129
2657 906.129
2658 906.129
2659 906.129
2660 906.129
2661 906.129
2662 906.129
2663 906.129
2664 906.129
2665 906.129
2666 906.129
2667 906.129
2668 906.129
2669 906.129
2670 906.129
2671 906.129
2672 906.129
2673 906.129
2674 906.129
2675 906.129
2676 906.129
2677 906.129
2678 906.129
2679 906.129
2680 906.129
2681 906.129
2682 906.129
2683 906.129
2684 906.129
2685 906.129
2686 906.129
2687 906.129
2688 906.129
2689 906.129
2690 906.129
2691 906.129
2692 906.129
2693 906.129
2694 906.129
2695 906.129
2696 906.129
2697 906.129
2698 906.129
2699 906.129
2700 906.129
2701 906.129
2702 906.129
2703 906.129
2704 906.129
2705 906.129
2706 906.129
2707 906.129
2708 906.129
2709 906.129
2710 906.129
2711 906.129
2712 906.129
2713 906.129
2714 906.129
2715 906.129
2716 906.129
2717 906.129
2718 906.129
2719 906.129
2720 906.129
2721 906.129
2722 906.129
2723 906.129
2724 906.129
2725 906.129
2726 906.129
2727 906.129
2728 906.129
2729 906.129
2730 906.129
2731 906.129
2732 906.129
2733 906.129
2734 906.129
2735 906.129
2736 906.129
2737 906.129
2738 906.129
2739 906.129
2740 906.129
2741 906.129
2742 906.129
2743 906.129
2744 906.129
2745 906.129
2746 906.129
2747 906.129
2748 906.129
2749 906.129
2750 906.129
2751 906.129
2752 906.129
2753 906.129
2754 906.129
2755 906.129
2756 906.129
2757 906.129
2758 906.129
2759 906.129
2760 906.129
2761 906.129
2762 906.129
2763 906.129
2764 906.129
2765 906.129
2766 906.129
2767 906.129
2768 906.129
2769 906.129
2770 906.129
2771 906.129
2772 906.129
2773 906.129
2774 906.129
2775 906.129
2776 906.129
2777 906.129
2778 906.129
2779 906.129
2780 906.129
2781 906.129
2782 906.129
2783 906.129
2784 906.129
2785 906.129
2786 906.129
2787 906.129
2788 906.129
2789 906.129
2790 906.129
2791 906.129
2792 906.129
2793 906.129
2794 906.129
2795 906.129
2796 906.129
2797 906.129
2798 906.129
2799 906.129
2800 906.129
2801 906.129
2802 906.129
2803 906.129
2804 906.129
2805 906.129
2806 906.129
2807 906.129
2808 906.129
2809 906.129
2810 906.129
2811 906.129
2812 906.129
2813 906.129
2814 906.129
2815 906.129
2816 906.129
2817 906.129
2818 906.129
2819 906.129
2820 906.129
2821 906.129
2822 906.129
2823 906.129
2824 906.129
2825 906.129
2826 906.129
2827 906.129
2828 906.129
2829 906.129
2830 906.129
2831 906.129
2832 906.129
2833 906.129
2834 906.129
2835 906.129
2836 906.129
2837 906.129
2838 906.129
2839 906.129
2840 906.129
2841 906.129
2842 906.129
2843 906.129
2844 906.129
2845 906.129
2846 906.129
2847 906.129
2848 906.129
2849 906.129
2850 906.129
2851 906.129
2852 906.129
2853 906.129
2854 906.129
2855 906.129
2856 906.129
2857 906.129
2858 906.129
2859 906.129
2860 906.129
2861 906.129
2862 906.129
2863 906.129
2864 906.129
2865 906.129
2866 906.129
2867 906.129
2868 906.129
2869 906.129
2870 906.129
2871 906.129
2872 906.129
2873 906.129
2874 906.129
2875 906.129
2876 906.129
2877 906.129
2878 906.129
2879 906.129
2880 906.129
2881 906.129
2882 906.129
2883 906.129
2884 906.129
2885 906.129
2886 906.129
2887 906.129
2888 906.129
2889 906.129
2890 906.129
2891 906.129
2892 906.129
2893 906.129
2894 906.129
2895 906.129
2896 906.129
2897 906.129
2898 906.129
2899 906.129
2900 906.129
2901 906.129
2902 906.129
2903 906.129
2904 906.129
2905 906.129
2906 906.129
2907 906.129
2908 906.129
2909 906.129
2910 906.129
2911 906.129
2912 906.129
2913 906.129
2914 906.129
2915 906.129
2916 906.129
2917 906.129
2918 906.129
2919 906.129
2920 906.129
2921 906.129
2922 906.129
2923 906.129
2924 906.129
2925 906.129
2926 906.129
2927 906.129
2928 906.129
2929 906.129
2930 906.129
2931 906.129
2932 906.129
2933 906.129
2934 906.129
2935 906.129
2936 906.129
2937 906.129
2938 906.129
2939 906.129
2940 906.129
2941 906.129
2942 906.129
2943 906.129
2944 906.129
2945 906.129
2946 906.129
2947 906.129
2948 906.129
2949 906.129
2950 906.129
2951 906.129
2952 906.129
2953 906.129
2954 906.129
2955 906.129
2956 906.129
2957 906.129
2958 906.129
2959 906.129
2960 906.129
2961 906.129
2962 906.129
2963 906.129
2964 906.129
2965 906.129
2966 906.129
2967 906.129
2968 906.129
2969 906.129
2970 906.129
2971 906.129
2972 906.129
2973 906.129
2974 906.129
2975 906.129
2976 906.129
2977 906.129
2978 906.129
2979 906.129
2980 906.129
2981 906.129
2982 906.129
2983 906.129
2984 906.129
2985 906.129
2986 906.129
2987 906.129
2988 906.129
2989 906.129
2990 906.129
2991 906.129
2992 906.129
2993 906.129
2994 906.129
2995 906.129
2996 906.129
2997 906.129
2998 906.129
2999 906.129
