0 5.41685
1 4.62965
2 4.13534
3 3.61028
4 3.23559
5 2.94863
6 2.83922
7 2.55303
8 2.11767
9 1.88092
10 1.7619
11 1.69093
12 1.58246
13 1.54164
14 1.52263
15 1.46085
16 1.4592
17 1.27094
18 1.25996
19 1.21293
20 1.19405
21 1.19352
22 1.19352
23 1.19273
24 1.19273
25 1.19273
26 1.19273
27 1.19027
28 1.19027
29 1.19027
30 1.19027
31 1.19027
32 1.19027
33 1.18941
34 1.18924
35 1.14255
36 1.14255
37 1.11981
38 1.10665
39 1.10665
40 1.10665
41 1.10665
42 1.10665
43 1.10665
44 1.09877
45 1.08304
46 1.08304
47 1.08304
48 1.08304
49 1.08304
50 1.08304
51 1.08304
52 1.08304
53 1.08304
54 1.08304
55 1.08304
56 1.08304
57 1.08304
58 1.08304
59 1.08304
60 1.08304
61 1.08304
62 1.08304
63 1.08304
64 1.08304
65 1.08304
66 1.08304
67 1.08304
68 1.08304
69 1.08304
70 1.08304
71 1.08304
72 1.08304
73 1.08304
74 1.08304
75 1.08304
76 1.08304
77 1.08304
78 1.08304
79 1.08304
80 1.08304
81 1.08304
82 1.08304
83 1.08304
84 1.08304
85 1.08304
86 1.08304
87 1.08304
88 1.08304
89 1.08304
90 1.08304
91 1.08304
92 1.08304
93 1.08304
94 1.08304
95 1.08304
96 1.08304
97 1.08304
98 1.08304
99 1.08304
100 1.08304
101 1.08304
102 1.08304
103 1.08304
104 1.08304
105 1.08304
106 1.08304
107 1.08304
108 1.08304
109 1.08304
110 1.08304
111 1.08304
112 1.08304
113 1.08304
114 1.08304
115 1.08304
116 1.08304
117 1.08304
118 1.08304
119 1.08304
120 1.08304
121 1.08304
122 1.08304
123 1.08304
124 1.08304
125 1.08304
126 1.08304
127 1.08304
128 1.08304
129 1.08304
130 1.08304
131 1.08304
132 1.08304
133 1.08304
134 1.08304
135 1.08304
136 1.08304
137 1.08304
138 1.08304
139 1.08304
140 1.08304
141 1.08304
142 1.08304
143 1.08304
144 1.08304
145 1.08304
146 1.08304
147 1.08304
148 1.08304
149 1.08304
150 1.08304
151 1.08304
152 1.08304
153 1.08304
154 1.08304
155 1.08304
156 1.08304
157 1.08304
158 1.08304
159 1.08304
160 1.08304
161 1.08304
162 1.08304
163 1.08304
164 1.08304
165 1.08304
166 1.08304
167 1.08304
168 1.08304
169 1.08304
170 1.08304
171 1.08304
172 1.08304
173 1.08304
174 1.08304
175 1.08304
176 1.08304
177 1.08304
178 1.08304
179 1.08304
180 1.08304
181 1.08304
182 1.08304
183 1.08304
184 1.08304
185 1.08304
186 1.08304
187 1.08304
188 1.08304
189 1.08304
190 1.08304
191 1.08304
192 1.08304
193 1.08304
194 1.08304
195 1.08304
196 1.08304
197 1.08304
198 1.08304
199 1.08304
200 1.08304
201 1.08304
202 1.08304
203 1.08304
204 1.08304
205 1.08304
206 1.08304
207 1.08304
208 1.08304
209 1.08304
210 1.08304
211 1.08304
212 1.08304
213 1.08304
214 1.08304
215 1.08304
216 1.08304
217 1.08304
218 1.08304
219 1.08304
220 1.08304
221 1.08304
222 1.08304
223 1.08304
224 1.08304
225 1.08304
226 1.08304
227 1.08304
228 1.08304
229 1.08304
230 1.08304
231 1.08304
232 1.08304
233 1.08304
234 1.08304
235 1.08304
236 1.08304
237 1.08304
238 1.08304
239 1.08304
240 1.08304
241 1.08304
242 1.08304
243 1.08304
244 1.08304
245 1.08304
246 1.08304
247 1.08304
248 1.08304
249 1.08304
250 1.08304
251 1.08304
252 1.08304
253 1.08304
254 1.08304
255 1.08304
256 1.08304
257 1.08304
258 1.08304
259 1.08304
260 1.08304
261 1.08304
262 1.08304
263 1.08304
264 1.08304
265 1.08304
266 1.08304
267 1.08304
268 1.08304
269 1.08304
270 1.08304
271 1.08304
272 1.08304
273 1.08304
274 1.08304
275 1.08304
276 1.08304
277 1.08304
278 1.08304
279 1.08304
280 1.08304
281 1.08304
282 1.08304
283 1.08304
284 1.08304
285 1.08304
286 1.08304
287 1.08304
288 1.08304
289 1.08304
290 1.08304
291 1.08304
292 1.08304
293 1.08304
294 1.08304
295 1.08304
296 1.08304
297 1.08304
298 1.08304
299 1.08304
300 1.08304
301 1.08304
302 1.08304
303 1.08304
304 1.08304
305 1.08304
306 1.08304
307 1.08304
308 1.08304
309 1.08304
310 1.08304
311 1.08304
312 1.08304
313 1.08304
314 1.08304
315 1.08304
316 1.08304
317 1.08304
318 1.08304
319 1.08304
320 1.08304
321 1.08304
322 1.08304
323 1.08304
324 1.08304
325 1.08304
326 1.08304
327 1.08304
328 1.08304
329 1.08304
330 1.08304
331 1.08304
332 1.08304
333 1.08304
334 1.08304
335 1.08304
336 1.08304
337 1.08304
338 1.08304
339 1.08304
340 1.08304
341 1.08304
342 1.08304
343 1.08304
344 1.08304
345 1.08304
346 1.08304
347 1.08304
348 1.08304
349 1.08304
350 1.08304
351 1.08304
352 1.08304
353 1.08304
354 1.08304
355 1.08304
356 1.08304
357 1.08304
358 1.08304
359 1.08304
360 1.08304
361 1.08304
362 1.08304
363 1.08304
364 1.08304
365 1.08304
366 1.08304
367 1.08304
368 1.08304
369 1.08304
370 1.08304
371 1.08304
372 1.08304
373 1.08304
374 1.08304
375 1.08304
376 1.08304
377 1.08304
378 1.08304
379 1.08304
380 1.08304
381 1.08304
382 1.08304
383 1.08304
384 1.08304
385 1.08304
386 1.08304
387 1.08304
388 1.08304
389 1.08304
390 1.08304
391 1.08304
392 1.08304
393 1.08304
394 1.08304
395 1.08304
396 1.08304
397 1.08304
398 1.08304
399 1.08304
400 1.08304
401 1.08304
402 1.08304
403 1.08304
404 1.08304
405 1.08304
406 1.08304
407 1.08304
408 1.08304
409 1.08304
410 1.08304
411 1.08304
412 1.08304
413 1.08304
414 1.08304
415 1.08304
416 1.08304
417 1.08304
418 1.08304
419 1.08304
420 1.08304
421 1.08304
422 1.08304
423 1.08304
424 1.08304
425 1.08304
426 1.08304
427 1.08304
428 1.08304
429 1.08304
430 1.08304
431 1.08304
432 1.08304
433 1.08304
434 1.08304
435 1.08304
436 1.08304
437 1.08304
438 1.08304
439 1.08304
440 1.08304
441 1.08304
442 1.08304
443 1.08304
444 1.08304
445 1.08304
446 1.08304
447 1.08304
448 1.08304
449 1.08304
450 1.08304
451 1.08304
452 1.08304
453 1.08304
454 1.08304
455 1.08304
456 1.08304
457 1.08304
458 1.08304
459 1.08304
460 1.08304
461 1.08304
462 1.08304
463 1.08304
464 1.08304
465 1.08304
466 1.08304
467 1.08304
468 1.08304
469 1.08304
470 1.08304
471 1.08304
472 1.08304
473 1.08304
474 1.08304
475 1.08304
476 1.08304
477 1.08304
478 1.08304
479 1.08304
480 1.08304
481 1.08304
482 1.08304
483 1.08304
484 1.08304
485 1.08304
486 1.08304
487 1.08304
488 1.08304
489 1.08304
490 1.08304
491 1.08304
492 1.08304
493 1.08304
494 1.08304
495 1.08304
496 1.08304
497 1.08304
498 1.08304
499 1.08304
500 1.08304
501 1.08304
502 1.08304
503 1.08304
504 1.08304
505 1.08304
506 1.08304
507 1.08304
508 1.08304
509 1.08304
510 1.08304
511 1.08304
512 1.08304
513 1.08304
514 1.08304
515 1.08304
516 1.08304
517 1.08304
518 1.08304
519 1.08304
520 1.08304
521 1.08304
522 1.08304
523 1.08304
524 1.08304
525 1.08304
526 1.08304
527 1.08304
528 1.08304
529 1.08304
530 1.08304
531 1.08304
532 1.08304
533 1.08304
534 1.08304
535 1.08304
536 1.08304
537 1.08304
538 1.08304
539 1.08304
540 1.08304
541 1.08304
542 1.08304
543 1.08304
544 1.08304
545 1.08304
546 1.08304
547 1.08304
548 1.08304
549 1.08304
550 1.08304
551 1.08304
552 1.08304
553 1.08304
554 1.08304
555 1.08304
556 1.08304
557 1.08304
558 1.08304
559 1.08304
560 1.08304
561 1.08304
562 1.08304
563 1.08304
564 1.08304
565 1.08304
566 1.08304
567 1.08304
568 1.08304
569 1.08304
570 1.08304
571 1.08304
572 1.08304
573 1.08304
574 1.08304
575 1.08304
576 1.08304
577 1.08304
578 1.08304
579 1.08304
580 1.08304
581 1.08304
582 1.08304
583 1.08304
584 1.08304
585 1.08304
586 1.08304
587 1.08304
588 1.08304
589 1.08304
590 1.08304
591 1.08304
592 1.08304
593 1.08304
594 1.08304
595 1.08304
596 1.08304
597 1.08304
598 1.08304
599 1.08304
600 1.08304
601 1.08304
602 1.08304
603 1.08304
604 1.08304
605 1.08304
606 1.08304
607 1.08304
608 1.08304
609 1.08304
610 1.08304
611 1.08304
612 1.08304
613 1.08304
614 1.08304
615 1.08304
616 1.08304
617 1.08304
618 1.08304
619 1.08304
620 1.08304
621 1.08304
622 1.08304
623 1.08304
624 1.08304
625 1.08304
626 1.08304
627 1.08304
628 1.08304
629 1.08304
630 1.08304
631 1.08304
632 1.08304
633 1.08304
634 1.08304
635 1.08304
636 1.08304
637 1.08304
638 1.08304
639 1.08304
640 1.08304
641 1.08304
642 1.08304
643 1.08304
644 1.08304
645 1.08304
646 1.08304
647 1.08304
648 1.08304
649 1.08304
650 1.08304
651 1.08304
652 1.08304
653 1.08304
654 1.08304
655 1.08304
656 1.08304
657 1.08304
658 1.08304
659 1.08304
660 1.08304
661 1.08304
662 1.08304
663 1.08304
664 1.08304
665 1.08304
666 1.08304
667 1.08304
668 1.08304
669 1.08304
670 1.08304
671 1.08304
672 1.08304
673 1.08304
674 1.08304
675 1.08304
676 1.08304
677 1.08304
678 1.08304
679 1.08304
680 1.08304
681 1.08304
682 1.08304
683 1.08304
684 1.08304
685 1.08304
686 1.08304
687 1.08304
688 1.08304
689 1.08304
690 1.08304
691 1.08304
692 1.08304
693 1.08304
694 1.08304
695 1.08304
696 1.08304
697 1.08304
698 1.08304
699 1.08304
700 1.08304
701 1.08304
702 1.08304
703 1.08304
704 1.08304
705 1.08304
706 1.08304
707 1.08304
708 1.08304
709 1.08304
710 1.08304
711 1.08304
712 1.08304
713 1.08304
714 1.08304
715 1.08304
716 1.08304
717 1.08304
718 1.08304
719 1.08304
720 1.08304
721 1.08304
722 1.08304
723 1.08304
724 1.08304
725 1.08304
726 1.08304
727 1.08304
728 1.08304
729 1.08304
730 1.08304
731 1.08304
732 1.08304
733 1.08304
734 1.08304
735 1.08304
736 1.08304
737 1.08304
738 1.08304
739 1.08304
740 1.08304
741 1.08304
742 1.08304
743 1.08304
744 1.08304
745 1.08304
746 1.08304
747 1.08304
748 1.08304
749 1.08304
750 1.08304
751 1.08304
752 1.08304
753 1.08304
754 1.08304
755 1.08304
756 1.08304
757 1.08304
758 1.08304
759 1.08304
760 1.08304
761 1.08304
762 1.08304
763 1.08304
764 1.08304
765 1.08304
766 1.08304
767 1.08304
768 1.08304
769 1.08304
770 1.08304
771 1.08304
772 1.08304
773 1.08304
774 1.08304
775 1.08304
776 1.08304
777 1.08304
778 1.08304
779 1.08304
780 1.08304
781 1.08304
782 1.08304
783 1.08304
784 1.08304
785 1.08304
786 1.08304
787 1.08304
788 1.08304
789 1.08304
790 1.08304
791 1.08304
792 1.08304
793 1.08304
794 1.08304
795 1.08304
796 1.08304
797 1.08304
798 1.08304
799 1.08304
800 1.08304
801 1.08304
802 1.08304
803 1.08304
804 1.08304
805 1.08304
806 1.08304
807 1.08304
808 1.08304
809 1.08304
810 1.08304
811 1.08304
812 1.08304
813 1.08304
814 1.08304
815 1.08304
816 1.08304
817 1.08304
818 1.08304
819 1.08304
820 1.08304
821 1.08304
822 1.08304
823 1.08304
824 1.08304
825 1.08304
826 1.08304
827 1.08304
828 1.08304
829 1.08304
830 1.08304
831 1.08304
832 1.08304
833 1.08304
834 1.08304
835 1.08304
836 1.08304
837 1.08304
838 1.08304
839 1.08304
840 1.08304
841 1.08304
842 1.08304
843 1.08304
844 1.08304
845 1.08304
846 1.08304
847 1.08304
848 1.08304
849 1.08304
850 1.08304
851 1.08304
852 1.08304
853 1.08304
854 1.08304
855 1.08304
856 1.08304
857 1.08304
858 1.08304
859 1.08304
860 1.08304
861 1.08304
862 1.08304
863 1.08304
864 1.08304
865 1.08304
866 1.08304
867 1.08304
868 1.08304
869 1.08304
870 1.08304
871 1.08304
872 1.08304
873 1.08304
874 1.08304
875 1.08304
876 1.08304
877 1.08304
878 1.08304
879 1.08304
880 1.08304
881 1.08304
882 1.08304
883 1.08304
884 1.08304
885 1.08304
886 1.08304
887 1.08304
888 1.08304
889 1.08304
890 1.08304
891 1.08304
892 1.08304
893 1.08304
894 1.08304
895 1.08304
896 1.08304
897 1.08304
898 1.08304
899 1.08304
900 1.08304
901 1.08304
902 1.08304
903 1.08304
904 1.08304
905 1.08304
906 1.08304
907 1.08304
908 1.08304
909 1.08304
910 1.08304
911 1.08304
912 1.08304
913 1.08304
914 1.08304
915 1.08304
916 1.08304
917 1.08304
918 1.08304
919 1.08304
920 1.08304
921 1.08304
922 1.08304
923 1.08304
924 1.08304
925 1.08304
926 1.08304
927 1.08304
928 1.08304
929 1.08304
930 1.08304
931 1.08304
932 1.08304
933 1.08304
934 1.08304
935 1.08304
936 1.08304
937 1.08304
938 1.08304
939 1.08304
940 1.08304
941 1.08304
942 1.08304
943 1.08304
944 1.08304
945 1.08304
946 1.08304
947 1.08304
948 1.08304
949 1.08304
950 1.08304
951 1.08304
952 1.08304
953 1.08304
954 1.08304
955 1.08304
956 1.08304
957 1.08304
958 1.08304
959 1.08304
960 1.08304
961 1.08304
962 1.08304
963 1.08304
964 1.08304
965 1.08304
966 1.08304
967 1.08304
968 1.08304
969 1.08304
970 1.08304
971 1.08304
972 1.08304
973 1.08304
974 1.08304
975 1.08304
976 1.08304
977 1.08304
978 1.08304
979 1.08304
980 1.08304
981 1.08304
982 1.08304
983 1.08304
984 1.08304
985 1.08304
986 1.08304
987 1.08304
988 1.08304
989 1.08304
990 1.08304
991 1.08304
992 1.08304
993 1.08304
994 1.08304
995 1.08304
996 1.08304
997 1.08304
998 1.08304
999 1.08304
1000 1.08304
1001 1.08304
1002 1.08304
1003 1.08304
1004 1.08304
1005 1.08304
1006 1.08304
1007 1.08304
1008 1.08304
1009 1.08304
1010 1.08304
1011 1.08304
1012 1.08304
1013 1.08304
1014 1.08304
1015 1.08304
1016 1.08304
1017 1.08304
1018 1.08304
1019 1.08304
1020 1.08304
1021 1.08304
1022 1.08304
1023 1.08304
1024 1.08304
1025 1.08304
1026 1.08304
1027 1.08304
1028 1.08304
1029 1.08304
1030 1.08304
1031 1.08304
1032 1.08304
1033 1.08304
1034 1.08304
1035 1.08304
1036 1.08304
1037 1.08304
1038 1.08304
1039 1.08304
1040 1.08304
1041 1.08304
1042 1.08304
1043 1.08304
1044 1.08304
1045 1.08304
1046 1.08304
1047 1.08304
1048 1.08304
1049 1.08304
1050 1.08304
1051 1.08304
1052 1.08304
1053 1.08304
1054 1.08304
1055 1.08304
1056 1.08304
1057 1.08304
1058 1.08304
1059 1.08304
1060 1.08304
1061 1.08304
1062 1.08304
1063 1.08304
1064 1.08304
1065 1.08304
1066 1.08304
1067 1.08304
1068 1.08304
1069 1.08304
1070 1.08304
1071 1.08304
1072 1.08304
1073 1.08304
1074 1.08304
1075 1.08304
1076 1.08304
1077 1.08304
1078 1.08304
1079 1.08304
1080 1.08304
1081 1.08304
1082 1.08304
1083 1.08304
1084 1.08304
1085 1.08304
1086 1.08304
1087 1.08304
1088 1.08304
1089 1.08304
1090 1.08304
1091 1.08304
1092 1.08304
1093 1.08304
1094 1.08304
1095 1.08304
1096 1.08304
1097 1.08304
1098 1.08304
1099 1.08304
1100 1.08304
1101 1.08304
1102 1.08304
1103 1.08304
1104 1.08304
1105 1.08304
1106 1.08304
1107 1.08304
1108 1.08304
1109 1.08304
1110 1.08304
1111 1.08304
1112 1.08304
1113 1.08304
1114 1.08304
1115 1.08304
1116 1.08304
1117 1.08304
1118 1.08304
1119 1.08304
1120 1.08304
1121 1.08304
1122 1.08304
1123 1.08304
1124 1.08304
1125 1.08304
1126 1.08304
1127 1.08304
1128 1.08304
1129 1.08304
1130 1.08304
1131 1.08304
1132 1.08304
1133 1.08304
1134 1.08304
1135 1.08304
1136 1.08304
1137 1.08304
1138 1.08304
1139 1.08304
1140 1.08304
1141 1.08304
1142 1.08304
1143 1.08304
1144 1.08304
1145 1.08304
1146 1.08304
1147 1.08304
1148 1.08304
1149 1.08304
1150 1.08304
1151 1.08304
1152 1.08304
1153 1.08304
1154 1.08304
1155 1.08304
1156 1.08304
1157 1.08304
1158 1.08304
1159 1.08304
1160 1.08304
1161 1.08304
1162 1.08304
1163 1.08304
1164 1.08304
1165 1.08304
1166 1.08304
1167 1.08304
1168 1.08304
1169 1.08304
1170 1.08304
1171 1.08304
1172 1.08304
1173 1.08304
1174 1.08304
1175 1.08304
1176 1.08304
1177 1.08304
1178 1.08304
1179 1.08304
1180 1.08304
1181 1.08304
1182 1.08304
1183 1.08304
1184 1.08304
1185 1.08304
1186 1.08304
1187 1.08304
1188 1.08304
1189 1.08304
1190 1.08304
1191 1.08304
1192 1.08304
1193 1.08304
1194 1.08304
1195 1.08304
1196 1.08304
1197 1.08304
1198 1.08304
1199 1.08304
1200 1.08304
1201 1.08304
1202 1.08304
1203 1.08304
1204 1.08304
1205 1.08304
1206 1.08304
1207 1.08304
1208 1.08304
1209 1.08304
1210 1.08304
1211 1.08304
1212 1.08304
1213 1.08304
1214 1.08304
1215 1.08304
1216 1.08304
1217 1.08304
1218 1.08304
1219 1.08304
1220 1.08304
1221 1.08304
1222 1.08304
1223 1.08304
1224 1.08304
1225 1.08304
1226 1.08304
1227 1.08304
1228 1.08304
1229 1.08304
1230 1.08304
1231 1.08304
1232 1.08304
1233 1.08304
1234 1.08304
1235 1.08304
1236 1.08304
1237 1.08304
1238 1.08304
1239 1.08304
1240 1.08304
1241 1.08304
1242 1.08304
1243 1.08304
1244 1.08304
1245 1.08304
1246 1.08304
1247 1.08304
1248 1.08304
1249 1.08304
1250 1.08304
1251 1.08304
1252 1.08304
1253 1.08304
1254 1.08304
1255 1.08304
1256 1.08304
1257 1.08304
1258 1.08304
1259 1.08304
1260 1.08304
1261 1.08304
1262 1.08304
1263 1.08304
1264 1.08304
1265 1.08304
1266 1.08304
1267 1.08304
1268 1.08304
1269 1.08304
1270 1.08304
1271 1.08304
1272 1.08304
1273 1.08304
1274 1.08304
1275 1.08304
1276 1.08304
1277 1.08304
1278 1.08304
1279 1.08304
1280 1.08304
1281 1.08304
1282 1.08304
1283 1.08304
1284 1.08304
1285 1.08304
1286 1.08304
1287 1.08304
1288 1.08304
1289 1.08304
1290 1.08304
1291 1.08304
1292 1.08304
1293 1.08304
1294 1.08304
1295 1.08304
1296 1.08304
1297 1.08304
1298 1.08304
1299 1.08304
1300 1.08304
1301 1.08304
1302 1.08304
1303 1.08304
1304 1.08304
1305 1.08304
1306 1.08304
1307 1.08304
1308 1.08304
1309 1.08304
1310 1.08304
1311 1.08304
1312 1.08304
1313 1.08304
1314 1.08304
1315 1.08304
1316 1.08304
1317 1.08304
1318 1.08304
1319 1.08304
1320 1.08304
1321 1.08304
1322 1.08304
1323 1.08304
1324 1.08304
1325 1.08304
1326 1.08304
1327 1.08304
1328 1.08304
1329 1.08304
1330 1.08304
1331 1.08304
1332 1.08304
1333 1.08304
1334 1.08304
1335 1.08304
1336 1.08304
1337 1.08304
1338 1.08304
1339 1.08304
1340 1.08304
1341 1.08304
1342 1.08304
1343 1.08304
1344 1.08304
1345 1.08304
1346 1.08304
1347 1.08304
1348 1.08304
1349 1.08304
1350 1.08304
1351 1.08304
1352 1.08304
1353 1.08304
1354 1.08304
1355 1.08304
1356 1.08304
1357 1.08304
1358 1.08304
1359 1.08304
1360 1.08304
1361 1.08304
1362 1.08304
1363 1.08304
1364 1.08304
1365 1.08304
1366 1.08304
1367 1.08304
1368 1.08304
1369 1.08304
1370 1.08304
1371 1.08304
1372 1.08304
1373 1.08304
1374 1.08304
1375 1.08304
1376 1.08304
1377 1.08304
1378 1.08304
1379 1.08304
1380 1.08304
1381 1.08304
1382 1.08304
1383 1.08304
1384 1.08304
1385 1.08304
1386 1.08304
1387 1.08304
1388 1.08304
1389 1.08304
1390 1.08304
1391 1.08304
1392 1.08304
1393 1.08304
1394 1.08304
1395 1.08304
1396 1.08304
1397 1.08304
1398 1.08304
1399 1.08304
1400 1.08304
1401 1.08304
1402 1.08304
1403 1.08304
1404 1.08304
1405 1.08304
1406 1.08304
1407 1.08304
1408 1.08304
1409 1.08304
1410 1.08304
1411 1.08304
1412 1.08304
1413 1.08304
1414 1.08304
1415 1.08304
1416 1.08304
1417 1.08304
1418 1.08304
1419 1.08304
1420 1.08304
1421 1.08304
1422 1.08304
1423 1.08304
1424 1.08304
1425 1.08304
1426 1.08304
1427 1.08304
1428 1.08304
1429 1.08304
1430 1.08304
1431 1.08304
1432 1.08304
1433 1.08304
1434 1.08304
1435 1.08304
1436 1.08304
1437 1.08304
1438 1.08304
1439 1.08304
1440 1.08304
1441 1.08304
1442 1.08304
1443 1.08304
1444 1.08304
1445 1.08304
1446 1.08304
1447 1.08304
1448 1.08304
1449 1.08304
1450 1.08304
1451 1.08304
1452 1.08304
1453 1.08304
1454 1.08304
1455 1.08304
1456 1.08304
1457 1.08304
1458 1.08304
1459 1.08304
1460 1.08304
1461 1.08304
1462 1.08304
1463 1.08304
1464 1.08304
1465 1.08304
1466 1.08304
1467 1.08304
1468 1.08304
1469 1.08304
1470 1.08304
1471 1.08304
1472 1.08304
1473 1.08304
1474 1.08304
1475 1.08304
1476 1.08304
1477 1.08304
1478 1.08304
1479 1.08304
1480 1.08304
1481 1.08304
1482 1.08304
1483 1.08304
1484 1.08304
1485 1.08304
1486 1.08304
1487 1.08304
1488 1.08304
1489 1.08304
1490 1.08304
1491 1.08304
1492 1.08304
1493 1.08304
1494 1.08304
1495 1.08304
1496 1.08304
1497 1.08304
1498 1.08304
1499 1.08304
