0 5.61304
1 4.8039
2 4.04476
3 3.62951
4 3.39595
5 3.18924
6 2.85773
7 2.67224
8 2.47502
9 2.27069
10 2.09438
11 1.94034
12 1.79015
13 1.64458
14 1.60559
15 1.5182
16 1.48068
17 1.4675
18 1.46143
19 1.44007
20 1.43042
21 1.42434
22 1.42112
23 1.38644
24 1.38644
25 1.38644
26 1.38116
27 1.37794
28 1.37748
29 1.35822
30 1.35822
31 1.35822
32 1.35822
33 1.35822
34 1.35822
35 1.35822
36 1.35822
37 1.35822
38 1.35822
39 1.35822
40 1.35822
41 1.35822
42 1.35822
43 1.34755
44 1.34755
45 1.34755
46 1.34755
47 1.34755
48 1.34755
49 1.34755
50 1.34755
51 1.34755
52 1.34755
53 1.34755
54 1.34755
55 1.34755
56 1.34755
57 1.34755
58 1.34649
59 1.3453
60 1.33097
61 1.32862
62 1.32862
63 1.32862
64 1.32862
65 1.32862
66 1.32862
67 1.32862
68 1.30501
69 1.30501
70 1.30501
71 1.30501
72 1.30501
73 1.30501
74 1.30501
75 1.30501
76 1.30501
77 1.30501
78 1.30501
79 1.30501
80 1.30501
81 1.30501
82 1.30501
83 1.30501
84 1.30501
85 1.30501
86 1.30501
87 1.30501
88 1.30501
89 1.30501
90 1.30501
91 1.30501
92 1.30501
93 1.30501
94 1.30501
95 1.30501
96 1.30501
97 1.30501
98 1.30501
99 1.30501
100 1.30501
101 1.30501
102 1.30501
103 1.30501
104 1.30501
105 1.30501
106 1.30501
107 1.30501
108 1.30501
109 1.30501
110 1.30501
111 1.30501
112 1.30501
113 1.30501
114 1.30501
115 1.30501
116 1.30477
117 1.30477
118 1.30477
119 1.30477
120 1.30477
121 1.30477
122 1.30477
123 1.30477
124 1.25127
125 1.22861
126 1.22861
127 1.15503
128 1.09001
129 1.09001
130 1.09001
131 1.09001
132 1.09001
133 1.09001
134 1.09001
135 1.09001
136 1.09001
137 1.09001
138 1.09001
139 1.09001
140 1.09001
141 1.09001
142 1.09001
143 1.09001
144 1.09001
145 1.09001
146 1.09001
147 1.09001
148 1.09001
149 1.09001
150 1.09001
151 1.09001
152 1.09001
153 1.09001
154 1.09001
155 1.03251
156 1.03251
157 1.03251
158 1.01754
159 1.01754
160 1.01754
161 1.01754
162 1.01754
163 1.01754
164 1.01754
165 1.01754
166 1.01754
167 1.01754
168 1.01754
169 1.01754
170 1.01754
171 1.01754
172 1.01754
173 1.01754
174 1.01754
175 1.01754
176 1.01754
177 1.01754
178 1.01754
179 1.01754
180 1.01754
181 1.01754
182 1.01754
183 1.01754
184 1.01754
185 1.01754
186 1.01754
187 1.01754
188 1.01754
189 1.01754
190 1.01754
191 1.01754
192 1.01754
193 1.01754
194 1.01754
195 1.01754
196 1.01754
197 1.01754
198 1.01754
199 1.01754
200 1.01754
201 1.01754
202 1.01754
203 1.01754
204 1.01754
205 1.01754
206 1.01754
207 1.01754
208 1.01754
209 1.01754
210 1.01754
211 1.01754
212 1.01754
213 1.01754
214 1.01754
215 1.01754
216 1.01754
217 1.01754
218 1.01754
219 1.01754
220 1.01754
221 1.01754
222 1.01754
223 1.01754
224 1.01754
225 1.01754
226 1.01754
227 1.01754
228 1.01754
229 1.01754
230 1.01754
231 1.01754
232 1.01754
233 1.01754
234 1.01754
235 1.01754
236 1.01754
237 1.01754
238 1.01754
239 1.01754
240 1.01754
241 1.01754
242 1.01754
243 1.01754
244 1.01754
245 1.01754
246 1.01754
247 1.01754
248 1.01754
249 1.01754
250 1.01754
251 1.01754
252 1.01754
253 1.01754
254 1.01754
255 1.01754
256 1.01754
257 1.01754
258 1.01754
259 1.01754
260 1.01754
261 1.01754
262 1.01754
263 1.01754
264 1.01754
265 1.01754
266 1.01754
267 1.01754
268 1.01754
269 1.01754
270 1.01754
271 1.01754
272 1.01754
273 1.01754
274 1.01754
275 1.01754
276 1.01754
277 1.01754
278 1.01754
279 1.01754
280 1.01754
281 1.01754
282 1.01754
283 1.01754
284 1.01754
285 1.01754
286 1.01754
287 1.01754
288 1.01754
289 1.01754
290 1.01754
291 1.01754
292 1.01754
293 1.01754
294 1.01754
295 1.01754
296 1.01754
297 1.01754
298 1.01754
299 1.01754
300 1.01754
301 1.01754
302 1.01754
303 1.01754
304 1.01754
305 1.01754
306 1.01754
307 1.01754
308 1.01754
309 1.01754
310 1.01754
311 1.01754
312 1.01754
313 1.01754
314 1.01754
315 1.01754
316 1.01754
317 1.01754
318 1.01754
319 1.01754
320 1.01754
321 1.01754
322 1.01754
323 1.01754
324 1.01754
325 1.01754
326 1.01754
327 1.01754
328 1.01754
329 1.01754
330 1.01754
331 1.01754
332 1.01754
333 1.01754
334 1.01754
335 1.01754
336 1.01754
337 1.01754
338 1.01754
339 1.01754
340 1.01754
341 1.01754
342 1.01754
343 1.01754
344 1.01754
345 1.01754
346 1.01754
347 1.01754
348 1.01754
349 1.01754
350 1.01754
351 1.01754
352 1.01754
353 1.01754
354 1.01754
355 1.01754
356 1.01754
357 1.01754
358 1.01754
359 1.01754
360 1.01754
361 1.01754
362 1.01754
363 1.01754
364 1.01754
365 1.01754
366 1.01754
367 1.01754
368 1.01754
369 1.01754
370 1.01754
371 1.01754
372 1.01754
373 1.01754
374 1.01754
375 1.01754
376 1.01754
377 1.01754
378 1.01754
379 1.01754
380 1.01754
381 1.01754
382 1.01754
383 1.01754
384 1.01754
385 1.01754
386 1.01754
387 1.01754
388 1.01754
389 1.01754
390 1.01754
391 1.01754
392 1.01754
393 1.01754
394 1.01754
395 1.01754
396 1.01754
397 1.01754
398 1.01754
399 1.01754
400 1.01754
401 1.01754
402 1.01754
403 1.01754
404 1.01754
405 1.01754
406 1.01754
407 1.01754
408 1.01754
409 1.01754
410 1.01754
411 1.01754
412 1.01754
413 1.01754
414 1.01754
415 1.01754
416 1.01754
417 1.01754
418 1.01754
419 1.01754
420 1.01754
421 1.01754
422 1.01754
423 1.01754
424 1.01754
425 1.01754
426 1.01754
427 1.01754
428 1.01754
429 1.01754
430 1.01754
431 1.01754
432 1.01754
433 1.01754
434 1.01754
435 1.01754
436 1.01754
437 1.01754
438 1.01754
439 1.01754
440 1.01754
441 1.01754
442 1.01754
443 1.01754
444 1.01754
445 1.01754
446 1.01754
447 1.01754
448 1.01754
449 1.01754
450 1.01754
451 1.01754
452 1.01754
453 1.01754
454 1.01754
455 1.01754
456 1.01754
457 1.01754
458 1.01754
459 1.01754
460 1.01754
461 1.01754
462 1.01754
463 1.01754
464 1.01754
465 1.01754
466 1.01754
467 1.01754
468 1.01754
469 1.01754
470 1.01754
471 1.01754
472 1.01754
473 1.01754
474 1.01754
475 1.01754
476 1.01754
477 1.01754
478 1.01754
479 1.01754
480 1.01754
481 1.01754
482 1.01754
483 1.01754
484 1.01754
485 1.01754
486 1.01754
487 1.01754
488 1.01754
489 1.01754
490 1.01754
491 1.01754
492 1.01754
493 1.01754
494 1.01754
495 1.01754
496 1.01754
497 1.01754
498 1.01754
499 1.01754
500 1.01754
501 1.01754
502 1.01754
503 1.01754
504 1.01754
505 1.01754
506 1.01754
507 1.01754
508 1.01754
509 1.01754
510 1.01754
511 1.01754
512 1.01754
513 1.01754
514 1.01754
515 1.01754
516 1.01754
517 1.01754
518 1.01754
519 1.01754
520 1.01754
521 1.01754
522 1.01754
523 1.01754
524 1.01754
525 1.01754
526 1.01754
527 1.01754
528 1.01754
529 1.01754
530 1.01754
531 1.01754
532 1.01754
533 1.01754
534 1.01754
535 1.01754
536 1.01754
537 1.01754
538 1.01754
539 1.01754
540 1.01754
541 1.01754
542 1.01754
543 1.01754
544 1.01754
545 1.01754
546 1.01754
547 1.01754
548 1.01754
549 1.01754
550 1.01754
551 1.01754
552 1.01754
553 1.01754
554 1.01754
555 1.01754
556 1.01754
557 1.01754
558 1.01754
559 1.01754
560 1.01754
561 1.01754
562 1.01754
563 1.01754
564 1.01754
565 1.01754
566 1.01754
567 1.01754
568 1.01754
569 1.01754
570 1.01754
571 1.01754
572 1.01754
573 1.01754
574 1.01754
575 1.01754
576 1.01754
577 1.01754
578 1.01754
579 1.01754
580 1.01754
581 1.01754
582 1.01754
583 1.01754
584 1.01754
585 1.01754
586 1.01754
587 1.01754
588 1.01754
589 1.01754
590 1.01754
591 1.01754
592 1.01754
593 1.01754
594 1.01754
595 1.01754
596 1.01754
597 1.01754
598 1.01754
599 1.01754
600 1.01754
601 1.01754
602 1.01754
603 1.01754
604 1.01754
605 1.01754
606 1.01754
607 1.01754
608 1.01754
609 1.01754
610 1.01754
611 1.01754
612 1.01754
613 1.01754
614 1.01754
615 1.01754
616 1.01754
617 1.01754
618 1.01754
619 1.01754
620 1.01754
621 1.01754
622 1.01754
623 1.01754
624 1.01754
625 1.01754
626 1.01754
627 1.01754
628 1.01754
629 1.01754
630 1.01754
631 1.01754
632 1.01754
633 1.01754
634 1.01754
635 1.01754
636 1.01754
637 1.01754
638 1.01754
639 1.01754
640 1.01754
641 1.01754
642 1.01754
643 1.01754
644 1.01754
645 1.01754
646 1.01754
647 1.01754
648 1.01754
649 1.01754
650 1.01754
651 1.01754
652 1.01754
653 1.01754
654 1.01754
655 1.01754
656 1.01754
657 1.01754
658 1.01754
659 1.01754
660 1.01754
661 1.01754
662 1.01754
663 1.01754
664 1.01754
665 1.01754
666 1.01754
667 1.01754
668 1.01754
669 1.01754
670 1.01754
671 1.01754
672 1.01754
673 1.01754
674 1.01754
675 1.01754
676 1.01754
677 1.01754
678 1.01754
679 1.01754
680 1.01754
681 1.01754
682 1.01754
683 1.01754
684 1.01754
685 1.01754
686 1.01754
687 1.01754
688 1.01754
689 1.01754
690 1.01754
691 1.01754
692 1.01754
693 1.01754
694 1.01754
695 1.01754
696 1.01754
697 1.01754
698 1.01754
699 1.01754
700 1.01754
701 1.01754
702 1.01754
703 1.01754
704 1.01754
705 1.01754
706 1.01754
707 1.01754
708 1.01754
709 1.01754
710 1.01754
711 1.01754
712 1.01754
713 1.01754
714 1.01754
715 1.01754
716 1.01754
717 1.01754
718 1.01754
719 1.01754
720 1.01754
721 1.01754
722 1.01754
723 1.01754
724 1.01754
725 1.01754
726 1.01754
727 1.01754
728 1.01754
729 1.01754
730 1.01754
731 1.01754
732 1.01754
733 1.01754
734 1.01754
735 1.01754
736 1.01754
737 1.01754
738 1.01754
739 1.01754
740 1.01754
741 1.01754
742 1.01754
743 1.01754
744 1.01754
745 1.01754
746 1.01754
747 1.01754
748 1.01754
749 1.01754
750 1.01754
751 1.01754
752 1.01754
753 1.01754
754 1.01754
755 1.01754
756 1.01754
757 1.01754
758 1.01754
759 1.01754
760 1.01754
761 1.01754
762 1.01754
763 1.01754
764 1.01754
765 1.01754
766 1.01754
767 1.01754
768 1.01754
769 1.01754
770 1.01754
771 1.01754
772 1.01754
773 1.01754
774 1.01754
775 1.01754
776 1.01754
777 1.01754
778 1.01754
779 1.01754
780 1.01754
781 1.01754
782 1.01754
783 1.01754
784 1.01754
785 1.01754
786 1.01754
787 1.01754
788 1.01754
789 1.01754
790 1.01754
791 1.01754
792 1.01754
793 1.01754
794 1.01754
795 1.01754
796 1.01754
797 1.01754
798 1.01754
799 1.01754
800 1.01754
801 1.01754
802 1.01754
803 1.01754
804 1.01754
805 1.01754
806 1.01754
807 1.01754
808 1.01754
809 1.01754
810 1.01754
811 1.01754
812 1.01754
813 1.01754
814 1.01754
815 1.01754
816 1.01754
817 1.01754
818 1.01754
819 1.01754
820 1.01754
821 1.01754
822 1.01754
823 1.01754
824 1.01754
825 1.01754
826 1.01754
827 1.01754
828 1.01754
829 1.01754
830 1.01754
831 1.01754
832 1.01754
833 1.01754
834 1.01754
835 1.01754
836 1.01754
837 1.01754
838 1.01754
839 1.01754
840 1.01754
841 1.01754
842 1.01754
843 1.01754
844 1.01754
845 1.01754
846 1.01754
847 1.01754
848 1.01754
849 1.01754
850 1.01754
851 1.01754
852 1.01754
853 1.01754
854 1.01754
855 1.01754
856 1.01754
857 1.01754
858 1.01754
859 1.01754
860 1.01754
861 1.01754
862 1.01754
863 1.01754
864 1.01754
865 1.01754
866 1.01754
867 1.01754
868 1.01754
869 1.01754
870 1.01754
871 1.01754
872 1.01754
873 1.01754
874 1.01754
875 1.01754
876 1.01754
877 1.01754
878 1.01754
879 1.01754
880 1.01754
881 1.01754
882 1.01754
883 1.01754
884 1.01754
885 1.01754
886 1.01754
887 1.01754
888 1.01754
889 1.01754
890 1.01754
891 1.01754
892 1.01754
893 1.01754
894 1.01754
895 1.01754
896 1.01754
897 1.01754
898 1.01754
899 1.01754
900 1.01754
901 1.01754
902 1.01754
903 1.01754
904 1.01754
905 1.01754
906 1.01754
907 1.01754
908 1.01754
909 1.01754
910 1.01754
911 1.01754
912 1.01754
913 1.01754
914 1.01754
915 1.01754
916 1.01754
917 1.01754
918 1.01754
919 1.01754
920 1.01754
921 1.01754
922 1.01754
923 1.01754
924 1.01754
925 1.01754
926 1.01754
927 1.01754
928 1.01754
929 1.01754
930 1.01754
931 1.01754
932 1.01754
933 1.01754
934 1.01754
935 1.01754
936 1.01754
937 1.01754
938 1.01754
939 1.01754
940 1.01754
941 1.01754
942 1.01754
943 1.01754
944 1.01754
945 1.01754
946 1.01754
947 1.01754
948 1.01754
949 1.01754
950 1.01754
951 1.01754
952 1.01754
953 1.01754
954 1.01754
955 1.01754
956 1.01754
957 1.01754
958 1.01754
959 1.01754
960 1.01754
961 1.01754
962 1.01754
963 1.01754
964 1.01754
965 1.01754
966 1.01754
967 1.01754
968 1.01754
969 1.01754
970 1.01754
971 1.01754
972 1.01754
973 1.01754
974 1.01754
975 1.01754
976 1.01754
977 1.01754
978 1.01754
979 1.01754
980 1.01754
981 1.01754
982 1.01754
983 1.01754
984 1.01754
985 1.01754
986 1.01754
987 1.01754
988 1.01754
989 1.01754
990 1.01754
991 1.01754
992 1.01754
993 1.01754
994 1.01754
995 1.01754
996 1.01754
997 1.01754
998 1.01754
999 1.01754
1000 1.01754
1001 1.01754
1002 1.01754
1003 1.01754
1004 1.01754
1005 1.01754
1006 1.01754
1007 1.01754
1008 1.01754
1009 1.01754
1010 1.01754
1011 1.01754
1012 1.01754
1013 1.01754
1014 1.01754
1015 1.01754
1016 1.01754
1017 1.01754
1018 1.01754
1019 1.01754
1020 1.01754
1021 1.01754
1022 1.01754
1023 1.01754
1024 1.01754
1025 1.01754
1026 1.01754
1027 1.01754
1028 1.01754
1029 1.01754
1030 1.01754
1031 1.01754
1032 1.01754
1033 1.01754
1034 1.01754
1035 1.01754
1036 1.01754
1037 1.01754
1038 1.01754
1039 1.01754
1040 1.01754
1041 1.01754
1042 1.01754
1043 1.01754
1044 1.01754
1045 1.01754
1046 1.01754
1047 1.01754
1048 1.01754
1049 1.01754
1050 1.01754
1051 1.01754
1052 1.01754
1053 1.01754
1054 1.01754
1055 1.01754
1056 1.01754
1057 1.01754
1058 1.01754
1059 1.01754
1060 1.01754
1061 1.01754
1062 1.01754
1063 1.01754
1064 1.01754
1065 1.01754
1066 1.01754
1067 1.01754
1068 1.01754
1069 1.01754
1070 1.01754
1071 1.01754
1072 1.01754
1073 1.01754
1074 1.01754
1075 1.01754
1076 1.01754
1077 1.01754
1078 1.01754
1079 1.01754
1080 1.01754
1081 1.01754
1082 1.01754
1083 1.01754
1084 1.01754
1085 1.01754
1086 1.01754
1087 1.01754
1088 1.01754
1089 1.01754
1090 1.01754
1091 1.01754
1092 1.01754
1093 1.01754
1094 1.01754
1095 1.01754
1096 1.01754
1097 1.01754
1098 1.01754
1099 1.01754
1100 1.01754
1101 1.01754
1102 1.01754
1103 1.01754
1104 1.01754
1105 1.01754
1106 1.01754
1107 1.01754
1108 1.01754
1109 1.01754
1110 1.01754
1111 1.01754
1112 1.01754
1113 1.01754
1114 1.01754
1115 1.01754
1116 1.01754
1117 1.01754
1118 1.01754
1119 1.01754
1120 1.01754
1121 1.01754
1122 1.01754
1123 1.01754
1124 1.01754
1125 1.01754
1126 1.01754
1127 1.01754
1128 1.01754
1129 1.01754
1130 1.01754
1131 1.01754
1132 1.01754
1133 1.01754
1134 1.01754
1135 1.01754
1136 1.01754
1137 1.01754
1138 1.01754
1139 1.01754
1140 1.01754
1141 1.01754
1142 1.01754
1143 1.01754
1144 1.01754
1145 1.01754
1146 1.01754
1147 1.01754
1148 1.01754
1149 1.01754
1150 1.01754
1151 1.01754
1152 1.01754
1153 1.01754
1154 1.01754
1155 1.01754
1156 1.01754
1157 1.01754
1158 1.01754
1159 1.01754
1160 1.01754
1161 1.01754
1162 1.01754
1163 1.01754
1164 1.01754
1165 1.01754
1166 1.01754
1167 1.01754
1168 1.01754
1169 1.01754
1170 1.01754
1171 1.01754
1172 1.01754
1173 1.01754
1174 1.01754
1175 1.01754
1176 1.01754
1177 1.01754
1178 1.01754
1179 1.01754
1180 1.01754
1181 1.01754
1182 1.01754
1183 1.01754
1184 1.01754
1185 1.01754
1186 1.01754
1187 1.01754
1188 1.01754
1189 1.01754
1190 1.01754
1191 1.01754
1192 1.01754
1193 1.01754
1194 1.01754
1195 1.01754
1196 1.01754
1197 1.01754
1198 1.01754
1199 1.01754
1200 1.01754
1201 1.01754
1202 1.01754
1203 1.01754
1204 1.01754
1205 1.01754
1206 1.01754
1207 1.01754
1208 1.01754
1209 1.01754
1210 1.01754
1211 1.01754
1212 1.01754
1213 1.01754
1214 1.01754
1215 1.01754
1216 1.01754
1217 1.01754
1218 1.01754
1219 1.01754
1220 1.01754
1221 1.01754
1222 1.01754
1223 1.01754
1224 1.01754
1225 1.01754
1226 1.01754
1227 1.01754
1228 1.01754
1229 1.01754
1230 1.01754
1231 1.01754
1232 1.01754
1233 1.01754
1234 1.01754
1235 1.01754
1236 1.01754
1237 1.01754
1238 1.01754
1239 1.01754
1240 1.01754
1241 1.01754
1242 1.01754
1243 1.01754
1244 1.01754
1245 1.01754
1246 1.01754
1247 1.01754
1248 1.01754
1249 1.01754
1250 1.01754
1251 1.01754
1252 1.01754
1253 1.01754
1254 1.01754
1255 1.01754
1256 1.01754
1257 1.01754
1258 1.01754
1259 1.01754
1260 1.01754
1261 1.01754
1262 1.01754
1263 1.01754
1264 1.01754
1265 1.01754
1266 1.01754
1267 1.01754
1268 1.01754
1269 1.01754
1270 1.01754
1271 1.01754
1272 1.01754
1273 1.01754
1274 1.01754
1275 1.01754
1276 1.01754
1277 1.01754
1278 1.01754
1279 1.01754
1280 1.01754
1281 1.01754
1282 1.01754
1283 1.01754
1284 1.01754
1285 1.01754
1286 1.01754
1287 1.01754
1288 1.01754
1289 1.01754
1290 1.01754
1291 1.01754
1292 1.01754
1293 1.01754
1294 1.01754
1295 1.01754
1296 1.01754
1297 1.01754
1298 1.01754
1299 1.01754
1300 1.01754
1301 1.01754
1302 1.01754
1303 1.01754
1304 1.01754
1305 1.01754
1306 1.01754
1307 1.01754
1308 1.01754
1309 1.01754
1310 1.01754
1311 1.01754
1312 1.01754
1313 1.01754
1314 1.01754
1315 1.01754
1316 1.01754
1317 1.01754
1318 1.01754
1319 1.01754
1320 1.01754
1321 1.01754
1322 1.01754
1323 1.01754
1324 1.01754
1325 1.01754
1326 1.01754
1327 1.01754
1328 1.01754
1329 1.01754
1330 1.01754
1331 1.01754
1332 1.01754
1333 1.01754
1334 1.01754
1335 1.01754
1336 1.01754
1337 1.01754
1338 1.01754
1339 1.01754
1340 1.01754
1341 1.01754
1342 1.01754
1343 1.01754
1344 1.01754
1345 1.01754
1346 1.01754
1347 1.01754
1348 1.01754
1349 1.01754
1350 1.01754
1351 1.01754
1352 1.01754
1353 1.01754
1354 1.01754
1355 1.01754
1356 1.01754
1357 1.01754
1358 1.01754
1359 1.01754
1360 1.01754
1361 1.01754
1362 1.01754
1363 1.01754
1364 1.01754
1365 1.01754
1366 1.01754
1367 1.01754
1368 1.01754
1369 1.01754
1370 1.01754
1371 1.01754
1372 1.01754
1373 1.01754
1374 1.01754
1375 1.01754
1376 1.01754
1377 1.01754
1378 1.01754
1379 1.01754
1380 1.01754
1381 1.01754
1382 1.01754
1383 1.01754
1384 1.01754
1385 1.01754
1386 1.01754
1387 1.01754
1388 1.01754
1389 1.01754
1390 1.01754
1391 1.01754
1392 1.01754
1393 1.01754
1394 1.01754
1395 1.01754
1396 1.01754
1397 1.01754
1398 1.01754
1399 1.01754
1400 1.01754
1401 1.01754
1402 1.01754
1403 1.01754
1404 1.01754
1405 1.01754
1406 1.01754
1407 1.01754
1408 1.01754
1409 1.01754
1410 1.01754
1411 1.01754
1412 1.01754
1413 1.01754
1414 1.01754
1415 1.01754
1416 1.01754
1417 1.01754
1418 1.01754
1419 1.01754
1420 1.01754
1421 1.01754
1422 1.01754
1423 1.01754
1424 1.01754
1425 1.01754
1426 1.01754
1427 1.01754
1428 1.01754
1429 1.01754
1430 1.01754
1431 1.01754
1432 1.01754
1433 1.01754
1434 1.01754
1435 1.01754
1436 1.01754
1437 1.01754
1438 1.01754
1439 1.01754
1440 1.01754
1441 1.01754
1442 1.01754
1443 1.01754
1444 1.01754
1445 1.01754
1446 1.01754
1447 1.01754
1448 1.01754
1449 1.01754
1450 1.01754
1451 1.01754
1452 1.01754
1453 1.01754
1454 1.01754
1455 1.01754
1456 1.01754
1457 1.01754
1458 1.01754
1459 1.01754
1460 1.01754
1461 1.01754
1462 1.01754
1463 1.01754
1464 1.01754
1465 1.01754
1466 1.01754
1467 1.01754
1468 1.01754
1469 1.01754
1470 1.01754
1471 1.01754
1472 1.01754
1473 1.01754
1474 1.01754
1475 1.01754
1476 1.01754
1477 1.01754
1478 1.01754
1479 1.01754
1480 1.01754
1481 1.01754
1482 1.01754
1483 1.01754
1484 1.01754
1485 1.01754
1486 1.01754
1487 1.01754
1488 1.01754
1489 1.01754
1490 1.01754
1491 1.01754
1492 1.01754
1493 1.01754
1494 1.01754
1495 1.01754
1496 1.01754
1497 1.01754
1498 1.01754
1499 1.01754
