0 3.57029
1 3.26489
2 2.92703
3 2.64526
4 2.42893
5 2.03209
6 1.81857
7 1.63171
8 1.52103
9 1.41195
10 1.2589
11 1.1526
12 1.06653
13 1.00779
14 0.972496
15 0.920796
16 0.905333
17 0.895829
18 0.872967
19 0.863719
20 0.861675
21 0.861675
22 0.861675
23 0.854228
24 0.854228
25 0.84198
26 0.84198
27 0.84198
28 0.84198
29 0.84198
30 0.84198
31 0.84198
32 0.84198
33 0.84198
34 0.837441
35 0.837441
36 0.837441
37 0.837441
38 0.837441
39 0.837441
40 0.837441
41 0.837441
42 0.8261
43 0.8261
44 0.794027
45 0.794027
46 0.794027
47 0.794027
48 0.794027
49 0.794027
50 0.794027
51 0.794027
52 0.794027
53 0.794027
54 0.794027
55 0.794027
56 0.794027
57 0.794027
58 0.794027
59 0.794027
60 0.785244
61 0.785244
62 0.785244
63 0.785244
64 0.785244
65 0.785244
66 0.785244
67 0.785244
68 0.785244
69 0.785244
70 0.785244
71 0.785244
72 0.785244
73 0.785244
74 0.785244
75 0.785244
76 0.785244
77 0.785244
78 0.785244
79 0.785244
80 0.785244
81 0.785244
82 0.785244
83 0.785244
84 0.785244
85 0.785244
86 0.785244
87 0.785244
88 0.785244
89 0.785244
90 0.785244
91 0.785244
92 0.785244
93 0.785244
94 0.785244
95 0.785244
96 0.785244
97 0.785244
98 0.785244
99 0.785244
100 0.785244
101 0.785244
102 0.785244
103 0.785244
104 0.785244
105 0.785244
106 0.785244
107 0.785244
108 0.785244
109 0.785244
110 0.785244
111 0.785244
112 0.785244
113 0.785244
114 0.785244
115 0.785244
116 0.785244
117 0.785244
118 0.785244
119 0.785244
120 0.785244
121 0.785244
122 0.785244
123 0.758184
124 0.758184
125 0.758184
126 0.758184
127 0.758184
128 0.758184
129 0.758184
130 0.758184
131 0.758184
132 0.758184
133 0.758184
134 0.758184
135 0.758184
136 0.758184
137 0.758184
138 0.758184
139 0.758184
140 0.758184
141 0.758184
142 0.758184
143 0.758184
144 0.758184
145 0.758184
146 0.758184
147 0.758184
148 0.758184
149 0.758184
150 0.758184
151 0.758184
152 0.758184
153 0.758184
154 0.758184
155 0.758184
156 0.758184
157 0.758184
158 0.758184
159 0.758184
160 0.758184
161 0.758184
162 0.758184
163 0.758184
164 0.758184
165 0.758184
166 0.758184
167 0.758184
168 0.758184
169 0.758184
170 0.758184
171 0.758184
172 0.758184
173 0.758184
174 0.758184
175 0.758184
176 0.758184
177 0.758184
178 0.758184
179 0.758184
180 0.758184
181 0.758184
182 0.758184
183 0.758184
184 0.758184
185 0.758184
186 0.758184
187 0.758184
188 0.758184
189 0.758184
190 0.758184
191 0.758184
192 0.758184
193 0.758184
194 0.758184
195 0.758184
196 0.758184
197 0.758184
198 0.758184
199 0.758184
200 0.758184
201 0.758184
202 0.758184
203 0.758184
204 0.758184
205 0.758184
206 0.758184
207 0.758184
208 0.758184
209 0.758184
210 0.758184
211 0.758184
212 0.758184
213 0.758184
214 0.758184
215 0.758184
216 0.758184
217 0.758184
218 0.758184
219 0.758184
220 0.758184
221 0.758184
222 0.758184
223 0.758184
224 0.758184
225 0.758184
226 0.758184
227 0.758184
228 0.758184
229 0.758184
230 0.758184
231 0.758184
232 0.758184
233 0.758184
234 0.758184
235 0.758184
236 0.758184
237 0.758184
238 0.758184
239 0.758184
240 0.758184
241 0.758184
242 0.758184
243 0.758184
244 0.758184
245 0.758184
246 0.758184
247 0.758184
248 0.758184
249 0.758184
250 0.758184
251 0.758184
252 0.758184
253 0.758184
254 0.758184
255 0.758184
256 0.758184
257 0.758184
258 0.758184
259 0.758184
260 0.758184
261 0.758184
262 0.758184
263 0.758184
264 0.758184
265 0.758184
266 0.758184
267 0.758184
268 0.758184
269 0.758184
270 0.758184
271 0.758184
272 0.758184
273 0.758184
274 0.758184
275 0.758184
276 0.758184
277 0.758184
278 0.758184
279 0.758184
280 0.758184
281 0.758184
282 0.758184
283 0.758184
284 0.758184
285 0.758184
286 0.758184
287 0.758184
288 0.758184
289 0.758184
290 0.758184
291 0.758184
292 0.758184
293 0.758184
294 0.758184
295 0.758184
296 0.758184
297 0.758184
298 0.758184
299 0.758184
300 0.758184
301 0.758184
302 0.758184
303 0.758184
304 0.758184
305 0.758184
306 0.758184
307 0.758184
308 0.758184
309 0.758184
310 0.758184
311 0.758184
312 0.758184
313 0.758184
314 0.758184
315 0.758184
316 0.758184
317 0.758184
318 0.758184
319 0.758184
320 0.758184
321 0.758184
322 0.758184
323 0.758184
324 0.758184
325 0.758184
326 0.758184
327 0.758184
328 0.758184
329 0.758184
330 0.758184
331 0.758184
332 0.758184
333 0.758184
334 0.758184
335 0.758184
336 0.758184
337 0.758184
338 0.758184
339 0.758184
340 0.758184
341 0.758184
342 0.758184
343 0.758184
344 0.758184
345 0.758184
346 0.758184
347 0.758184
348 0.758184
349 0.758184
350 0.758184
351 0.758184
352 0.758184
353 0.758184
354 0.758184
355 0.758184
356 0.758184
357 0.758184
358 0.758184
359 0.758184
360 0.758184
361 0.758184
362 0.758184
363 0.758184
364 0.758184
365 0.758184
366 0.758184
367 0.758184
368 0.758184
369 0.758184
370 0.758184
371 0.758184
372 0.758184
373 0.758184
374 0.758184
375 0.758184
376 0.758184
377 0.758184
378 0.758184
379 0.758184
380 0.758184
381 0.758184
382 0.758184
383 0.758184
384 0.758184
385 0.758184
386 0.758184
387 0.758184
388 0.758184
389 0.758184
390 0.758184
391 0.758184
392 0.758184
393 0.758184
394 0.758184
395 0.758184
396 0.758184
397 0.758184
398 0.758184
399 0.758184
400 0.758184
401 0.758184
402 0.758184
403 0.758184
404 0.758184
405 0.758184
406 0.758184
407 0.758184
408 0.758184
409 0.758184
410 0.758184
411 0.758184
412 0.758184
413 0.758184
414 0.758184
415 0.758184
416 0.758184
417 0.758184
418 0.758184
419 0.758184
420 0.758184
421 0.758184
422 0.758184
423 0.758184
424 0.758184
425 0.758184
426 0.758184
427 0.758184
428 0.758184
429 0.758184
430 0.758184
431 0.758184
432 0.758184
433 0.758184
434 0.758184
435 0.758184
436 0.758184
437 0.758184
438 0.758184
439 0.758184
440 0.758184
441 0.758184
442 0.758184
443 0.758184
444 0.758184
445 0.758184
446 0.758184
447 0.758184
448 0.758184
449 0.758184
450 0.758184
451 0.758184
452 0.758184
453 0.758184
454 0.758184
455 0.758184
456 0.758184
457 0.758184
458 0.758184
459 0.758184
460 0.758184
461 0.758184
462 0.758184
463 0.758184
464 0.758184
465 0.758184
466 0.758184
467 0.758184
468 0.758184
469 0.758184
470 0.758184
471 0.758184
472 0.758184
473 0.758184
474 0.758184
475 0.758184
476 0.758184
477 0.758184
478 0.758184
479 0.758184
480 0.758184
481 0.758184
482 0.758184
483 0.758184
484 0.758184
485 0.758184
486 0.758184
487 0.758184
488 0.758184
489 0.758184
490 0.758184
491 0.758184
492 0.758184
493 0.758184
494 0.758184
495 0.758184
496 0.758184
497 0.758184
498 0.758184
499 0.758184
500 0.758184
501 0.758184
502 0.758184
503 0.758184
504 0.758184
505 0.758184
506 0.758184
507 0.758184
508 0.758184
509 0.758184
510 0.758184
511 0.758184
512 0.758184
513 0.758184
514 0.758184
515 0.758184
516 0.758184
517 0.758184
518 0.758184
519 0.758184
520 0.758184
521 0.758184
522 0.758184
523 0.758184
524 0.758184
525 0.758184
526 0.758184
527 0.758184
528 0.758184
529 0.758184
530 0.758184
531 0.758184
532 0.758184
533 0.758184
534 0.758184
535 0.758184
536 0.758184
537 0.758184
538 0.758184
539 0.758184
540 0.758184
541 0.758184
542 0.758184
543 0.758184
544 0.758184
545 0.758184
546 0.758184
547 0.758184
548 0.758184
549 0.758184
550 0.758184
551 0.758184
552 0.758184
553 0.758184
554 0.758184
555 0.758184
556 0.758184
557 0.758184
558 0.758184
559 0.758184
560 0.758184
561 0.758184
562 0.758184
563 0.758184
564 0.758184
565 0.758184
566 0.758184
567 0.758184
568 0.758184
569 0.758184
570 0.758184
571 0.758184
572 0.758184
573 0.758184
574 0.758184
575 0.758184
576 0.758184
577 0.758184
578 0.758184
579 0.758184
580 0.758184
581 0.758184
582 0.758184
583 0.758184
584 0.758184
585 0.758184
586 0.758184
587 0.758184
588 0.758184
589 0.758184
590 0.758184
591 0.758184
592 0.758184
593 0.758184
594 0.758184
595 0.758184
596 0.758184
597 0.758184
598 0.758184
599 0.758184
600 0.758184
601 0.758184
602 0.758184
603 0.758184
604 0.758184
605 0.758184
606 0.758184
607 0.758184
608 0.758184
609 0.758184
610 0.758184
611 0.758184
612 0.758184
613 0.758184
614 0.758184
615 0.758184
616 0.758184
617 0.758184
618 0.758184
619 0.758184
620 0.758184
621 0.758184
622 0.758184
623 0.758184
624 0.758184
625 0.758184
626 0.758184
627 0.758184
628 0.758184
629 0.758184
630 0.758184
631 0.758184
632 0.758184
633 0.758184
634 0.758184
635 0.758184
636 0.758184
637 0.758184
638 0.758184
639 0.758184
640 0.758184
641 0.758184
642 0.758184
643 0.758184
644 0.758184
645 0.758184
646 0.758184
647 0.758184
648 0.758184
649 0.758184
650 0.758184
651 0.758184
652 0.758184
653 0.758184
654 0.758184
655 0.758184
656 0.758184
657 0.758184
658 0.758184
659 0.758184
660 0.758184
661 0.758184
662 0.758184
663 0.758184
664 0.758184
665 0.758184
666 0.758184
667 0.758184
668 0.758184
669 0.758184
670 0.758184
671 0.758184
672 0.758184
673 0.758184
674 0.758184
675 0.758184
676 0.758184
677 0.758184
678 0.758184
679 0.758184
680 0.758184
681 0.758184
682 0.758184
683 0.758184
684 0.758184
685 0.758184
686 0.758184
687 0.758184
688 0.758184
689 0.758184
690 0.758184
691 0.758184
692 0.758184
693 0.758184
694 0.758184
695 0.758184
696 0.758184
697 0.758184
698 0.758184
699 0.758184
700 0.758184
701 0.758184
702 0.758184
703 0.758184
704 0.758184
705 0.758184
706 0.758184
707 0.758184
708 0.758184
709 0.758184
710 0.758184
711 0.758184
712 0.758184
713 0.758184
714 0.758184
715 0.758184
716 0.758184
717 0.758184
718 0.758184
719 0.758184
720 0.758184
721 0.758184
722 0.758184
723 0.758184
724 0.758184
725 0.758184
726 0.758184
727 0.758184
728 0.758184
729 0.758184
730 0.758184
731 0.758184
732 0.758184
733 0.758184
734 0.758184
735 0.758184
736 0.758184
737 0.758184
738 0.758184
739 0.758184
740 0.758184
741 0.758184
742 0.758184
743 0.758184
744 0.758184
745 0.758184
746 0.758184
747 0.758184
748 0.758184
749 0.758184
750 0.758184
751 0.758184
752 0.758184
753 0.758184
754 0.758184
755 0.758184
756 0.758184
757 0.758184
758 0.758184
759 0.758184
760 0.758184
761 0.758184
762 0.758184
763 0.758184
764 0.758184
765 0.758184
766 0.758184
767 0.758184
768 0.758184
769 0.758184
770 0.758184
771 0.758184
772 0.758184
773 0.758184
774 0.758184
775 0.758184
776 0.758184
777 0.758184
778 0.758184
779 0.758184
780 0.758184
781 0.758184
782 0.758184
783 0.758184
784 0.758184
785 0.758184
786 0.758184
787 0.758184
788 0.758184
789 0.758184
790 0.758184
791 0.758184
792 0.758184
793 0.758184
794 0.758184
795 0.758184
796 0.758184
797 0.758184
798 0.758184
799 0.758184
800 0.758184
801 0.758184
802 0.758184
803 0.758184
804 0.758184
805 0.758184
806 0.758184
807 0.758184
808 0.758184
809 0.758184
810 0.758184
811 0.758184
812 0.758184
813 0.758184
814 0.758184
815 0.758184
816 0.758184
817 0.758184
818 0.758184
819 0.758184
820 0.758184
821 0.758184
822 0.758184
823 0.758184
824 0.758184
825 0.758184
826 0.758184
827 0.758184
828 0.758184
829 0.758184
830 0.758184
831 0.758184
832 0.758184
833 0.758184
834 0.758184
835 0.758184
836 0.758184
837 0.758184
838 0.758184
839 0.758184
840 0.758184
841 0.758184
842 0.758184
843 0.758184
844 0.758184
845 0.758184
846 0.758184
847 0.758184
848 0.758184
849 0.758184
850 0.758184
851 0.758184
852 0.758184
853 0.758184
854 0.758184
855 0.758184
856 0.758184
857 0.758184
858 0.758184
859 0.758184
860 0.758184
861 0.758184
862 0.758184
863 0.758184
864 0.758184
865 0.758184
866 0.758184
867 0.758184
868 0.758184
869 0.758184
870 0.758184
871 0.758184
872 0.758184
873 0.758184
874 0.758184
875 0.758184
876 0.758184
877 0.758184
878 0.758184
879 0.758184
880 0.758184
881 0.758184
882 0.758184
883 0.758184
884 0.758184
885 0.758184
886 0.758184
887 0.758184
888 0.758184
889 0.758184
890 0.758184
891 0.758184
892 0.758184
893 0.758184
894 0.758184
895 0.758184
896 0.758184
897 0.758184
898 0.758184
899 0.758184
900 0.758184
901 0.758184
902 0.758184
903 0.758184
904 0.758184
905 0.758184
906 0.758184
907 0.758184
908 0.758184
909 0.758184
910 0.758184
911 0.758184
912 0.758184
913 0.758184
914 0.758184
915 0.758184
916 0.758184
917 0.758184
918 0.758184
919 0.758184
920 0.758184
921 0.758184
922 0.758184
923 0.758184
924 0.758184
925 0.758184
926 0.758184
927 0.758184
928 0.758184
929 0.758184
930 0.758184
931 0.758184
932 0.758184
933 0.758184
934 0.758184
935 0.758184
936 0.758184
937 0.758184
938 0.758184
939 0.758184
940 0.758184
941 0.758184
942 0.758184
943 0.758184
944 0.758184
945 0.758184
946 0.758184
947 0.758184
948 0.758184
949 0.758184
950 0.758184
951 0.758184
952 0.758184
953 0.758184
954 0.758184
955 0.758184
956 0.758184
957 0.758184
958 0.758184
959 0.758184
960 0.758184
961 0.758184
962 0.758184
963 0.758184
964 0.758184
965 0.758184
966 0.758184
967 0.758184
968 0.758184
969 0.758184
970 0.758184
971 0.758184
972 0.758184
973 0.758184
974 0.758184
975 0.758184
976 0.758184
977 0.758184
978 0.758184
979 0.758184
980 0.758184
981 0.758184
982 0.758184
983 0.758184
984 0.758184
985 0.758184
986 0.758184
987 0.758184
988 0.758184
989 0.758184
990 0.758184
991 0.758184
992 0.758184
993 0.758184
994 0.758184
995 0.758184
996 0.758184
997 0.758184
998 0.758184
999 0.758184
1000 0.758184
1001 0.758184
1002 0.758184
1003 0.758184
1004 0.758184
1005 0.758184
1006 0.758184
1007 0.758184
1008 0.758184
1009 0.758184
1010 0.758184
1011 0.758184
1012 0.758184
1013 0.758184
1014 0.758184
1015 0.758184
1016 0.758184
1017 0.758184
1018 0.758184
1019 0.758184
1020 0.758184
1021 0.758184
1022 0.758184
1023 0.758184
1024 0.758184
1025 0.758184
1026 0.758184
1027 0.758184
1028 0.758184
1029 0.758184
1030 0.758184
1031 0.758184
1032 0.758184
1033 0.758184
1034 0.758184
1035 0.758184
1036 0.758184
1037 0.758184
1038 0.758184
1039 0.758184
1040 0.758184
1041 0.758184
1042 0.758184
1043 0.758184
1044 0.758184
1045 0.758184
1046 0.758184
1047 0.758184
1048 0.758184
1049 0.758184
1050 0.758184
1051 0.758184
1052 0.758184
1053 0.758184
1054 0.758184
1055 0.758184
1056 0.758184
1057 0.758184
1058 0.758184
1059 0.758184
1060 0.758184
1061 0.758184
1062 0.758184
1063 0.758184
1064 0.758184
1065 0.758184
1066 0.758184
1067 0.758184
1068 0.758184
1069 0.758184
1070 0.758184
1071 0.758184
1072 0.758184
1073 0.758184
1074 0.758184
1075 0.758184
1076 0.758184
1077 0.758184
1078 0.758184
1079 0.758184
1080 0.758184
1081 0.758184
1082 0.758184
1083 0.758184
1084 0.758184
1085 0.758184
1086 0.758184
1087 0.758184
1088 0.758184
1089 0.758184
1090 0.758184
1091 0.758184
1092 0.758184
1093 0.758184
1094 0.758184
1095 0.758184
1096 0.758184
1097 0.758184
1098 0.758184
1099 0.758184
1100 0.758184
1101 0.758184
1102 0.758184
1103 0.758184
1104 0.758184
1105 0.758184
1106 0.758184
1107 0.758184
1108 0.758184
1109 0.758184
1110 0.758184
1111 0.758184
1112 0.758184
1113 0.758184
1114 0.758184
1115 0.758184
1116 0.758184
1117 0.758184
1118 0.758184
1119 0.758184
1120 0.758184
1121 0.758184
1122 0.758184
1123 0.758184
1124 0.758184
1125 0.758184
1126 0.758184
1127 0.758184
1128 0.758184
1129 0.758184
1130 0.758184
1131 0.758184
1132 0.758184
1133 0.758184
1134 0.758184
1135 0.758184
1136 0.758184
1137 0.758184
1138 0.758184
1139 0.758184
1140 0.758184
1141 0.758184
1142 0.758184
1143 0.758184
1144 0.758184
1145 0.758184
1146 0.758184
1147 0.758184
1148 0.758184
1149 0.758184
1150 0.758184
1151 0.758184
1152 0.758184
1153 0.758184
1154 0.758184
1155 0.758184
1156 0.758184
1157 0.758184
1158 0.758184
1159 0.758184
1160 0.758184
1161 0.758184
1162 0.758184
1163 0.758184
1164 0.758184
1165 0.758184
1166 0.758184
1167 0.758184
1168 0.758184
1169 0.758184
1170 0.758184
1171 0.758184
1172 0.758184
1173 0.758184
1174 0.758184
1175 0.758184
1176 0.758184
1177 0.758184
1178 0.758184
1179 0.758184
1180 0.758184
1181 0.758184
1182 0.758184
1183 0.758184
1184 0.758184
1185 0.758184
1186 0.758184
1187 0.758184
1188 0.758184
1189 0.758184
1190 0.758184
1191 0.758184
1192 0.758184
1193 0.758184
1194 0.758184
1195 0.758184
1196 0.758184
1197 0.758184
1198 0.758184
1199 0.758184
1200 0.758184
1201 0.758184
1202 0.758184
1203 0.758184
1204 0.758184
1205 0.758184
1206 0.758184
1207 0.758184
1208 0.758184
1209 0.758184
1210 0.758184
1211 0.758184
1212 0.758184
1213 0.758184
1214 0.758184
1215 0.758184
1216 0.758184
1217 0.758184
1218 0.758184
1219 0.758184
1220 0.758184
1221 0.758184
1222 0.758184
1223 0.758184
1224 0.758184
1225 0.758184
1226 0.758184
1227 0.758184
1228 0.758184
1229 0.758184
1230 0.758184
1231 0.758184
1232 0.758184
1233 0.758184
1234 0.758184
1235 0.758184
1236 0.758184
1237 0.758184
1238 0.758184
1239 0.758184
1240 0.758184
1241 0.758184
1242 0.758184
1243 0.758184
1244 0.758184
1245 0.758184
1246 0.758184
1247 0.758184
1248 0.758184
1249 0.758184
1250 0.758184
1251 0.758184
1252 0.758184
1253 0.758184
1254 0.758184
1255 0.758184
1256 0.758184
1257 0.758184
1258 0.758184
1259 0.758184
1260 0.758184
1261 0.758184
1262 0.758184
1263 0.758184
1264 0.758184
1265 0.758184
1266 0.758184
1267 0.758184
1268 0.758184
1269 0.758184
1270 0.758184
1271 0.758184
1272 0.758184
1273 0.758184
1274 0.758184
1275 0.758184
1276 0.758184
1277 0.758184
1278 0.758184
1279 0.758184
1280 0.758184
1281 0.758184
1282 0.758184
1283 0.758184
1284 0.758184
1285 0.758184
1286 0.758184
1287 0.758184
1288 0.758184
1289 0.758184
1290 0.758184
1291 0.758184
1292 0.758184
1293 0.758184
1294 0.758184
1295 0.758184
1296 0.758184
1297 0.758184
1298 0.758184
1299 0.758184
1300 0.758184
1301 0.758184
1302 0.758184
1303 0.758184
1304 0.758184
1305 0.758184
1306 0.758184
1307 0.758184
1308 0.758184
1309 0.758184
1310 0.758184
1311 0.758184
1312 0.758184
1313 0.758184
1314 0.758184
1315 0.758184
1316 0.758184
1317 0.758184
1318 0.758184
1319 0.758184
1320 0.758184
1321 0.758184
1322 0.758184
1323 0.758184
1324 0.758184
1325 0.758184
1326 0.758184
1327 0.758184
1328 0.758184
1329 0.758184
1330 0.758184
1331 0.758184
1332 0.758184
1333 0.758184
1334 0.758184
1335 0.758184
1336 0.758184
1337 0.758184
1338 0.758184
1339 0.758184
1340 0.758184
1341 0.758184
1342 0.758184
1343 0.758184
1344 0.758184
1345 0.758184
1346 0.758184
1347 0.758184
1348 0.758184
1349 0.758184
1350 0.758184
1351 0.758184
1352 0.758184
1353 0.758184
1354 0.758184
1355 0.758184
1356 0.758184
1357 0.758184
1358 0.758184
1359 0.758184
1360 0.758184
1361 0.758184
1362 0.758184
1363 0.758184
1364 0.758184
1365 0.758184
1366 0.758184
1367 0.758184
1368 0.758184
1369 0.758184
1370 0.758184
1371 0.758184
1372 0.758184
1373 0.758184
1374 0.758184
1375 0.758184
1376 0.758184
1377 0.758184
1378 0.758184
1379 0.758184
1380 0.758184
1381 0.758184
1382 0.758184
1383 0.758184
1384 0.758184
1385 0.758184
1386 0.758184
1387 0.758184
1388 0.758184
1389 0.758184
1390 0.758184
1391 0.758184
1392 0.758184
1393 0.758184
1394 0.758184
1395 0.758184
1396 0.758184
1397 0.758184
1398 0.758184
1399 0.758184
1400 0.758184
1401 0.758184
1402 0.758184
1403 0.758184
1404 0.758184
1405 0.758184
1406 0.758184
1407 0.758184
1408 0.758184
1409 0.758184
1410 0.758184
1411 0.758184
1412 0.758184
1413 0.758184
1414 0.758184
1415 0.758184
1416 0.758184
1417 0.758184
1418 0.758184
1419 0.758184
1420 0.758184
1421 0.758184
1422 0.758184
1423 0.758184
1424 0.758184
1425 0.758184
1426 0.758184
1427 0.758184
1428 0.758184
1429 0.758184
1430 0.758184
1431 0.758184
1432 0.758184
1433 0.758184
1434 0.758184
1435 0.758184
1436 0.758184
1437 0.758184
1438 0.758184
1439 0.758184
1440 0.758184
1441 0.758184
1442 0.758184
1443 0.758184
1444 0.758184
1445 0.758184
1446 0.758184
1447 0.758184
1448 0.758184
1449 0.758184
1450 0.758184
1451 0.758184
1452 0.758184
1453 0.758184
1454 0.758184
1455 0.758184
1456 0.758184
1457 0.758184
1458 0.758184
1459 0.758184
1460 0.758184
1461 0.758184
1462 0.758184
1463 0.758184
1464 0.758184
1465 0.758184
1466 0.758184
1467 0.758184
1468 0.758184
1469 0.758184
1470 0.758184
1471 0.758184
1472 0.758184
1473 0.758184
1474 0.758184
1475 0.758184
1476 0.758184
1477 0.758184
1478 0.758184
1479 0.758184
1480 0.758184
1481 0.758184
1482 0.758184
1483 0.758184
1484 0.758184
1485 0.758184
1486 0.758184
1487 0.758184
1488 0.758184
1489 0.758184
1490 0.758184
1491 0.758184
1492 0.758184
1493 0.758184
1494 0.758184
1495 0.758184
1496 0.758184
1497 0.758184
1498 0.758184
1499 0.758184
