0 5.30834
1 4.57407
2 3.66305
3 3.45937
4 3.16332
5 2.73244
6 2.59736
7 2.45535
8 2.39943
9 2.32897
10 2.22467
11 2.09031
12 1.98365
13 1.89175
14 1.86437
15 1.84276
16 1.7006
17 1.63308
18 1.59129
19 1.53969
20 1.493
21 1.45347
22 1.37734
23 1.33881
24 1.33353
25 1.32985
26 1.32985
27 1.29482
28 1.29482
29 1.29482
30 1.29093
31 1.29093
32 1.29093
33 1.29093
34 1.29093
35 1.29093
36 1.29093
37 1.29093
38 1.29093
39 1.26588
40 1.26588
41 1.26588
42 1.26588
43 1.26588
44 1.26588
45 1.26588
46 1.26588
47 1.26588
48 1.26588
49 1.26588
50 1.26588
51 1.2442
52 1.2442
53 1.2442
54 1.2442
55 1.2442
56 1.2442
57 1.2442
58 1.2442
59 1.2442
60 1.2442
61 1.2442
62 1.23117
63 1.23117
64 1.23117
65 1.23068
66 1.22526
67 1.22526
68 1.22526
69 1.22526
70 1.22526
71 1.22526
72 1.22526
73 1.22526
74 1.22526
75 1.22526
76 1.22526
77 1.22526
78 1.22526
79 1.22526
80 1.22526
81 1.22526
82 1.22526
83 1.22526
84 1.22526
85 1.22526
86 1.22526
87 1.22526
88 1.22526
89 1.22526
90 1.22526
91 1.22526
92 1.22526
93 1.22526
94 1.22526
95 1.22526
96 1.22526
97 1.22526
98 1.22526
99 1.22526
100 1.22526
101 1.22526
102 1.22526
103 1.22526
104 1.22526
105 1.22526
106 1.22526
107 1.22526
108 1.22526
109 1.22526
110 1.22526
111 1.22526
112 1.22526
113 1.22526
114 1.22526
115 1.22526
116 1.22526
117 1.22526
118 1.22526
119 1.22526
120 1.22526
121 1.22526
122 1.22526
123 1.22526
124 1.22526
125 1.22526
126 1.22526
127 1.22526
128 1.17523
129 1.17523
130 1.17523
131 1.17523
132 1.17523
133 1.17523
134 1.17523
135 1.17523
136 1.17523
137 1.17523
138 1.17523
139 1.17523
140 1.17523
141 1.17523
142 1.17523
143 1.17523
144 1.17523
145 1.17523
146 1.17523
147 1.17523
148 1.17523
149 1.17523
150 1.17523
151 1.17523
152 1.17523
153 1.17523
154 1.17523
155 1.17523
156 1.17523
157 1.17523
158 1.17523
159 1.17523
160 1.17523
161 1.17523
162 1.17523
163 1.17523
164 1.17523
165 1.17523
166 1.17523
167 1.17523
168 1.17523
169 1.17523
170 1.17523
171 1.17523
172 1.17523
173 1.17523
174 1.17523
175 1.17523
176 1.17523
177 1.17523
178 1.17523
179 1.17523
180 1.17523
181 1.17523
182 1.17523
183 1.17523
184 1.17523
185 1.17523
186 1.17523
187 1.17523
188 1.17523
189 1.17523
190 1.17523
191 1.17523
192 1.14452
193 1.14452
194 1.14324
195 1.14324
196 1.14324
197 1.14324
198 1.14324
199 1.14324
200 1.14324
201 1.14324
202 1.14324
203 1.14324
204 1.14324
205 1.14324
206 1.14324
207 1.14324
208 1.14324
209 1.14324
210 1.14324
211 1.14324
212 1.14324
213 1.14324
214 1.14324
215 1.14324
216 1.14324
217 1.14324
218 1.14324
219 1.14324
220 1.14324
221 1.14324
222 1.14324
223 1.14324
224 1.14324
225 1.14324
226 1.14324
227 1.14324
228 1.14324
229 1.14324
230 1.14324
231 1.14324
232 1.14324
233 1.14324
234 1.14324
235 1.14324
236 1.14324
237 1.14324
238 1.14324
239 1.14324
240 1.14324
241 1.14324
242 1.14324
243 1.14324
244 1.14324
245 1.14324
246 1.14324
247 1.14324
248 1.14324
249 1.14324
250 1.14324
251 1.14324
252 1.14324
253 1.14324
254 1.14324
255 1.14324
256 1.14324
257 1.14324
258 1.14324
259 1.14324
260 1.14324
261 1.14324
262 1.14324
263 1.14324
264 1.14324
265 1.14324
266 1.14324
267 1.14324
268 1.14324
269 1.14324
270 1.14324
271 1.14324
272 1.14324
273 1.14324
274 1.14324
275 1.14324
276 1.14324
277 1.14324
278 1.14324
279 1.14324
280 1.14324
281 1.14324
282 1.14324
283 1.14324
284 1.14324
285 1.14324
286 1.14324
287 1.14324
288 1.14324
289 1.14324
290 1.14324
291 1.14324
292 1.14324
293 1.14324
294 1.14324
295 1.14324
296 1.14324
297 1.14324
298 1.14324
299 1.14324
300 1.14324
301 1.14324
302 1.14324
303 1.14324
304 1.14324
305 1.14324
306 1.14324
307 1.14324
308 1.14324
309 1.14324
310 1.14324
311 1.14324
312 1.14324
313 1.14324
314 1.14324
315 1.14324
316 1.14324
317 1.14324
318 1.14324
319 1.14324
320 1.14324
321 1.14324
322 1.14324
323 1.14324
324 1.14324
325 1.14324
326 1.14324
327 1.14324
328 1.14324
329 1.14324
330 1.14324
331 1.14324
332 1.14324
333 1.14324
334 1.14324
335 1.14324
336 1.14324
337 1.14324
338 1.14324
339 1.14324
340 1.14324
341 1.14324
342 1.14324
343 1.14324
344 1.14324
345 1.14324
346 1.14324
347 1.14324
348 1.14324
349 1.14324
350 1.14324
351 1.14324
352 1.14324
353 1.14324
354 1.14324
355 1.14324
356 1.14324
357 1.14324
358 1.14324
359 1.14324
360 1.14324
361 1.14324
362 1.14324
363 1.14324
364 1.14324
365 1.14324
366 1.14324
367 1.14324
368 1.14324
369 1.14324
370 1.14324
371 1.14324
372 1.14324
373 1.14324
374 1.14324
375 1.14324
376 1.14324
377 1.14324
378 1.14324
379 1.14324
380 1.14324
381 1.14324
382 1.14324
383 1.14324
384 1.14324
385 1.14324
386 1.14324
387 1.14324
388 1.14324
389 1.14324
390 1.14324
391 1.14324
392 1.14324
393 1.14324
394 1.14324
395 1.14324
396 1.14324
397 1.14324
398 1.14324
399 1.14324
400 1.14324
401 1.14324
402 1.14324
403 1.14324
404 1.14324
405 1.14324
406 1.14324
407 1.14324
408 1.14324
409 1.14324
410 1.14324
411 1.14324
412 1.14324
413 1.14324
414 1.14324
415 1.14324
416 1.14324
417 1.14324
418 1.14324
419 1.14324
420 1.14324
421 1.14324
422 1.14324
423 1.14324
424 1.14324
425 1.14324
426 1.14324
427 1.14324
428 1.14324
429 1.14324
430 1.14324
431 1.14324
432 1.14324
433 1.14324
434 1.14324
435 1.14324
436 1.14324
437 1.14324
438 1.14324
439 1.14324
440 1.14324
441 1.14324
442 1.14324
443 1.14324
444 1.14324
445 1.14324
446 1.14324
447 1.14324
448 1.14324
449 1.14324
450 1.14324
451 1.14324
452 1.14324
453 1.14324
454 1.14324
455 1.14324
456 1.14324
457 1.14324
458 1.14324
459 1.14324
460 1.14324
461 1.14324
462 1.14324
463 1.14324
464 1.14324
465 1.14324
466 1.14324
467 1.14324
468 1.14324
469 1.14324
470 1.14324
471 1.14324
472 1.14324
473 1.14324
474 1.14324
475 1.14324
476 1.14324
477 1.14324
478 1.14324
479 1.14324
480 1.14324
481 1.14324
482 1.14324
483 1.14324
484 1.14324
485 1.14324
486 1.14324
487 1.14324
488 1.14324
489 1.14324
490 1.14324
491 1.14324
492 1.14324
493 1.14324
494 1.14324
495 1.14324
496 1.14324
497 1.14324
498 1.14324
499 1.14324
500 1.14324
501 1.14324
502 1.14324
503 1.14324
504 1.14324
505 1.14324
506 1.14324
507 1.14324
508 1.14324
509 1.14324
510 1.14324
511 1.14324
512 1.14324
513 1.14324
514 1.14324
515 1.14324
516 1.14324
517 1.14324
518 1.14324
519 1.14324
520 1.14324
521 1.14324
522 1.14324
523 1.14324
524 1.14324
525 1.14324
526 1.14324
527 1.14324
528 1.14324
529 1.14324
530 1.14324
531 1.14324
532 1.14324
533 1.14324
534 1.14324
535 1.14324
536 1.14324
537 1.14324
538 1.14324
539 1.14324
540 1.14324
541 1.14324
542 1.14324
543 1.14324
544 1.14324
545 1.14324
546 1.14324
547 1.14324
548 1.14324
549 1.14324
550 1.14324
551 1.14324
552 1.14324
553 1.14324
554 1.14324
555 1.14324
556 1.14324
557 1.14324
558 1.14324
559 1.14324
560 1.14324
561 1.14324
562 1.14324
563 1.14324
564 1.14324
565 1.14324
566 1.14324
567 1.14324
568 1.14324
569 1.14324
570 1.14324
571 1.14324
572 1.14324
573 1.14324
574 1.14324
575 1.14324
576 1.14324
577 1.14324
578 1.14324
579 1.14324
580 1.14324
581 1.14324
582 1.14324
583 1.14324
584 1.14324
585 1.14324
586 1.14324
587 1.14324
588 1.14324
589 1.14324
590 1.14324
591 1.14324
592 1.14324
593 1.14324
594 1.14324
595 1.14324
596 1.14324
597 1.14324
598 1.14324
599 1.14324
600 1.14324
601 1.14324
602 1.14324
603 1.14324
604 1.14324
605 1.14324
606 1.14324
607 1.14324
608 1.14324
609 1.14324
610 1.14324
611 1.14324
612 1.14324
613 1.14324
614 1.14324
615 1.14324
616 1.14324
617 1.14324
618 1.14324
619 1.14324
620 1.14324
621 1.14324
622 1.14324
623 1.14324
624 1.14324
625 1.14324
626 1.14324
627 1.14324
628 1.14324
629 1.14324
630 1.14324
631 1.14324
632 1.14324
633 1.14324
634 1.14324
635 1.14324
636 1.14324
637 1.14324
638 1.14324
639 1.14324
640 1.14324
641 1.14324
642 1.14324
643 1.14324
644 1.14324
645 1.14324
646 1.14324
647 1.14324
648 1.14324
649 1.14324
650 1.14324
651 1.14324
652 1.14324
653 1.14324
654 1.14324
655 1.14324
656 1.14324
657 1.14324
658 1.14324
659 1.14324
660 1.14324
661 1.14324
662 1.14324
663 1.14324
664 1.14324
665 1.14324
666 1.14324
667 1.14324
668 1.14324
669 1.14324
670 1.14324
671 1.14324
672 1.14324
673 1.14324
674 1.14324
675 1.14324
676 1.14324
677 1.14324
678 1.14324
679 1.14324
680 1.14324
681 1.14324
682 1.14324
683 1.14324
684 1.14324
685 1.14324
686 1.14324
687 1.14324
688 1.14324
689 1.14324
690 1.14324
691 1.14324
692 1.14324
693 1.14324
694 1.14324
695 1.14324
696 1.14324
697 1.14324
698 1.14324
699 1.14324
700 1.14324
701 1.14324
702 1.14324
703 1.14324
704 1.14324
705 1.14324
706 1.14324
707 1.14324
708 1.14324
709 1.14324
710 1.14324
711 1.14324
712 1.14324
713 1.14324
714 1.14324
715 1.14324
716 1.14324
717 1.14324
718 1.14324
719 1.14324
720 1.14324
721 1.14324
722 1.14324
723 1.14324
724 1.14324
725 1.14324
726 1.14324
727 1.14324
728 1.14324
729 1.14324
730 1.14324
731 1.14324
732 1.14324
733 1.14324
734 1.14324
735 1.14324
736 1.14324
737 1.14324
738 1.14324
739 1.14324
740 1.14324
741 1.14324
742 1.14324
743 1.14324
744 1.14324
745 1.14324
746 1.14324
747 1.14324
748 1.14324
749 1.14324
750 1.14324
751 1.14324
752 1.14324
753 1.14324
754 1.14324
755 1.14324
756 1.14324
757 1.14324
758 1.14324
759 1.14324
760 1.14324
761 1.14324
762 1.14324
763 1.14324
764 1.14324
765 1.14324
766 1.14324
767 1.14324
768 1.14324
769 1.14324
770 1.14324
771 1.14324
772 1.14324
773 1.14324
774 1.14324
775 1.14324
776 1.14324
777 1.14324
778 1.14324
779 1.14324
780 1.14324
781 1.14324
782 1.14324
783 1.14324
784 1.14324
785 1.14324
786 1.14324
787 1.14324
788 1.14324
789 1.14324
790 1.14324
791 1.14324
792 1.14324
793 1.14324
794 1.14324
795 1.14324
796 1.14324
797 1.14324
798 1.14324
799 1.14324
800 1.14324
801 1.14324
802 1.14324
803 1.14324
804 1.14324
805 1.14324
806 1.14324
807 1.14324
808 1.14324
809 1.14324
810 1.14324
811 1.14324
812 1.14324
813 1.14324
814 1.14324
815 1.14324
816 1.14324
817 1.14324
818 1.14324
819 1.14324
820 1.14324
821 1.14324
822 1.14324
823 1.14324
824 1.14324
825 1.14324
826 1.14324
827 1.14324
828 1.14324
829 1.14324
830 1.14324
831 1.14324
832 1.14324
833 1.14324
834 1.14324
835 1.14324
836 1.14324
837 1.14324
838 1.14324
839 1.14324
840 1.14324
841 1.14324
842 1.14324
843 1.14324
844 1.14324
845 1.14324
846 1.14324
847 1.14324
848 1.14324
849 1.14324
850 1.14324
851 1.14324
852 1.14324
853 1.14324
854 1.14324
855 1.14324
856 1.14324
857 1.14324
858 1.14324
859 1.14324
860 1.14324
861 1.14324
862 1.14324
863 1.14324
864 1.14324
865 1.14324
866 1.14324
867 1.14324
868 1.14324
869 1.14324
870 1.14324
871 1.14324
872 1.14324
873 1.14324
874 1.14324
875 1.14324
876 1.14324
877 1.14324
878 1.14324
879 1.14324
880 1.14324
881 1.14324
882 1.14324
883 1.14324
884 1.14324
885 1.14324
886 1.14324
887 1.14324
888 1.14324
889 1.14324
890 1.14324
891 1.14324
892 1.14324
893 1.14324
894 1.14324
895 1.14324
896 1.14324
897 1.14324
898 1.14324
899 1.14324
900 1.14324
901 1.14324
902 1.14324
903 1.14324
904 1.14324
905 1.14324
906 1.14324
907 1.14324
908 1.14324
909 1.14324
910 1.14324
911 1.14324
912 1.14324
913 1.14324
914 1.14324
915 1.14324
916 1.14324
917 1.14324
918 1.14324
919 1.14324
920 1.14324
921 1.14324
922 1.14324
923 1.14324
924 1.14324
925 1.14324
926 1.14324
927 1.14324
928 1.14324
929 1.14324
930 1.14324
931 1.14324
932 1.14324
933 1.14324
934 1.14324
935 1.14324
936 1.14324
937 1.14324
938 1.14324
939 1.14324
940 1.14324
941 1.14324
942 1.14324
943 1.14324
944 1.14324
945 1.14324
946 1.14324
947 1.14324
948 1.14324
949 1.14324
950 1.14324
951 1.14324
952 1.14324
953 1.14324
954 1.14324
955 1.14324
956 1.14324
957 1.14324
958 1.14324
959 1.14324
960 1.14324
961 1.14324
962 1.14324
963 1.14324
964 1.14324
965 1.14324
966 1.14324
967 1.14324
968 1.14324
969 1.14324
970 1.14324
971 1.14324
972 1.14324
973 1.14324
974 1.14324
975 1.14324
976 1.14324
977 1.14324
978 1.14324
979 1.14324
980 1.14324
981 1.14324
982 1.14324
983 1.14324
984 1.14324
985 1.14324
986 1.14324
987 1.14324
988 1.14324
989 1.14324
990 1.14324
991 1.14324
992 1.14324
993 1.14324
994 1.14324
995 1.14324
996 1.14324
997 1.14324
998 1.14324
999 1.14324
1000 1.14324
1001 1.14324
1002 1.14324
1003 1.14324
1004 1.14324
1005 1.14324
1006 1.14324
1007 1.14324
1008 1.14324
1009 1.14324
1010 1.14324
1011 1.14324
1012 1.14324
1013 1.14324
1014 1.14324
1015 1.14324
1016 1.14324
1017 1.14324
1018 1.14324
1019 1.14324
1020 1.14324
1021 1.14324
1022 1.14324
1023 1.14324
1024 1.14324
1025 1.14324
1026 1.14324
1027 1.14324
1028 1.14324
1029 1.14324
1030 1.14324
1031 1.14324
1032 1.14324
1033 1.14324
1034 1.14324
1035 1.14324
1036 1.14324
1037 1.14324
1038 1.14324
1039 1.14324
1040 1.14324
1041 1.14324
1042 1.14324
1043 1.14324
1044 1.14324
1045 1.14324
1046 1.14324
1047 1.14324
1048 1.14324
1049 1.14324
1050 1.14324
1051 1.14324
1052 1.14324
1053 1.14324
1054 1.14324
1055 1.14324
1056 1.14324
1057 1.14324
1058 1.14324
1059 1.14324
1060 1.14324
1061 1.14324
1062 1.14324
1063 1.14324
1064 1.14324
1065 1.14324
1066 1.14324
1067 1.14324
1068 1.14324
1069 1.14324
1070 1.14324
1071 1.14324
1072 1.14324
1073 1.14324
1074 1.14324
1075 1.14324
1076 1.14324
1077 1.14324
1078 1.14324
1079 1.14324
1080 1.14324
1081 1.14324
1082 1.14324
1083 1.14324
1084 1.14324
1085 1.14324
1086 1.14324
1087 1.14324
1088 1.14324
1089 1.14324
1090 1.14324
1091 1.14324
1092 1.14324
1093 1.14324
1094 1.14324
1095 1.14324
1096 1.14324
1097 1.14324
1098 1.14324
1099 1.14324
1100 1.14324
1101 1.14324
1102 1.14324
1103 1.14324
1104 1.14324
1105 1.14324
1106 1.14324
1107 1.14324
1108 1.14324
1109 1.14324
1110 1.14324
1111 1.14324
1112 1.14324
1113 1.14324
1114 1.14324
1115 1.14324
1116 1.14324
1117 1.14324
1118 1.14324
1119 1.14324
1120 1.14324
1121 1.14324
1122 1.14324
1123 1.14324
1124 1.14324
1125 1.14324
1126 1.14324
1127 1.14324
1128 1.14324
1129 1.14324
1130 1.14324
1131 1.14324
1132 1.14324
1133 1.14324
1134 1.14324
1135 1.14324
1136 1.14324
1137 1.14324
1138 1.14324
1139 1.14324
1140 1.14324
1141 1.14324
1142 1.14324
1143 1.14324
1144 1.14324
1145 1.14324
1146 1.14324
1147 1.14324
1148 1.14324
1149 1.14324
1150 1.14324
1151 1.14324
1152 1.14324
1153 1.14324
1154 1.14324
1155 1.14324
1156 1.14324
1157 1.14324
1158 1.14324
1159 1.14324
1160 1.14324
1161 1.14324
1162 1.14324
1163 1.14324
1164 1.14324
1165 1.14324
1166 1.14324
1167 1.14324
1168 1.14324
1169 1.14324
1170 1.14324
1171 1.14324
1172 1.14324
1173 1.14324
1174 1.14324
1175 1.14324
1176 1.14324
1177 1.14324
1178 1.14324
1179 1.14324
1180 1.14324
1181 1.14324
1182 1.14324
1183 1.14324
1184 1.14324
1185 1.14324
1186 1.14324
1187 1.14324
1188 1.14324
1189 1.14324
1190 1.14324
1191 1.14324
1192 1.14324
1193 1.14324
1194 1.14324
1195 1.14324
1196 1.14324
1197 1.14324
1198 1.14324
1199 1.14324
1200 1.14324
1201 1.14324
1202 1.14324
1203 1.14324
1204 1.14324
1205 1.14324
1206 1.14324
1207 1.14324
1208 1.14324
1209 1.14324
1210 1.14324
1211 1.14324
1212 1.14324
1213 1.14324
1214 1.14324
1215 1.14324
1216 1.14324
1217 1.14324
1218 1.14324
1219 1.14324
1220 1.14324
1221 1.14324
1222 1.14324
1223 1.14324
1224 1.14324
1225 1.14324
1226 1.14324
1227 1.14324
1228 1.14324
1229 1.14324
1230 1.14324
1231 1.14324
1232 1.14324
1233 1.14324
1234 1.14324
1235 1.14324
1236 1.14324
1237 1.14324
1238 1.14324
1239 1.14324
1240 1.14324
1241 1.14324
1242 1.14324
1243 1.14324
1244 1.14324
1245 1.14324
1246 1.14324
1247 1.14324
1248 1.14324
1249 1.14324
1250 1.14324
1251 1.14324
1252 1.14324
1253 1.14324
1254 1.14324
1255 1.14324
1256 1.14324
1257 1.14324
1258 1.14324
1259 1.14324
1260 1.14324
1261 1.14324
1262 1.14324
1263 1.14324
1264 1.14324
1265 1.14324
1266 1.14324
1267 1.14324
1268 1.14324
1269 1.14324
1270 1.14324
1271 1.14324
1272 1.14324
1273 1.14324
1274 1.14324
1275 1.14324
1276 1.14324
1277 1.14324
1278 1.14324
1279 1.14324
1280 1.14324
1281 1.14324
1282 1.14324
1283 1.14324
1284 1.14324
1285 1.14324
1286 1.14324
1287 1.14324
1288 1.14324
1289 1.14324
1290 1.14324
1291 1.14324
1292 1.14324
1293 1.14324
1294 1.14324
1295 1.14324
1296 1.14324
1297 1.14324
1298 1.14324
1299 1.14324
1300 1.14324
1301 1.14324
1302 1.14324
1303 1.14324
1304 1.14324
1305 1.14324
1306 1.14324
1307 1.14324
1308 1.14324
1309 1.14324
1310 1.14324
1311 1.14324
1312 1.14324
1313 1.14324
1314 1.14324
1315 1.14324
1316 1.14324
1317 1.14324
1318 1.14324
1319 1.14324
1320 1.14324
1321 1.14324
1322 1.14324
1323 1.14324
1324 1.14324
1325 1.14324
1326 1.14324
1327 1.14324
1328 1.14324
1329 1.14324
1330 1.14324
1331 1.14324
1332 1.14324
1333 1.14324
1334 1.14324
1335 1.14324
1336 1.14324
1337 1.14324
1338 1.14324
1339 1.14324
1340 1.14324
1341 1.14324
1342 1.14324
1343 1.14324
1344 1.14324
1345 1.14324
1346 1.14324
1347 1.14324
1348 1.14324
1349 1.14324
1350 1.14324
1351 1.14324
1352 1.14324
1353 1.14324
1354 1.14324
1355 1.14324
1356 1.14324
1357 1.14324
1358 1.14324
1359 1.14324
1360 1.14324
1361 1.14324
1362 1.14324
1363 1.14324
1364 1.14324
1365 1.14324
1366 1.14324
1367 1.14324
1368 1.14324
1369 1.14324
1370 1.14324
1371 1.14324
1372 1.14324
1373 1.14324
1374 1.14324
1375 1.14324
1376 1.14324
1377 1.14324
1378 1.14324
1379 1.14324
1380 1.14324
1381 1.14324
1382 1.14324
1383 1.14324
1384 1.14324
1385 1.14324
1386 1.14324
1387 1.14324
1388 1.14324
1389 1.14324
1390 1.14324
1391 1.14324
1392 1.14324
1393 1.14324
1394 1.14324
1395 1.14324
1396 1.14324
1397 1.14324
1398 1.14324
1399 1.14324
1400 1.14324
1401 1.14324
1402 1.14324
1403 1.14324
1404 1.14324
1405 1.14324
1406 1.14324
1407 1.14324
1408 1.14324
1409 1.14324
1410 1.14324
1411 1.14324
1412 1.14324
1413 1.14324
1414 1.14324
1415 1.14324
1416 1.14324
1417 1.14324
1418 1.14324
1419 1.14324
1420 1.14324
1421 1.14324
1422 1.14324
1423 1.14324
1424 1.14324
1425 1.14324
1426 1.14324
1427 1.14324
1428 1.14324
1429 1.14324
1430 1.14324
1431 1.14324
1432 1.14324
1433 1.14324
1434 1.14324
1435 1.14324
1436 1.14324
1437 1.14324
1438 1.14324
1439 1.14324
1440 1.14324
1441 1.14324
1442 1.14324
1443 1.14324
1444 1.14324
1445 1.14324
1446 1.14324
1447 1.14324
1448 1.14324
1449 1.14324
1450 1.14324
1451 1.14324
1452 1.14324
1453 1.14324
1454 1.14324
1455 1.14324
1456 1.14324
1457 1.14324
1458 1.14324
1459 1.14324
1460 1.14324
1461 1.14324
1462 1.14324
1463 1.14324
1464 1.14324
1465 1.14324
1466 1.14324
1467 1.14324
1468 1.14324
1469 1.14324
1470 1.14324
1471 1.14324
1472 1.14324
1473 1.14324
1474 1.14324
1475 1.14324
1476 1.14324
1477 1.14324
1478 1.14324
1479 1.14324
1480 1.14324
1481 1.14324
1482 1.14324
1483 1.14324
1484 1.14324
1485 1.14324
1486 1.14324
1487 1.14324
1488 1.14324
1489 1.14324
1490 1.14324
1491 1.14324
1492 1.14324
1493 1.14324
1494 1.14324
1495 1.14324
1496 1.14324
1497 1.14324
1498 1.14324
1499 1.14324
