0 27.6535
1 22.4493
2 18.0824
3 16.059
4 14.2062
5 11.3752
6 10.557
7 9.4743
8 8.59194
9 6.78159
10 5.78661
11 5.37917
12 4.39978
13 3.89651
14 3.61277
15 3.2025
16 2.80813
17 2.6216
18 2.46265
19 2.3189
20 2.27332
21 2.25494
22 2.19022
23 2.16577
24 2.1598
25 2.1598
26 2.1598
27 2.1598
28 2.1598
29 2.1598
30 2.1598
31 2.1598
32 2.1598
33 2.1598
34 2.1598
35 2.1598
36 2.1598
37 2.1598
38 2.1598
39 2.1598
40 2.1598
41 2.1598
42 2.1598
43 2.1598
44 2.1598
45 2.1598
46 2.1598
47 2.1598
48 2.1598
49 2.1598
50 2.1598
51 2.1598
52 2.1598
53 2.1598
54 2.1598
55 2.1598
56 2.1598
57 2.1598
58 2.1598
59 2.1598
60 2.1598
61 2.1598
62 2.1598
63 2.1598
64 2.1598
65 2.1598
66 2.1598
67 2.1598
68 2.1598
69 2.1598
70 2.1598
71 2.1598
72 2.1598
73 2.1598
74 2.1598
75 2.1598
76 2.1598
77 2.1598
78 2.1598
79 2.1598
80 2.1598
81 2.1598
82 2.1598
83 2.1598
84 2.1598
85 2.1598
86 2.1598
87 2.1598
88 2.1598
89 2.1598
90 2.1598
91 2.1598
92 2.1598
93 2.1598
94 2.1598
95 2.1598
96 2.1598
97 2.1598
98 2.1598
99 2.1598
100 2.1598
101 2.1598
102 2.1598
103 2.1598
104 2.1598
105 2.1598
106 2.1598
107 2.1598
108 2.1598
109 2.1598
110 2.1598
111 2.1598
112 2.1598
113 2.1598
114 2.1598
115 2.1598
116 2.1598
117 2.1598
118 2.1598
119 2.1598
120 2.1598
121 2.1598
122 2.1598
123 2.1598
124 2.1598
125 2.1598
126 2.1598
127 2.1598
128 2.1598
129 2.1598
130 2.1598
131 2.1598
132 2.1598
133 2.1598
134 2.1598
135 2.1598
136 2.1598
137 2.1598
138 2.1598
139 2.1598
140 2.1598
141 2.1598
142 2.1598
143 2.1598
144 2.1598
145 2.1598
146 2.1598
147 2.1598
148 2.1598
149 2.1598
150 2.1598
151 2.1598
152 2.1598
153 2.1598
154 2.1598
155 2.1598
156 2.1598
157 2.1598
158 2.1598
159 2.1598
160 2.1598
161 2.1598
162 2.1598
163 2.1598
164 2.1598
165 2.1598
166 2.1598
167 2.1598
168 2.1598
169 2.1598
170 2.1598
171 2.1598
172 2.1598
173 2.1598
174 2.1598
175 2.1598
176 2.1598
177 2.1598
178 2.1598
179 2.1598
180 2.1598
181 2.1598
182 2.1598
183 2.1598
184 2.1598
185 2.1598
186 2.1598
187 2.1598
188 2.1598
189 2.1598
190 2.1598
191 2.1598
192 2.1598
193 2.1598
194 2.1598
195 2.1598
196 2.1598
197 2.1598
198 2.1598
199 2.1598
200 2.1598
201 2.1598
202 2.1598
203 2.1598
204 2.1598
205 2.1598
206 2.1598
207 2.1598
208 2.1598
209 2.1598
210 2.1598
211 2.1598
212 2.1598
213 2.1598
214 2.1598
215 2.1598
216 2.1598
217 2.1598
218 2.1598
219 2.1598
220 2.1598
221 2.1598
222 2.1598
223 2.1598
224 2.1598
225 2.1598
226 2.1598
227 2.1598
228 2.1598
229 2.1598
230 2.1598
231 2.1598
232 2.1598
233 2.1598
234 2.1598
235 2.1598
236 2.1598
237 2.1598
238 2.1598
239 2.1598
240 2.1598
241 2.1598
242 2.1598
243 2.1598
244 2.1598
245 2.1598
246 2.1598
247 2.1598
248 2.1598
249 2.1598
250 2.1598
251 2.1598
252 2.1598
253 2.1598
254 2.1598
255 2.1598
256 2.1598
257 2.1598
258 2.1598
259 2.1598
260 2.1598
261 2.1598
262 2.1598
263 2.1598
264 2.1598
265 2.1598
266 2.1598
267 2.1598
268 2.1598
269 2.1598
270 2.1598
271 2.1598
272 2.1598
273 2.1598
274 2.1598
275 2.1598
276 2.1598
277 2.1598
278 2.1598
279 2.1598
280 2.1598
281 2.1598
282 2.1598
283 2.1598
284 2.1598
285 2.1598
286 2.1598
287 2.1598
288 2.1598
289 2.1598
290 2.1598
291 2.1598
292 2.1598
293 2.1598
294 2.1598
295 2.1598
296 2.1598
297 2.1598
298 2.1598
299 2.1598
300 2.1598
301 2.1598
302 2.1598
303 2.1598
304 2.1598
305 2.1598
306 2.1598
307 2.1598
308 2.1598
309 2.1598
310 2.1598
311 2.1598
312 2.1598
313 2.1598
314 2.1598
315 2.1598
316 2.1598
317 2.1598
318 2.1598
319 2.1598
320 2.1598
321 2.1598
322 2.1598
323 2.1598
324 2.1598
325 2.1598
326 2.1598
327 2.1598
328 2.1598
329 2.1598
330 2.1598
331 2.1598
332 2.1598
333 2.1598
334 2.1598
335 2.1598
336 2.1598
337 2.1598
338 2.1598
339 2.1598
340 2.1598
341 2.1598
342 2.1598
343 2.1598
344 2.1598
345 2.1598
346 2.1598
347 2.1598
348 2.1598
349 2.1598
350 2.1598
351 2.1598
352 2.1598
353 2.1598
354 2.1598
355 2.1598
356 2.1598
357 2.1598
358 2.1598
359 2.1598
360 2.1598
361 2.1598
362 2.1598
363 2.1598
364 2.1598
365 2.1598
366 2.1598
367 2.1598
368 2.1598
369 2.1598
370 2.1598
371 2.1598
372 2.1598
373 2.1598
374 2.1598
375 2.1598
376 2.1598
377 2.1598
378 2.1598
379 2.1598
380 2.1598
381 2.1598
382 2.1598
383 2.1598
384 2.1598
385 2.1598
386 2.1598
387 2.1598
388 2.1598
389 2.1598
390 2.1598
391 2.1598
392 2.1598
393 2.1598
394 2.1598
395 2.1598
396 2.1598
397 2.1598
398 2.1598
399 2.1598
400 2.1598
401 2.1598
402 2.1598
403 2.1598
404 2.1598
405 2.1598
406 2.1598
407 2.1598
408 2.1598
409 2.1598
410 2.1598
411 2.1598
412 2.1598
413 2.1598
414 2.1598
415 2.1598
416 2.1598
417 2.1598
418 2.1598
419 2.1598
420 2.1598
421 2.1598
422 2.1598
423 2.1598
424 2.1598
425 2.1598
426 2.1598
427 2.1598
428 2.1598
429 2.1598
430 2.1598
431 2.1598
432 2.1598
433 2.1598
434 2.1598
435 2.1598
436 2.1598
437 2.1598
438 2.1598
439 2.1598
440 2.1598
441 2.1598
442 2.1598
443 2.1598
444 2.1598
445 2.1598
446 2.1598
447 2.1598
448 2.1598
449 2.1598
450 2.1598
451 2.1598
452 2.1598
453 2.1598
454 2.1598
455 2.1598
456 2.1598
457 2.1598
458 2.1598
459 2.1598
460 2.1598
461 2.1598
462 2.1598
463 2.1598
464 2.1598
465 2.1598
466 2.1598
467 2.1598
468 2.1598
469 2.1598
470 2.1598
471 2.1598
472 2.1598
473 2.1598
474 2.1598
475 2.1598
476 2.1598
477 2.1598
478 2.1598
479 2.1598
480 2.1598
481 2.1598
482 2.1598
483 2.1598
484 2.1598
485 2.1598
486 2.1598
487 2.1598
488 2.1598
489 2.1598
490 2.1598
491 2.1598
492 2.1598
493 2.1598
494 2.1598
495 2.1598
496 2.1598
497 2.1598
498 2.1598
499 2.1598
500 2.1598
501 2.1598
502 2.1598
503 2.1598
504 2.1598
505 2.1598
506 2.1598
507 2.1598
508 2.1598
509 2.1598
510 2.1598
511 2.1598
512 2.1598
513 2.1598
514 2.1598
515 2.1598
516 2.1598
517 2.1598
518 2.1598
519 2.1598
520 2.1598
521 2.1598
522 2.1598
523 2.1598
524 2.1598
525 2.1598
526 2.1598
527 2.1598
528 2.1598
529 2.1598
530 2.1598
531 2.1598
532 2.1598
533 2.1598
534 2.1598
535 2.1598
536 2.1598
537 2.1598
538 2.1598
539 2.1598
540 2.1598
541 2.1598
542 2.1598
543 2.1598
544 2.1598
545 2.1598
546 2.1598
547 2.1598
548 2.1598
549 2.1598
550 2.1598
551 2.1598
552 2.1598
553 2.1598
554 2.1598
555 2.1598
556 2.1598
557 2.1598
558 2.1598
559 2.1598
560 2.1598
561 2.1598
562 2.1598
563 2.1598
564 2.1598
565 2.1598
566 2.1598
567 2.1598
568 2.1598
569 2.1598
570 2.1598
571 2.1598
572 2.1598
573 2.1598
574 2.1598
575 2.1598
576 2.1598
577 2.1598
578 2.1598
579 2.1598
580 2.1598
581 2.1598
582 2.1598
583 2.1598
584 2.1598
585 2.1598
586 2.1598
587 2.1598
588 2.1598
589 2.1598
590 2.1598
591 2.1598
592 2.1598
593 2.1598
594 2.1598
595 2.1598
596 2.1598
597 2.1598
598 2.1598
599 2.1598
600 2.1598
601 2.1598
602 2.1598
603 2.1598
604 2.1598
605 2.1598
606 2.1598
607 2.1598
608 2.1598
609 2.1598
610 2.1598
611 2.1598
612 2.1598
613 2.1598
614 2.1598
615 2.1598
616 2.1598
617 2.1598
618 2.1598
619 2.1598
620 2.1598
621 2.1598
622 2.1598
623 2.1598
624 2.1598
625 2.1598
626 2.1598
627 2.1598
628 2.1598
629 2.1598
630 2.1598
631 2.1598
632 2.1598
633 2.1598
634 2.1598
635 2.1598
636 2.1598
637 2.1598
638 2.1598
639 2.1598
640 2.1598
641 2.1598
642 2.1598
643 2.1598
644 2.1598
645 2.1598
646 2.1598
647 2.1598
648 2.1598
649 2.1598
650 2.1598
651 2.1598
652 2.1598
653 2.1598
654 2.1598
655 2.1598
656 2.1598
657 2.1598
658 2.1598
659 2.1598
660 2.1598
661 2.1598
662 2.1598
663 2.1598
664 2.1598
665 2.1598
666 2.1598
667 2.1598
668 2.1598
669 2.1598
670 2.1598
671 2.1598
672 2.1598
673 2.1598
674 2.1598
675 2.1598
676 2.1598
677 2.1598
678 2.1598
679 2.1598
680 2.1598
681 2.1598
682 2.1598
683 2.1598
684 2.1598
685 2.1598
686 2.1598
687 2.1598
688 2.1598
689 2.1598
690 2.1598
691 2.1598
692 2.1598
693 2.1598
694 2.1598
695 2.1598
696 2.1598
697 2.1598
698 2.1598
699 2.1598
700 2.1598
701 2.1598
702 2.1598
703 2.1598
704 2.1598
705 2.1598
706 2.1598
707 2.1598
708 2.1598
709 2.1598
710 2.1598
711 2.1598
712 2.1598
713 2.1598
714 2.1598
715 2.1598
716 2.1598
717 2.1598
718 2.1598
719 2.1598
720 2.1598
721 2.1598
722 2.1598
723 2.1598
724 2.1598
725 2.1598
726 2.1598
727 2.1598
728 2.1598
729 2.1598
730 2.1598
731 2.1598
732 2.1598
733 2.1598
734 2.1598
735 2.1598
736 2.1598
737 2.1598
738 2.1598
739 2.1598
740 2.1598
741 2.1598
742 2.1598
743 2.1598
744 2.1598
745 2.1598
746 2.1598
747 2.1598
748 2.1598
749 2.1598
750 2.1598
751 2.1598
752 2.1598
753 2.1598
754 2.1598
755 2.1598
756 2.1598
757 2.1598
758 2.1598
759 2.1598
760 2.1598
761 2.1598
762 2.1598
763 2.1598
764 2.1598
765 2.1598
766 2.1598
767 2.1598
768 2.1598
769 2.1598
770 2.1598
771 2.1598
772 2.1598
773 2.1598
774 2.1598
775 2.1598
776 2.1598
777 2.1598
778 2.1598
779 2.1598
780 2.1598
781 2.1598
782 2.1598
783 2.1598
784 2.1598
785 2.1598
786 2.1598
787 2.1598
788 2.1598
789 2.1598
790 2.1598
791 2.1598
792 2.1598
793 2.1598
794 2.1598
795 2.1598
796 2.1598
797 2.1598
798 2.1598
799 2.1598
800 2.1598
801 2.1598
802 2.1598
803 2.1598
804 2.1598
805 2.1598
806 2.1598
807 2.1598
808 2.1598
809 2.1598
810 2.1598
811 2.1598
812 2.1598
813 2.1598
814 2.1598
815 2.1598
816 2.1598
817 2.1598
818 2.1598
819 2.1598
820 2.1598
821 2.1598
822 2.1598
823 2.1598
824 2.1598
825 2.1598
826 2.1598
827 2.1598
828 2.1598
829 2.1598
830 2.1598
831 2.1598
832 2.1598
833 2.1598
834 2.1598
835 2.1598
836 2.1598
837 2.1598
838 2.1598
839 2.1598
840 2.1598
841 2.1598
842 2.1598
843 2.1598
844 2.1598
845 2.1598
846 2.1598
847 2.1598
848 2.1598
849 2.1598
850 2.1598
851 2.1598
852 2.1598
853 2.1598
854 2.1598
855 2.1598
856 2.1598
857 2.1598
858 2.1598
859 2.1598
860 2.1598
861 2.1598
862 2.1598
863 2.1598
864 2.1598
865 2.1598
866 2.1598
867 2.1598
868 2.1598
869 2.1598
870 2.1598
871 2.1598
872 2.1598
873 2.1598
874 2.1598
875 2.1598
876 2.1598
877 2.1598
878 2.1598
879 2.1598
880 2.1598
881 2.1598
882 2.1598
883 2.1598
884 2.1598
885 2.1598
886 2.1598
887 2.1598
888 2.1598
889 2.1598
890 2.1598
891 2.1598
892 2.1598
893 2.1598
894 2.1598
895 2.1598
896 2.1598
897 2.1598
898 2.1598
899 2.1598
900 2.1598
901 2.1598
902 2.1598
903 2.1598
904 2.1598
905 2.1598
906 2.1598
907 2.1598
908 2.1598
909 2.1598
910 2.1598
911 2.1598
912 2.1598
913 2.1598
914 2.1598
915 2.1598
916 2.1598
917 2.1598
918 2.1598
919 2.1598
920 2.1598
921 2.1598
922 2.1598
923 2.1598
924 2.1598
925 2.1598
926 2.1598
927 2.1598
928 2.1598
929 2.1598
930 2.1598
931 2.1598
932 2.1598
933 2.1598
934 2.1598
935 2.1598
936 2.1598
937 2.1598
938 2.1598
939 2.1598
940 2.1598
941 2.1598
942 2.1598
943 2.1598
944 2.1598
945 2.1598
946 2.1598
947 2.1598
948 2.1598
949 2.1598
950 2.1598
951 2.1598
952 2.1598
953 2.1598
954 2.1598
955 2.1598
956 2.1598
957 2.1598
958 2.1598
959 2.1598
960 2.1598
961 2.1598
962 2.1598
963 2.1598
964 2.1598
965 2.1598
966 2.1598
967 2.1598
968 2.1598
969 2.1598
970 2.1598
971 2.1598
972 2.1598
973 2.1598
974 2.1598
975 2.1598
976 2.1598
977 2.1598
978 2.1598
979 2.1598
980 2.1598
981 2.1598
982 2.1598
983 2.1598
984 2.1598
985 2.1598
986 2.1598
987 2.1598
988 2.1598
989 2.1598
990 2.1598
991 2.1598
992 2.1598
993 2.1598
994 2.1598
995 2.1598
996 2.1598
997 2.1598
998 2.1598
999 2.1598
1000 2.1598
1001 2.1598
1002 2.1598
1003 2.1598
1004 2.1598
1005 2.1598
1006 2.1598
1007 2.1598
1008 2.1598
1009 2.1598
1010 2.1598
1011 2.1598
1012 2.1598
1013 2.1598
1014 2.1598
1015 2.1598
1016 2.1598
1017 2.1598
1018 2.1598
1019 2.1598
1020 2.1598
1021 2.1598
1022 2.1598
1023 2.1598
1024 2.1598
1025 2.1598
1026 2.1598
1027 2.1598
1028 2.1598
1029 2.1598
1030 2.1598
1031 2.1598
1032 2.1598
1033 2.1598
1034 2.1598
1035 2.1598
1036 2.1598
1037 2.1598
1038 2.1598
1039 2.1598
1040 2.1598
1041 2.1598
1042 2.1598
1043 2.1598
1044 2.1598
1045 2.1598
1046 2.1598
1047 2.1598
1048 2.1598
1049 2.1598
1050 2.1598
1051 2.1598
1052 2.1598
1053 2.1598
1054 2.1598
1055 2.1598
1056 2.1598
1057 2.1598
1058 2.1598
1059 2.1598
1060 2.1598
1061 2.1598
1062 2.1598
1063 2.1598
1064 2.1598
1065 2.1598
1066 2.1598
1067 2.1598
1068 2.1598
1069 2.1598
1070 2.1598
1071 2.1598
1072 2.1598
1073 2.1598
1074 2.1598
1075 2.1598
1076 2.1598
1077 2.1598
1078 2.1598
1079 2.1598
1080 2.1598
1081 2.1598
1082 2.1598
1083 2.1598
1084 2.1598
1085 2.1598
1086 2.1598
1087 2.1598
1088 2.1598
1089 2.1598
1090 2.1598
1091 2.1598
1092 2.1598
1093 2.1598
1094 2.1598
1095 2.1598
1096 2.1598
1097 2.1598
1098 2.1598
1099 2.1598
1100 2.1598
1101 2.1598
1102 2.1598
1103 2.1598
1104 2.1598
1105 2.1598
1106 2.1598
1107 2.1598
1108 2.1598
1109 2.1598
1110 2.1598
1111 2.1598
1112 2.1598
1113 2.1598
1114 2.1598
1115 2.1598
1116 2.1598
1117 2.1598
1118 2.1598
1119 2.1598
1120 2.1598
1121 2.1598
1122 2.1598
1123 2.1598
1124 2.1598
1125 2.1598
1126 2.1598
1127 2.1598
1128 2.1598
1129 2.1598
1130 2.1598
1131 2.1598
1132 2.1598
1133 2.1598
1134 2.1598
1135 2.1598
1136 2.1598
1137 2.1598
1138 2.1598
1139 2.1598
1140 2.1598
1141 2.1598
1142 2.1598
1143 2.1598
1144 2.1598
1145 2.1598
1146 2.1598
1147 2.1598
1148 2.1598
1149 2.1598
1150 2.1598
1151 2.1598
1152 2.1598
1153 2.1598
1154 2.1598
1155 2.1598
1156 2.1598
1157 2.1598
1158 2.1598
1159 2.1598
1160 2.1598
1161 2.1598
1162 2.1598
1163 2.1598
1164 2.1598
1165 2.1598
1166 2.1598
1167 2.1598
1168 2.1598
1169 2.1598
1170 2.1598
1171 2.1598
1172 2.1598
1173 2.1598
1174 2.1598
1175 2.1598
1176 2.1598
1177 2.1598
1178 2.1598
1179 2.1598
1180 2.1598
1181 2.1598
1182 2.1598
1183 2.1598
1184 2.1598
1185 2.1598
1186 2.1598
1187 2.1598
1188 2.1598
1189 2.1598
1190 2.1598
1191 2.1598
1192 2.1598
1193 2.1598
1194 2.1598
1195 2.1598
1196 2.1598
1197 2.1598
1198 2.1598
1199 2.1598
1200 2.1598
1201 2.1598
1202 2.1598
1203 2.1598
1204 2.1598
1205 2.1598
1206 2.1598
1207 2.1598
1208 2.1598
1209 2.1598
1210 2.1598
1211 2.1598
1212 2.1598
1213 2.1598
1214 2.1598
1215 2.1598
1216 2.1598
1217 2.1598
1218 2.1598
1219 2.1598
1220 2.1598
1221 2.1598
1222 2.1598
1223 2.1598
1224 2.1598
1225 2.1598
1226 2.1598
1227 2.1598
1228 2.1598
1229 2.1598
1230 2.1598
1231 2.1598
1232 2.1598
1233 2.1598
1234 2.1598
1235 2.1598
1236 2.1598
1237 2.1598
1238 2.1598
1239 2.1598
1240 2.1598
1241 2.1598
1242 2.1598
1243 2.1598
1244 2.1598
1245 2.1598
1246 2.1598
1247 2.1598
1248 2.1598
1249 2.1598
1250 2.1598
1251 2.1598
1252 2.1598
1253 2.1598
1254 2.1598
1255 2.1598
1256 2.1598
1257 2.1598
1258 2.1598
1259 2.1598
1260 2.1598
1261 2.1598
1262 2.1598
1263 2.1598
1264 2.1598
1265 2.1598
1266 2.1598
1267 2.1598
1268 2.1598
1269 2.1598
1270 2.1598
1271 2.1598
1272 2.1598
1273 2.1598
1274 2.1598
1275 2.1598
1276 2.1598
1277 2.1598
1278 2.1598
1279 2.1598
1280 2.1598
1281 2.1598
1282 2.1598
1283 2.1598
1284 2.1598
1285 2.1598
1286 2.1598
1287 2.1598
1288 2.1598
1289 2.1598
1290 2.1598
1291 2.1598
1292 2.1598
1293 2.1598
1294 2.1598
1295 2.1598
1296 2.1598
1297 2.1598
1298 2.1598
1299 2.1598
1300 2.1598
1301 2.1598
1302 2.1598
1303 2.1598
1304 2.1598
1305 2.1598
1306 2.1598
1307 2.1598
1308 2.1598
1309 2.1598
1310 2.1598
1311 2.1598
1312 2.1598
1313 2.1598
1314 2.1598
1315 2.1598
1316 2.1598
1317 2.1598
1318 2.1598
1319 2.1598
1320 2.1598
1321 2.1598
1322 2.1598
1323 2.1598
1324 2.1598
1325 2.1598
1326 2.1598
1327 2.1598
1328 2.1598
1329 2.1598
1330 2.1598
1331 2.1598
1332 2.1598
1333 2.1598
1334 2.1598
1335 2.1598
1336 2.1598
1337 2.1598
1338 2.1598
1339 2.1598
1340 2.1598
1341 2.1598
1342 2.1598
1343 2.1598
1344 2.1598
1345 2.1598
1346 2.1598
1347 2.1598
1348 2.1598
1349 2.1598
1350 2.1598
1351 2.1598
1352 2.1598
1353 2.1598
1354 2.1598
1355 2.1598
1356 2.1598
1357 2.1598
1358 2.1598
1359 2.1598
1360 2.1598
1361 2.1598
1362 2.1598
1363 2.1598
1364 2.1598
1365 2.1598
1366 2.1598
1367 2.1598
1368 2.1598
1369 2.1598
1370 2.1598
1371 2.1598
1372 2.1598
1373 2.1598
1374 2.1598
1375 2.1598
1376 2.1598
1377 2.1598
1378 2.1598
1379 2.1598
1380 2.1598
1381 2.1598
1382 2.1598
1383 2.1598
1384 2.1598
1385 2.1598
1386 2.1598
1387 2.1598
1388 2.1598
1389 2.1598
1390 2.1598
1391 2.1598
1392 2.1598
1393 2.1598
1394 2.1598
1395 2.1598
1396 2.1598
1397 2.1598
1398 2.1598
1399 2.1598
1400 2.1598
1401 2.1598
1402 2.1598
1403 2.1598
1404 2.1598
1405 2.1598
1406 2.1598
1407 2.1598
1408 2.1598
1409 2.1598
1410 2.1598
1411 2.1598
1412 2.1598
1413 2.1598
1414 2.1598
1415 2.1598
1416 2.1598
1417 2.1598
1418 2.1598
1419 2.1598
1420 2.1598
1421 2.1598
1422 2.1598
1423 2.1598
1424 2.1598
1425 2.1598
1426 2.1598
1427 2.1598
1428 2.1598
1429 2.1598
1430 2.1598
1431 2.1598
1432 2.1598
1433 2.1598
1434 2.1598
1435 2.1598
1436 2.1598
1437 2.1598
1438 2.1598
1439 2.1598
1440 2.1598
1441 2.1598
1442 2.1598
1443 2.1598
1444 2.1598
1445 2.1598
1446 2.1598
1447 2.1598
1448 2.1598
1449 2.1598
1450 2.1598
1451 2.1598
1452 2.1598
1453 2.1598
1454 2.1598
1455 2.1598
1456 2.1598
1457 2.1598
1458 2.1598
1459 2.1598
1460 2.1598
1461 2.1598
1462 2.1598
1463 2.1598
1464 2.1598
1465 2.1598
1466 2.1598
1467 2.1598
1468 2.1598
1469 2.1598
1470 2.1598
1471 2.1598
1472 2.1598
1473 2.1598
1474 2.1598
1475 2.1598
1476 2.1598
1477 2.1598
1478 2.1598
1479 2.1598
1480 2.1598
1481 2.1598
1482 2.1598
1483 2.1598
1484 2.1598
1485 2.1598
1486 2.1598
1487 2.1598
1488 2.1598
1489 2.1598
1490 2.1598
1491 2.1598
1492 2.1598
1493 2.1598
1494 2.1598
1495 2.1598
1496 2.1598
1497 2.1598
1498 2.1598
1499 2.1598
