0 5.7575
1 5.18829
2 5.07201
3 4.78197
4 4.7626
5 3.94427
6 3.30949
7 3.27341
8 3.2556
9 3.22591
10 3.07566
11 3.04497
12 2.96139
13 2.96139
14 2.96139
15 2.86591
16 2.86591
17 2.79921
18 2.76108
19 2.72424
20 2.68611
21 2.65202
22 2.61472
23 2.57949
24 2.54219
25 2.49893
26 2.40935
27 2.393
28 2.31665
29 2.18123
30 2.096
31 2.05813
32 2.04178
33 2.0049
34 1.99955
35 1.9832
36 1.96448
37 1.94813
38 1.91845
39 1.87861
40 1.87861
41 1.87861
42 1.87861
43 1.83258
44 1.83258
45 1.83258
46 1.83258
47 1.69015
48 1.69015
49 1.69015
50 1.69015
51 1.68395
52 1.68395
53 1.68353
54 1.65355
55 1.57149
56 1.57149
57 1.56487
58 1.56487
59 1.56487
60 1.54338
61 1.54338
62 1.53175
63 1.53175
64 1.53175
65 1.53175
66 1.53175
67 1.53175
68 1.53175
69 1.53175
70 1.53175
71 1.53175
72 1.48392
73 1.48297
74 1.4691
75 1.44025
76 1.37771
77 1.32051
78 1.32051
79 1.32051
80 1.27897
81 1.24983
82 1.24983
83 1.24983
84 1.23524
85 1.23524
86 1.23524
87 1.23524
88 1.23524
89 1.23524
90 1.23524
91 1.23524
92 1.23524
93 1.23524
94 1.23524
95 1.23524
96 1.23524
97 1.23524
98 1.23524
99 1.23524
100 1.23524
101 1.23524
102 1.23524
103 1.23317
104 1.22403
105 1.22403
106 1.22403
107 1.22403
108 1.22403
109 1.22403
110 1.22403
111 1.22403
112 1.22403
113 1.22319
114 1.22319
115 1.22319
116 1.22319
117 1.22319
118 1.22319
119 1.22319
120 1.21776
121 1.21776
122 1.21776
123 1.21776
124 1.21776
125 1.21776
126 1.21776
127 1.21776
128 1.21776
129 1.21776
130 1.21776
131 1.21776
132 1.21454
133 1.21454
134 1.21454
135 1.21408
136 1.21408
137 1.21408
138 1.21408
139 1.21408
140 1.21408
141 1.21408
142 1.21408
143 1.21408
144 1.21408
145 1.21408
146 1.17401
147 1.17401
148 1.17401
149 1.17401
150 1.15828
151 1.15828
152 1.15828
153 1.15828
154 1.15828
155 1.15828
156 1.15828
157 1.15828
158 1.15828
159 1.15828
160 1.15828
161 1.15828
162 1.15828
163 1.15828
164 1.05523
165 1.05523
166 1.05299
167 1.05299
168 1.04951
169 1.04951
170 1.04951
171 1.04951
172 1.04951
173 1.04951
174 1.04951
175 1.04951
176 1.04951
177 1.04951
178 1.04951
179 1.04951
180 1.04951
181 1.04951
182 1.04951
183 1.04951
184 1.04951
185 1.04951
186 1.04951
187 1.04951
188 1.04951
189 1.04951
190 1.04951
191 1.04951
192 1.04951
193 1.04951
194 1.04951
195 1.04951
196 1.04951
197 1.04951
198 1.04951
199 1.04951
200 1.04819
201 1.04819
202 1.04819
203 1.04819
204 1.04819
205 1.04819
206 1.04819
207 1.04819
208 1.04819
209 1.04819
210 1.04819
211 1.04819
212 1.04819
213 1.04819
214 1.04819
215 1.04819
216 1.04819
217 1.04819
218 1.04819
219 1.04819
220 1.04819
221 1.04819
222 1.04819
223 1.04819
224 1.04819
225 1.04819
226 1.04819
227 1.04819
228 1.04819
229 1.04819
230 1.04819
231 1.04819
232 1.04819
233 1.04819
234 1.04819
235 1.04819
236 1.04819
237 1.04819
238 1.04819
239 1.04819
240 1.04819
241 1.04819
242 1.04819
243 1.04819
244 1.04819
245 1.04819
246 1.04819
247 1.04819
248 1.04819
249 1.04819
250 1.04819
251 1.04819
252 1.04819
253 1.04819
254 1.04819
255 1.04819
256 1.04819
257 1.04819
258 1.04819
259 1.04819
260 1.04819
261 1.04819
262 1.04819
263 1.04819
264 1.04819
265 1.04819
266 1.04819
267 1.04819
268 1.04819
269 1.04819
270 1.04819
271 1.04819
272 1.04819
273 1.04819
274 1.04819
275 1.04819
276 1.04819
277 1.04819
278 1.04819
279 1.04819
280 1.04819
281 1.04819
282 1.04819
283 1.04819
284 1.04819
285 1.04819
286 1.04819
287 1.04819
288 1.04819
289 1.04819
290 1.04819
291 1.04819
292 1.04819
293 1.04819
294 1.04819
295 1.04819
296 1.04819
297 1.04819
298 1.04819
299 1.04819
300 1.04819
301 1.04819
302 1.04819
303 1.04819
304 1.04819
305 1.04819
306 1.04819
307 1.04819
308 1.04819
309 1.04819
310 1.04819
311 1.04819
312 1.04819
313 1.04819
314 1.04819
315 1.04819
316 1.04819
317 1.04819
318 1.04819
319 1.04819
320 1.04819
321 1.04819
322 1.04819
323 1.04819
324 1.04819
325 1.04819
326 1.04819
327 1.04819
328 1.04819
329 1.04819
330 1.04819
331 1.04819
332 1.04819
333 1.04819
334 1.04819
335 1.04819
336 1.04819
337 1.04819
338 1.04819
339 1.04819
340 1.04819
341 1.04819
342 1.04819
343 1.04819
344 1.04819
345 1.04819
346 1.04819
347 1.04819
348 1.04819
349 1.04819
350 1.04819
351 1.04819
352 1.04819
353 1.04819
354 1.04819
355 1.04819
356 1.04819
357 1.04819
358 1.04819
359 1.04819
360 1.04819
361 1.04819
362 1.04819
363 1.04819
364 1.04819
365 1.04819
366 1.04819
367 1.04819
368 1.04819
369 1.04819
370 1.04819
371 1.04819
372 1.04819
373 1.04819
374 1.04819
375 1.04819
376 1.04819
377 1.04819
378 1.04819
379 1.04819
380 1.04819
381 1.04819
382 1.04819
383 1.04819
384 1.04819
385 1.04819
386 1.04819
387 1.04819
388 1.04819
389 1.04819
390 1.04819
391 1.04819
392 1.04819
393 1.04819
394 1.04819
395 1.04819
396 1.04819
397 1.04819
398 1.04819
399 1.04819
400 1.04819
401 1.04819
402 1.04819
403 1.04819
404 1.04819
405 1.04819
406 1.04819
407 1.04819
408 1.04819
409 1.04819
410 1.04819
411 1.04819
412 1.04819
413 1.04819
414 1.04819
415 1.04819
416 1.04819
417 1.04819
418 1.04819
419 1.04819
420 1.04819
421 1.04819
422 1.04819
423 1.04819
424 1.04819
425 1.04819
426 1.04819
427 1.04819
428 1.04819
429 1.04819
430 1.04819
431 1.04819
432 1.04819
433 1.04819
434 1.04819
435 1.04819
436 1.04819
437 1.04819
438 1.04819
439 1.04819
440 1.04819
441 1.04819
442 1.04819
443 1.04819
444 1.04819
445 1.04819
446 1.04819
447 1.04819
448 1.04819
449 1.04819
450 1.04819
451 1.04819
452 1.04819
453 1.04819
454 1.04819
455 1.04819
456 1.04819
457 1.04819
458 1.04819
459 1.04819
460 1.04819
461 1.04819
462 1.04819
463 1.04819
464 1.04819
465 1.04819
466 1.04819
467 1.04819
468 1.04819
469 1.04819
470 1.04819
471 1.04819
472 1.04819
473 1.04819
474 1.04819
475 1.04819
476 1.04819
477 1.04819
478 1.04819
479 1.04819
480 1.04819
481 1.04819
482 1.04819
483 1.04819
484 1.04819
485 1.04819
486 1.04819
487 1.04819
488 1.04819
489 1.04819
490 1.04819
491 1.04819
492 1.04819
493 1.04819
494 1.04819
495 1.04819
496 1.04585
497 1.04585
498 1.04585
499 1.04585
500 1.04585
501 1.04585
502 1.04585
503 1.04585
504 1.04585
505 1.04585
506 1.04585
507 1.04585
508 1.04585
509 1.04585
510 1.04585
511 1.04585
512 1.04585
513 1.04585
514 1.04585
515 1.04585
516 1.04585
517 1.04585
518 1.04585
519 1.04585
520 1.04585
521 1.04585
522 1.04585
523 1.04585
524 1.04585
525 1.04585
526 1.04585
527 1.04585
528 1.04585
529 1.04585
530 1.04585
531 1.04585
532 1.04585
533 1.04585
534 1.04585
535 1.04585
536 1.04585
537 1.04585
538 1.04585
539 1.04585
540 1.04585
541 1.04585
542 1.04585
543 1.04585
544 1.04585
545 1.04585
546 1.04585
547 1.04585
548 1.04585
549 1.04585
550 1.04585
551 1.04585
552 1.04585
553 1.04585
554 1.04585
555 1.04585
556 1.04585
557 1.04585
558 1.04585
559 1.04585
560 1.04585
561 1.04585
562 1.04585
563 1.04585
564 1.04585
565 1.04585
566 1.04585
567 1.04585
568 1.04585
569 1.04585
570 1.04585
571 1.04585
572 1.04585
573 1.04585
574 1.04585
575 1.04585
576 1.04585
577 1.04585
578 1.04585
579 1.04585
580 1.04585
581 1.04585
582 1.04585
583 1.04585
584 1.04585
585 1.04585
586 1.04585
587 1.04585
588 1.04585
589 1.04585
590 1.04585
591 1.04585
592 1.04585
593 1.04585
594 1.04585
595 1.04585
596 1.04585
597 1.04585
598 1.04585
599 1.04585
600 1.04585
601 1.04585
602 1.04585
603 1.04585
604 1.04585
605 1.04585
606 1.04585
607 1.04585
608 1.04585
609 1.04585
610 1.04585
611 1.04585
612 1.04585
613 1.04585
614 1.04585
615 1.04585
616 1.04585
617 1.04585
618 1.04585
619 1.04585
620 1.04585
621 1.04585
622 1.04585
623 1.04585
624 1.04585
625 1.04585
626 1.04585
627 1.04585
628 1.04585
629 1.04585
630 1.04585
631 1.04585
632 1.04585
633 1.04585
634 1.04585
635 1.04585
636 1.04585
637 1.04585
638 1.04585
639 1.04585
640 1.04585
641 1.04585
642 1.04585
643 1.04585
644 1.04585
645 1.04585
646 1.04585
647 1.04585
648 1.04585
649 1.04585
650 1.04585
651 1.04585
652 1.04585
653 1.04585
654 1.04585
655 1.04585
656 1.04585
657 1.04585
658 1.04585
659 1.04585
660 1.04585
661 1.04585
662 1.04585
663 1.04585
664 1.04585
665 1.04585
666 1.04585
667 1.04585
668 1.04585
669 1.04585
670 1.04585
671 1.04585
672 1.04585
673 1.04585
674 1.04585
675 1.04585
676 1.04585
677 1.04585
678 1.04585
679 1.04585
680 1.04585
681 1.04585
682 1.04585
683 1.04585
684 1.04585
685 1.04585
686 1.04585
687 1.04585
688 1.04585
689 1.04585
690 1.04585
691 1.04585
692 1.04585
693 1.04585
694 1.04585
695 1.04585
696 1.04585
697 1.04585
698 1.04585
699 1.04585
700 1.04585
701 1.04585
702 1.04585
703 1.04585
704 1.04585
705 1.04585
706 1.04585
707 1.04585
708 1.04585
709 1.04585
710 1.04585
711 1.04585
712 1.04585
713 1.04585
714 1.04585
715 1.04585
716 1.04585
717 1.04585
718 1.04585
719 1.04585
720 1.04585
721 1.04585
722 1.04585
723 1.04585
724 1.04585
725 1.04585
726 1.04585
727 1.04585
728 1.04585
729 1.04585
730 1.04585
731 1.04585
732 1.04585
733 1.04585
734 1.04585
735 1.04585
736 1.04585
737 1.04585
738 1.04585
739 1.04585
740 1.04585
741 1.04585
742 1.04585
743 1.04585
744 1.04585
745 1.04585
746 1.04585
747 1.04585
748 1.04585
749 1.04585
750 1.04585
751 1.04585
752 1.04585
753 1.04585
754 1.04585
755 1.04585
756 1.04585
757 1.04585
758 1.04585
759 1.04585
760 1.04585
761 1.04585
762 1.04585
763 1.04585
764 1.04585
765 1.04585
766 1.04585
767 1.04585
768 1.04585
769 1.04585
770 1.04585
771 1.04585
772 1.04585
773 1.04585
774 1.04585
775 1.04585
776 1.04585
777 1.04585
778 1.04585
779 1.04585
780 1.04585
781 1.04585
782 1.04585
783 1.04585
784 1.04585
785 1.04585
786 1.04585
787 1.04585
788 1.04585
789 1.04585
790 1.04585
791 1.04585
792 1.04585
793 1.04585
794 1.04585
795 1.04585
796 1.04585
797 1.04585
798 1.04585
799 1.04585
800 1.04585
801 1.04585
802 1.04585
803 1.04585
804 1.04585
805 1.04585
806 1.04585
807 1.04585
808 1.04585
809 1.04585
810 1.04585
811 1.04585
812 1.04585
813 1.04585
814 1.04585
815 1.04585
816 1.04585
817 1.04585
818 1.04585
819 1.04585
820 1.04585
821 1.04585
822 1.04585
823 1.04585
824 1.04585
825 1.04585
826 1.04585
827 1.04585
828 1.04585
829 1.04585
830 1.04585
831 1.04585
832 1.04585
833 1.04585
834 1.04585
835 1.04585
836 1.04585
837 1.04585
838 1.04585
839 1.04585
840 1.04585
841 1.04585
842 1.04585
843 1.04585
844 1.04585
845 1.04585
846 1.04585
847 1.04585
848 1.04585
849 1.04585
850 1.04585
851 1.04585
852 1.04585
853 1.04585
854 1.04585
855 1.04585
856 1.04585
857 1.04585
858 1.04585
859 1.04585
860 1.04585
861 1.04585
862 1.04585
863 1.04585
864 1.04585
865 1.04585
866 1.04585
867 1.04585
868 1.04585
869 1.04585
870 1.04585
871 1.04585
872 1.04585
873 1.04585
874 1.04585
875 1.04585
876 1.04585
877 1.04585
878 1.04585
879 1.04585
880 1.04585
881 1.04585
882 1.04585
883 1.04585
884 1.04585
885 1.04585
886 1.04585
887 1.04585
888 1.04585
889 1.04585
890 1.04585
891 1.04585
892 1.04585
893 1.04585
894 1.04585
895 1.04585
896 1.04585
897 1.04585
898 1.04585
899 1.04585
900 1.04585
901 1.04585
902 1.04585
903 1.04585
904 1.04585
905 1.04585
906 1.04585
907 1.04585
908 1.04585
909 1.04585
910 1.04585
911 1.04585
912 1.04585
913 1.04585
914 1.04585
915 1.04585
916 1.04585
917 1.04585
918 1.04585
919 1.04585
920 1.04585
921 1.04585
922 1.04585
923 1.04585
924 1.04585
925 1.04585
926 1.04585
927 1.04585
928 1.04585
929 1.04585
930 1.04585
931 1.04585
932 1.04585
933 1.04585
934 1.04585
935 1.04585
936 1.04585
937 1.04585
938 1.04585
939 1.04585
940 1.04585
941 1.04585
942 1.04585
943 1.04585
944 1.04585
945 1.04585
946 1.04585
947 1.04585
948 1.04585
949 1.04585
950 1.04585
951 1.04585
952 1.04585
953 1.04585
954 1.04585
955 1.04585
956 1.04585
957 1.04585
958 1.04585
959 1.04585
960 1.04585
961 1.04585
962 1.04585
963 1.04585
964 1.04585
965 1.04585
966 1.04585
967 1.04585
968 1.04585
969 1.04585
970 1.04585
971 1.04585
972 1.04585
973 1.04585
974 1.04585
975 1.04585
976 1.04585
977 1.04585
978 1.04585
979 1.04585
980 1.04585
981 1.04585
982 1.04585
983 1.04585
984 1.04585
985 1.04585
986 1.04585
987 1.04585
988 1.04585
989 1.04585
990 1.04585
991 1.04585
992 1.04585
993 1.04585
994 1.04585
995 1.04585
996 1.04585
997 1.04585
998 1.04585
999 1.04585
1000 1.04585
1001 1.04585
1002 1.04585
1003 1.04585
1004 1.04585
1005 1.04585
1006 1.04585
1007 1.04585
1008 1.04585
1009 1.04585
1010 1.04585
1011 1.04585
1012 1.04585
1013 1.04585
1014 1.04585
1015 1.04585
1016 1.04585
1017 1.04585
1018 1.04585
1019 1.04585
1020 1.04585
1021 1.04585
1022 1.04585
1023 1.04585
1024 1.04585
1025 1.04585
1026 1.04585
1027 1.04585
1028 1.04585
1029 1.04585
1030 1.04585
1031 1.04585
1032 1.04585
1033 1.04585
1034 1.04585
1035 1.04585
1036 1.04585
1037 1.04585
1038 1.04585
1039 1.04585
1040 1.04585
1041 1.04585
1042 1.04585
1043 1.04585
1044 1.04585
1045 1.04585
1046 1.04585
1047 1.04585
1048 1.04585
1049 1.04585
1050 1.04585
1051 1.04585
1052 1.04585
1053 1.04585
1054 1.04585
1055 1.04585
1056 1.04585
1057 1.04585
1058 1.04585
1059 1.04585
1060 1.04585
1061 1.04585
1062 1.04585
1063 1.04585
1064 1.04585
1065 1.04585
1066 1.04585
1067 1.04585
1068 1.04585
1069 1.04585
1070 1.04585
1071 1.04585
1072 1.04585
1073 1.04585
1074 1.04585
1075 1.04585
1076 1.04585
1077 1.04585
1078 1.04585
1079 1.04585
1080 1.04585
1081 1.04585
1082 1.04585
1083 1.04585
1084 1.04585
1085 1.04585
1086 1.04585
1087 1.04585
1088 1.04585
1089 1.04585
1090 1.04585
1091 1.04585
1092 1.04585
1093 1.04585
1094 1.04585
1095 1.04585
1096 1.04585
1097 1.04585
1098 1.04585
1099 1.04585
1100 1.04585
1101 1.04585
1102 1.04585
1103 1.04585
1104 1.04585
1105 1.04585
1106 1.04585
1107 1.04585
1108 1.04585
1109 1.04585
1110 1.04585
1111 1.04585
1112 1.04585
1113 1.04585
1114 1.04585
1115 1.04585
1116 1.04585
1117 1.04585
1118 1.04585
1119 1.04585
1120 1.04585
1121 1.04585
1122 1.04585
1123 1.04585
1124 1.04585
1125 1.04585
1126 1.04585
1127 1.04585
1128 1.04585
1129 1.04585
1130 1.04585
1131 1.04585
1132 1.04585
1133 1.04585
1134 1.04585
1135 1.04585
1136 1.04585
1137 1.04585
1138 1.04585
1139 1.04585
1140 1.04585
1141 1.04585
1142 1.04585
1143 1.04585
1144 1.04585
1145 1.04585
1146 1.04585
1147 1.04585
1148 1.04585
1149 1.04585
1150 1.04585
1151 1.04585
1152 1.04585
1153 1.04585
1154 1.04585
1155 1.04585
1156 1.04585
1157 1.04585
1158 1.04585
1159 1.04585
1160 1.04585
1161 1.04585
1162 1.04585
1163 1.04585
1164 1.04585
1165 1.04585
1166 1.04585
1167 1.04585
1168 1.04585
1169 1.04585
1170 1.04585
1171 1.04585
1172 1.04585
1173 1.04585
1174 1.04585
1175 1.04585
1176 1.04585
1177 1.04585
1178 1.04585
1179 1.04585
1180 1.04585
1181 1.04585
1182 1.04585
1183 1.04585
1184 1.04585
1185 1.04585
1186 1.04585
1187 1.04585
1188 1.04585
1189 1.04585
1190 1.04585
1191 1.04585
1192 1.04585
1193 1.04585
1194 1.04585
1195 1.04585
1196 1.04585
1197 1.04585
1198 1.04585
1199 1.04585
1200 1.04585
1201 1.04585
1202 1.04585
1203 1.04585
1204 1.04585
1205 1.04585
1206 1.04585
1207 1.04585
1208 1.04585
1209 1.04585
1210 1.04585
1211 1.04585
1212 1.04585
1213 1.04585
1214 1.04585
1215 1.04585
1216 1.04585
1217 1.04585
1218 1.04585
1219 1.04585
1220 1.04585
1221 1.04585
1222 1.04585
1223 1.04585
1224 1.04585
1225 1.04585
1226 1.04585
1227 1.04585
1228 1.04585
1229 1.04585
1230 1.04585
1231 1.04585
1232 1.04585
1233 1.04585
1234 1.04585
1235 1.04585
1236 1.04585
1237 1.04585
1238 1.04585
1239 1.04585
1240 1.04585
1241 1.04585
1242 1.04585
1243 1.04585
1244 1.04585
1245 1.04585
1246 1.04585
1247 1.04585
1248 1.04585
1249 1.04585
1250 1.04585
1251 1.04585
1252 1.04585
1253 1.04585
1254 1.04585
1255 1.04585
1256 1.04585
1257 1.04585
1258 1.04585
1259 1.04585
1260 1.04585
1261 1.04585
1262 1.04585
1263 1.04585
1264 1.04585
1265 1.04585
1266 1.04585
1267 1.04585
1268 1.04585
1269 1.04585
1270 1.04585
1271 1.04585
1272 1.04585
1273 1.04585
1274 1.04585
1275 1.04585
1276 1.04585
1277 1.04585
1278 1.04585
1279 1.04585
1280 1.04585
1281 1.04585
1282 1.04585
1283 1.04585
1284 1.04585
1285 1.04585
1286 1.04585
1287 1.04585
1288 1.04585
1289 1.04585
1290 1.04585
1291 1.04585
1292 1.04585
1293 1.04585
1294 1.04585
1295 1.04585
1296 1.04585
1297 1.04585
1298 1.04585
1299 1.04585
1300 1.04585
1301 1.04585
1302 1.04585
1303 1.04585
1304 1.04585
1305 1.04585
1306 1.04585
1307 1.04585
1308 1.04585
1309 1.04585
1310 1.04585
1311 1.04585
1312 1.04585
1313 1.04585
1314 1.04585
1315 1.04585
1316 1.04585
1317 1.04585
1318 1.04585
1319 1.04585
1320 1.04585
1321 1.04585
1322 1.04585
1323 1.04585
1324 1.04585
1325 1.04585
1326 1.04585
1327 1.04585
1328 1.04585
1329 1.04585
1330 1.04585
1331 1.04585
1332 1.04585
1333 1.04585
1334 1.04585
1335 1.04585
1336 1.04585
1337 1.04585
1338 1.04585
1339 1.04585
1340 1.04585
1341 1.04585
1342 1.04585
1343 1.04585
1344 1.04585
1345 1.04585
1346 1.04585
1347 1.04585
1348 1.04585
1349 1.04585
1350 1.04585
1351 1.04585
1352 1.04585
1353 1.04585
1354 1.04585
1355 1.04585
1356 1.04585
1357 1.04585
1358 1.04585
1359 1.04585
1360 1.04585
1361 1.04585
1362 1.04585
1363 1.04585
1364 1.04585
1365 1.04585
1366 1.04585
1367 1.04585
1368 1.04585
1369 1.04585
1370 1.04585
1371 1.04585
1372 1.04585
1373 1.04585
1374 1.04585
1375 1.04585
1376 1.04585
1377 1.04585
1378 1.04585
1379 1.04585
1380 1.04585
1381 1.04585
1382 1.04585
1383 1.04585
1384 1.04585
1385 1.04585
1386 1.04585
1387 1.04585
1388 1.04585
1389 1.04585
1390 1.04585
1391 1.04585
1392 1.04585
1393 1.04585
1394 1.04585
1395 1.04585
1396 1.04585
1397 1.04585
1398 1.04585
1399 1.04585
1400 1.04585
1401 1.04585
1402 1.04585
1403 1.04585
1404 1.04585
1405 1.04585
1406 1.04585
1407 1.04585
1408 1.04585
1409 1.04585
1410 1.04585
1411 1.04585
1412 1.04585
1413 1.04585
1414 1.04585
1415 1.04585
1416 1.04585
1417 1.04585
1418 1.04585
1419 1.04585
1420 1.04585
1421 1.04585
1422 1.04585
1423 1.04585
1424 1.04585
1425 1.04585
1426 1.04585
1427 1.04585
1428 1.04585
1429 1.04585
1430 1.04585
1431 1.04585
1432 1.04585
1433 1.04585
1434 1.04585
1435 1.04585
1436 1.04585
1437 1.04585
1438 1.04585
1439 1.04585
1440 1.04585
1441 1.04585
1442 1.04585
1443 1.04585
1444 1.04585
1445 1.04585
1446 1.04585
1447 1.04585
1448 1.04585
1449 1.04585
1450 1.04585
1451 1.04585
1452 1.04585
1453 1.04585
1454 1.04585
1455 1.04585
1456 1.04585
1457 1.04585
1458 1.04585
1459 1.04585
1460 1.04585
1461 1.04585
1462 1.04585
1463 1.04585
1464 1.04585
1465 1.04585
1466 1.04585
1467 1.04585
1468 1.04585
1469 1.04585
1470 1.04585
1471 1.04585
1472 1.04585
1473 1.04585
1474 1.04585
1475 1.04585
1476 1.04585
1477 1.04585
1478 1.04585
1479 1.04585
1480 1.04585
1481 1.04585
1482 1.04585
1483 1.04585
1484 1.04585
1485 1.04585
1486 1.04585
1487 1.04585
1488 1.04585
1489 1.04585
1490 1.04585
1491 1.04585
1492 1.04585
1493 1.04585
1494 1.04585
1495 1.04585
1496 1.04585
1497 1.04585
1498 1.04585
1499 1.04585
