0 5.02077
1 4.34666
2 3.73959
3 3.33332
4 3.05032
5 2.83316
6 2.54625
7 2.26221
8 2.03087
9 1.76895
10 1.4907
11 1.38266
12 1.34962
13 1.31487
14 1.24389
15 1.20957
16 1.19573
17 1.13932
18 1.13325
19 1.12773
20 1.12245
21 1.12245
22 1.12199
23 1.12199
24 1.09128
25 1.09128
26 1.09049
27 1.09049
28 1.09049
29 1.09049
30 1.09049
31 1.09049
32 1.09049
33 1.09049
34 1.09049
35 1.09049
36 1.09049
37 1.09049
38 1.09049
39 1.09049
40 1.09049
41 1.09049
42 1.09049
43 1.09049
44 1.09049
45 1.09049
46 1.09049
47 1.09049
48 1.09049
49 1.09049
50 1.09049
51 1.09049
52 1.09049
53 1.09049
54 1.09049
55 1.09049
56 1.09049
57 1.09049
58 1.09049
59 1.09049
60 1.09049
61 1.09049
62 1.09049
63 1.09049
64 1.09049
65 1.09049
66 1.09049
67 1.09049
68 1.09049
69 1.09049
70 1.09049
71 1.09049
72 1.09049
73 1.09049
74 1.09049
75 1.09049
76 1.09049
77 1.09049
78 1.09049
79 1.09049
80 1.09049
81 1.09049
82 1.09049
83 1.09049
84 1.09049
85 1.09049
86 1.09049
87 1.09049
88 1.09049
89 1.09049
90 1.09049
91 1.09049
92 1.09049
93 1.09049
94 1.09049
95 1.09049
96 1.09049
97 1.09049
98 1.09049
99 1.09049
100 1.09049
101 1.09049
102 1.09049
103 1.09049
104 1.09049
105 1.09049
106 1.09049
107 1.08258
108 1.07468
109 1.05716
110 1.05716
111 1.05716
112 1.05716
113 1.05716
114 1.05716
115 1.05046
116 1.05046
117 1.05046
118 1.05046
119 1.05046
120 1.05046
121 1.05046
122 1.05046
123 1.05046
124 1.05046
125 1.05046
126 1.05046
127 1.05046
128 1.05046
129 1.05046
130 1.05046
131 1.05046
132 1.05046
133 1.05046
134 1.05046
135 1.05046
136 1.05046
137 1.05046
138 1.05046
139 1.05046
140 1.05046
141 1.05046
142 1.05046
143 1.05046
144 1.05046
145 1.05046
146 1.05046
147 1.05046
148 1.05046
149 1.05046
150 1.05046
151 1.05046
152 1.02961
153 1.02961
154 1.02961
155 1.02961
156 1.02961
157 1.02961
158 1.02961
159 1.02961
160 1.02961
161 1.02961
162 1.02961
163 1.02961
164 1.02961
165 1.02961
166 1.02961
167 1.02961
168 1.02961
169 1.02961
170 1.02961
171 1.02961
172 1.02961
173 1.02961
174 1.02961
175 1.02961
176 1.02961
177 1.02961
178 1.02961
179 1.02961
180 1.02961
181 1.02961
182 1.02961
183 1.02961
184 1.02961
185 1.02961
186 1.02961
187 1.02961
188 1.02961
189 1.02961
190 1.02961
191 1.02961
192 1.02961
193 1.02961
194 1.02961
195 1.02961
196 1.02961
197 1.02961
198 1.02961
199 1.02961
200 1.02961
201 1.02961
202 1.02961
203 1.02961
204 1.02961
205 1.02961
206 1.02961
207 1.02961
208 1.02961
209 1.02961
210 1.02961
211 1.02961
212 1.02961
213 1.02961
214 1.02961
215 1.02961
216 1.02961
217 1.02961
218 1.02961
219 1.02961
220 1.02961
221 1.02961
222 1.02961
223 1.02961
224 1.02961
225 1.02961
226 1.02961
227 1.02961
228 1.02961
229 1.02961
230 1.02961
231 1.02961
232 1.02961
233 1.02961
234 1.02961
235 1.02961
236 1.02961
237 1.02961
238 1.02961
239 1.02961
240 1.02961
241 1.02961
242 1.02961
243 1.02961
244 1.02961
245 1.02961
246 1.02961
247 1.02961
248 1.02961
249 1.02961
250 1.02961
251 1.02961
252 1.02961
253 1.02961
254 1.02961
255 1.02961
256 1.02961
257 1.02961
258 1.02961
259 1.02961
260 1.02961
261 1.02961
262 1.02961
263 1.02961
264 1.02961
265 1.02961
266 1.02961
267 1.02961
268 1.02961
269 1.02961
270 1.02961
271 1.02961
272 1.02961
273 1.02961
274 1.02961
275 1.02961
276 1.02961
277 1.02961
278 1.02961
279 1.02961
280 1.02961
281 1.02961
282 1.02961
283 1.02961
284 1.02961
285 1.02961
286 1.02961
287 1.02961
288 1.02961
289 1.02961
290 1.02961
291 1.02961
292 1.02961
293 1.02961
294 1.02961
295 1.02961
296 1.02961
297 1.02961
298 1.02961
299 1.02961
300 1.02961
301 1.02961
302 1.02961
303 1.02961
304 1.02961
305 1.02961
306 1.02961
307 1.02961
308 1.02961
309 1.02961
310 1.02961
311 1.02961
312 1.02961
313 1.02961
314 1.02961
315 1.02961
316 1.02961
317 1.02961
318 1.02961
319 1.02961
320 1.02961
321 1.02961
322 1.02961
323 1.02961
324 1.02961
325 1.02961
326 1.02961
327 1.02961
328 1.02961
329 1.02961
330 1.02961
331 1.02961
332 1.02961
333 1.02961
334 1.02961
335 1.02961
336 1.02961
337 1.02961
338 1.02961
339 1.02961
340 1.02961
341 1.02961
342 1.02961
343 1.02961
344 1.02961
345 1.02961
346 1.02961
347 1.02961
348 1.02961
349 1.02961
350 1.02961
351 1.02961
352 1.02961
353 1.02961
354 1.02961
355 1.02961
356 1.02961
357 1.02961
358 1.02961
359 1.02961
360 1.02961
361 1.02961
362 1.02961
363 1.02961
364 1.02961
365 1.02961
366 1.02961
367 1.02961
368 1.02961
369 1.02961
370 1.02961
371 1.02961
372 1.02961
373 1.02961
374 1.02961
375 1.02961
376 1.02961
377 1.02961
378 1.02961
379 1.02961
380 1.02961
381 1.02961
382 1.02961
383 1.02961
384 1.02961
385 1.02961
386 1.02961
387 1.02961
388 1.02961
389 1.02961
390 1.02961
391 1.02961
392 1.02961
393 1.02961
394 1.02961
395 1.02961
396 1.02961
397 1.02961
398 1.02961
399 1.02961
400 1.02961
401 1.02961
402 1.02961
403 1.02961
404 1.02961
405 1.02961
406 1.02961
407 1.02961
408 1.02961
409 1.02961
410 1.02961
411 1.02961
412 1.02961
413 1.02961
414 1.02961
415 1.02961
416 1.02961
417 1.02961
418 1.02961
419 1.02961
420 1.02961
421 1.02961
422 1.02961
423 1.02961
424 1.02961
425 1.02961
426 1.02961
427 1.02961
428 1.02961
429 1.02961
430 1.02961
431 1.02961
432 1.02961
433 1.02961
434 1.02961
435 1.02961
436 1.02961
437 1.02961
438 1.02961
439 1.02961
440 1.02961
441 1.02961
442 1.02961
443 1.02961
444 1.02961
445 1.02961
446 1.02961
447 1.02961
448 1.02961
449 1.02961
450 1.02961
451 1.02961
452 1.02961
453 1.02961
454 1.02961
455 1.02961
456 1.02961
457 1.02961
458 1.02961
459 1.02961
460 1.02961
461 1.02961
462 1.02961
463 1.02961
464 1.02961
465 1.02961
466 1.02961
467 1.02961
468 1.02961
469 1.02961
470 1.02961
471 1.02961
472 1.02961
473 1.02961
474 1.02961
475 1.02961
476 1.02961
477 1.02961
478 1.02961
479 1.02961
480 1.02961
481 1.02961
482 1.02961
483 1.02961
484 1.02961
485 1.02961
486 1.02961
487 1.02961
488 1.02961
489 1.02961
490 1.02961
491 1.02961
492 1.02961
493 1.02961
494 1.02961
495 1.02961
496 1.02961
497 1.02961
498 1.02961
499 1.02961
500 1.02961
501 1.02961
502 1.02961
503 1.02961
504 1.02961
505 1.02961
506 1.02961
507 1.02961
508 1.02961
509 1.02961
510 1.02961
511 1.02961
512 1.02961
513 1.02961
514 1.02961
515 1.02961
516 1.02961
517 1.02961
518 1.02961
519 1.02961
520 1.02961
521 1.02961
522 1.02961
523 1.02961
524 1.02961
525 1.02961
526 1.02961
527 1.02961
528 1.02961
529 1.02961
530 1.02961
531 1.02961
532 1.02961
533 1.02961
534 1.02961
535 1.02961
536 1.02961
537 1.02961
538 1.02961
539 1.02961
540 1.02961
541 1.02961
542 1.02961
543 1.02961
544 1.02961
545 1.02961
546 1.02961
547 1.02961
548 1.02961
549 1.02961
550 1.02961
551 1.02961
552 1.02961
553 1.02961
554 1.02961
555 1.02961
556 1.02961
557 1.02961
558 1.02961
559 1.02961
560 1.02961
561 1.02961
562 1.02961
563 1.02961
564 1.02961
565 1.02961
566 1.02961
567 1.02961
568 1.02961
569 1.02961
570 1.02961
571 1.02961
572 1.02961
573 1.02961
574 1.02961
575 1.02961
576 1.02961
577 1.02961
578 1.02961
579 1.02961
580 1.02961
581 1.02961
582 1.02961
583 1.02961
584 1.02961
585 1.02961
586 1.02961
587 1.02961
588 1.02961
589 1.02961
590 1.02961
591 1.02961
592 1.02961
593 1.02961
594 1.02961
595 1.02961
596 1.02961
597 1.02961
598 1.02961
599 1.02961
600 1.02961
601 1.02961
602 1.02961
603 1.02961
604 1.02961
605 1.02961
606 1.02961
607 1.02961
608 1.02961
609 1.02961
610 1.02961
611 1.02961
612 1.02961
613 1.02961
614 1.02961
615 1.02961
616 1.02961
617 1.02961
618 1.02961
619 1.02961
620 1.02961
621 1.02961
622 1.02961
623 1.02961
624 1.02961
625 1.02961
626 1.02961
627 1.02961
628 1.02961
629 1.02961
630 1.02961
631 1.02961
632 1.02961
633 1.02961
634 1.02961
635 1.02961
636 1.02961
637 1.02961
638 1.02961
639 1.02961
640 1.02961
641 1.02961
642 1.02961
643 1.02961
644 1.02961
645 1.02961
646 1.02961
647 1.02961
648 1.02961
649 1.02961
650 1.02961
651 1.02961
652 1.02961
653 1.02961
654 1.02961
655 1.02961
656 1.02961
657 1.02961
658 1.02961
659 1.02961
660 1.02961
661 1.02961
662 1.02961
663 1.02961
664 1.02961
665 1.02961
666 1.02961
667 1.02961
668 1.02961
669 1.02961
670 1.02961
671 1.02961
672 1.02961
673 1.02961
674 1.02961
675 1.02961
676 1.02961
677 1.02961
678 1.02961
679 1.02961
680 1.02961
681 1.02961
682 1.02961
683 1.02961
684 1.02961
685 1.02961
686 1.02961
687 1.02961
688 1.02961
689 1.02961
690 1.02961
691 1.02961
692 1.02961
693 1.02961
694 1.02961
695 1.02961
696 1.02961
697 1.02961
698 1.02961
699 1.02961
700 1.02961
701 1.02961
702 1.02961
703 1.02961
704 1.02961
705 1.02961
706 1.02961
707 1.02961
708 1.02961
709 1.02961
710 1.02961
711 1.02961
712 1.02961
713 1.02961
714 1.02961
715 1.02961
716 1.02961
717 1.02961
718 1.02961
719 1.02961
720 1.02961
721 1.02961
722 1.02961
723 1.02961
724 1.02961
725 1.02961
726 1.02961
727 1.02961
728 1.02961
729 1.02961
730 1.02961
731 1.02961
732 1.02961
733 1.02961
734 1.02961
735 1.02961
736 1.02961
737 1.02961
738 1.02961
739 1.02961
740 1.02961
741 1.02961
742 1.02961
743 1.02961
744 1.02961
745 1.02961
746 1.02961
747 1.02961
748 1.02961
749 1.02961
750 1.02961
751 1.02961
752 1.02961
753 1.02961
754 1.02961
755 1.02961
756 1.02961
757 1.02961
758 1.02961
759 1.02961
760 1.02961
761 1.02961
762 1.02961
763 1.02961
764 1.02961
765 1.02961
766 1.02961
767 1.02961
768 1.02961
769 1.02961
770 1.02961
771 1.02961
772 1.02961
773 1.02961
774 1.02961
775 1.02961
776 1.02961
777 1.02961
778 1.02961
779 1.02961
780 1.02961
781 1.02961
782 1.02961
783 1.02961
784 1.02961
785 1.02961
786 1.02961
787 1.02961
788 1.02961
789 1.02961
790 1.02961
791 1.02961
792 1.02961
793 1.02961
794 1.02961
795 1.02961
796 1.02961
797 1.02961
798 1.02961
799 1.02961
800 1.02961
801 1.02961
802 1.02961
803 1.02961
804 1.02961
805 1.02961
806 1.02961
807 1.02961
808 1.02961
809 1.02961
810 1.02961
811 1.02961
812 1.02961
813 1.02961
814 1.02961
815 1.02961
816 1.02961
817 1.02961
818 1.02961
819 1.02961
820 1.02961
821 1.02961
822 1.02961
823 1.02961
824 1.02961
825 1.02961
826 1.02961
827 1.02961
828 1.02961
829 1.02961
830 1.02961
831 1.02961
832 1.02961
833 1.02961
834 1.02961
835 1.02961
836 1.02961
837 1.02961
838 1.02961
839 1.02961
840 1.02961
841 1.02961
842 1.02961
843 1.02961
844 1.02961
845 1.02961
846 1.02961
847 1.02961
848 1.02961
849 1.02961
850 1.02961
851 1.02961
852 1.02961
853 1.02961
854 1.02961
855 1.02961
856 1.02961
857 1.02961
858 1.02961
859 1.02961
860 1.02961
861 1.02961
862 1.02961
863 1.02961
864 1.02961
865 1.02961
866 1.02961
867 1.02961
868 1.02961
869 1.02961
870 1.02961
871 1.02961
872 1.02961
873 1.02961
874 1.02961
875 1.02961
876 1.02961
877 1.02961
878 1.02961
879 1.02961
880 1.02961
881 1.02961
882 1.02961
883 1.02961
884 1.02961
885 1.02961
886 1.02961
887 1.02961
888 1.02961
889 1.02961
890 1.02961
891 1.02961
892 1.02961
893 1.02961
894 1.02961
895 1.02961
896 1.02961
897 1.02961
898 1.02961
899 1.02961
900 1.02961
901 1.02961
902 1.02961
903 1.02961
904 1.02961
905 1.02961
906 1.02961
907 1.02961
908 1.02961
909 1.02961
910 1.02961
911 1.02961
912 1.02961
913 1.02961
914 1.02961
915 1.02961
916 1.02961
917 1.02961
918 1.02961
919 1.02961
920 1.02961
921 1.02961
922 1.02961
923 1.02961
924 1.02961
925 1.02961
926 1.02961
927 1.02961
928 1.02961
929 1.02961
930 1.02961
931 1.02961
932 1.02961
933 1.02961
934 1.02961
935 1.02961
936 1.02961
937 1.02961
938 1.02961
939 1.02961
940 1.02961
941 1.02961
942 1.02961
943 1.02961
944 1.02961
945 1.02961
946 1.02961
947 1.02961
948 1.02961
949 1.02961
950 1.02961
951 1.02961
952 1.02961
953 1.02961
954 1.02961
955 1.02961
956 1.02961
957 1.02961
958 1.02961
959 1.02961
960 1.02961
961 1.02961
962 1.02961
963 1.02961
964 1.02961
965 1.02961
966 1.02961
967 1.02961
968 1.02961
969 1.02961
970 1.02961
971 1.02961
972 1.02961
973 1.02961
974 1.02961
975 1.02961
976 1.02961
977 1.02961
978 1.02961
979 1.02961
980 1.02961
981 1.02961
982 1.02961
983 1.02961
984 1.02961
985 1.02961
986 1.02961
987 1.02961
988 1.02961
989 1.02961
990 1.02961
991 1.02961
992 1.02961
993 1.02961
994 1.02961
995 1.02961
996 1.02961
997 1.02961
998 1.02961
999 1.02961
1000 1.02961
1001 1.02961
1002 1.02961
1003 1.02961
1004 1.02961
1005 1.02961
1006 1.02961
1007 1.02961
1008 1.02961
1009 1.02961
1010 1.02961
1011 1.02961
1012 1.02961
1013 1.02961
1014 1.02961
1015 1.02961
1016 1.02961
1017 1.02961
1018 1.02961
1019 1.02961
1020 1.02961
1021 1.02961
1022 1.02961
1023 1.02961
1024 1.02961
1025 1.02961
1026 1.02961
1027 1.02961
1028 1.02961
1029 1.02961
1030 1.02961
1031 1.02961
1032 1.02961
1033 1.02961
1034 1.02961
1035 1.02961
1036 1.02961
1037 1.02961
1038 1.02961
1039 1.02961
1040 1.02961
1041 1.02961
1042 1.02961
1043 1.02961
1044 1.02961
1045 1.02961
1046 1.02961
1047 1.02961
1048 1.02961
1049 1.02961
1050 1.02961
1051 1.02961
1052 1.02961
1053 1.02961
1054 1.02961
1055 1.02961
1056 1.02961
1057 1.02961
1058 1.02961
1059 1.02961
1060 1.02961
1061 1.02961
1062 1.02961
1063 1.02961
1064 1.02961
1065 1.02961
1066 1.02961
1067 1.02961
1068 1.02961
1069 1.02961
1070 1.02961
1071 1.02961
1072 1.02961
1073 1.02961
1074 1.02961
1075 1.02961
1076 1.02961
1077 1.02961
1078 1.02961
1079 1.02961
1080 1.02961
1081 1.02961
1082 1.02961
1083 1.02961
1084 1.02961
1085 1.02961
1086 1.02961
1087 1.02961
1088 1.02961
1089 1.02961
1090 1.02961
1091 1.02961
1092 1.02961
1093 1.02961
1094 1.02961
1095 1.02961
1096 1.02961
1097 1.02961
1098 1.02961
1099 1.02961
1100 1.02961
1101 1.02961
1102 1.02961
1103 1.02961
1104 1.02961
1105 1.02961
1106 1.02961
1107 1.02961
1108 1.02961
1109 1.02961
1110 1.02961
1111 1.02961
1112 1.02961
1113 1.02961
1114 1.02961
1115 1.02961
1116 1.02961
1117 1.02961
1118 1.02961
1119 1.02961
1120 1.02961
1121 1.02961
1122 1.02961
1123 1.02961
1124 1.02961
1125 1.02961
1126 1.02961
1127 1.02961
1128 1.02961
1129 1.02961
1130 1.02961
1131 1.02961
1132 1.02961
1133 1.02961
1134 1.02961
1135 1.02961
1136 1.02961
1137 1.02961
1138 1.02961
1139 1.02961
1140 1.02961
1141 1.02961
1142 1.02961
1143 1.02961
1144 1.02961
1145 1.02961
1146 1.02961
1147 1.02961
1148 1.02961
1149 1.02961
1150 1.02961
1151 1.02961
1152 1.02961
1153 1.02961
1154 1.02961
1155 1.02961
1156 1.02961
1157 1.02961
1158 1.02961
1159 1.02961
1160 1.02961
1161 1.02961
1162 1.02961
1163 1.02961
1164 1.02961
1165 1.02961
1166 1.02961
1167 1.02961
1168 1.02961
1169 1.02961
1170 1.02961
1171 1.02961
1172 1.02961
1173 1.02961
1174 1.02961
1175 1.02961
1176 1.02961
1177 1.02961
1178 1.02961
1179 1.02961
1180 1.02961
1181 1.02961
1182 1.02961
1183 1.02961
1184 1.02961
1185 1.02961
1186 1.02961
1187 1.02961
1188 1.02961
1189 1.02961
1190 1.02961
1191 1.02961
1192 1.02961
1193 1.02961
1194 1.02961
1195 1.02961
1196 1.02961
1197 1.02961
1198 1.02961
1199 1.02961
1200 1.02961
1201 1.02961
1202 1.02961
1203 1.02961
1204 1.02961
1205 1.02961
1206 1.02961
1207 1.02961
1208 1.02961
1209 1.02961
1210 1.02961
1211 1.02961
1212 1.02961
1213 1.02961
1214 1.02961
1215 1.02961
1216 1.02961
1217 1.02961
1218 1.02961
1219 1.02961
1220 1.02961
1221 1.02961
1222 1.02961
1223 1.02961
1224 1.02961
1225 1.02961
1226 1.02961
1227 1.02961
1228 1.02961
1229 1.02961
1230 1.02961
1231 1.02961
1232 1.02961
1233 1.02961
1234 1.02961
1235 1.02961
1236 1.02961
1237 1.02961
1238 1.02961
1239 1.02961
1240 1.02961
1241 1.02961
1242 1.02961
1243 1.02961
1244 1.02961
1245 1.02961
1246 1.02961
1247 1.02961
1248 1.02961
1249 1.02961
1250 1.02961
1251 1.02961
1252 1.02961
1253 1.02961
1254 1.02961
1255 1.02961
1256 1.02961
1257 1.02961
1258 1.02961
1259 1.02961
1260 1.02961
1261 1.02961
1262 1.02961
1263 1.02961
1264 1.02961
1265 1.02961
1266 1.02961
1267 1.02961
1268 1.02961
1269 1.02961
1270 1.02961
1271 1.02961
1272 1.02961
1273 1.02961
1274 1.02961
1275 1.02961
1276 1.02961
1277 1.02961
1278 1.02961
1279 1.02961
1280 1.02961
1281 1.02961
1282 1.02961
1283 1.02961
1284 1.02961
1285 1.02961
1286 1.02961
1287 1.02961
1288 1.02961
1289 1.02961
1290 1.02961
1291 1.02961
1292 1.02961
1293 1.02961
1294 1.02961
1295 1.02961
1296 1.02961
1297 1.02961
1298 1.02961
1299 1.02961
1300 1.02961
1301 1.02961
1302 1.02961
1303 1.02961
1304 1.02961
1305 1.02961
1306 1.02961
1307 1.02961
1308 1.02961
1309 1.02961
1310 1.02961
1311 1.02961
1312 1.02961
1313 1.02961
1314 1.02961
1315 1.02961
1316 1.02961
1317 1.02961
1318 1.02961
1319 1.02961
1320 1.02961
1321 1.02961
1322 1.02961
1323 1.02961
1324 1.02961
1325 1.02961
1326 1.02961
1327 1.02961
1328 1.02961
1329 1.02961
1330 1.02961
1331 1.02961
1332 1.02961
1333 1.02961
1334 1.02961
1335 1.02961
1336 1.02961
1337 1.02961
1338 1.02961
1339 1.02961
1340 1.02961
1341 1.02961
1342 1.02961
1343 1.02961
1344 1.02961
1345 1.02961
1346 1.02961
1347 1.02961
1348 1.02961
1349 1.02961
1350 1.02961
1351 1.02961
1352 1.02961
1353 1.02961
1354 1.02961
1355 1.02961
1356 1.02961
1357 1.02961
1358 1.02961
1359 1.02961
1360 1.02961
1361 1.02961
1362 1.02961
1363 1.02961
1364 1.02961
1365 1.02961
1366 1.02961
1367 1.02961
1368 1.02961
1369 1.02961
1370 1.02961
1371 1.02961
1372 1.02961
1373 1.02961
1374 1.02961
1375 1.02961
1376 1.02961
1377 1.02961
1378 1.02961
1379 1.02961
1380 1.02961
1381 1.02961
1382 1.02961
1383 1.02961
1384 1.02961
1385 1.02961
1386 1.02961
1387 1.02961
1388 1.02961
1389 1.02961
1390 1.02961
1391 1.02961
1392 1.02961
1393 1.02961
1394 1.02961
1395 1.02961
1396 1.02961
1397 1.02961
1398 1.02961
1399 1.02961
1400 1.02961
1401 1.02961
1402 1.02961
1403 1.02961
1404 1.02961
1405 1.02961
1406 1.02961
1407 1.02961
1408 1.02961
1409 1.02961
1410 1.02961
1411 1.02961
1412 1.02961
1413 1.02961
1414 1.02961
1415 1.02961
1416 1.02961
1417 1.02961
1418 1.02961
1419 1.02961
1420 1.02961
1421 1.02961
1422 1.02961
1423 1.02961
1424 1.02961
1425 1.02961
1426 1.02961
1427 1.02961
1428 1.02961
1429 1.02961
1430 1.02961
1431 1.02961
1432 1.02961
1433 1.02961
1434 1.02961
1435 1.02961
1436 1.02961
1437 1.02961
1438 1.02961
1439 1.02961
1440 1.02961
1441 1.02961
1442 1.02961
1443 1.02961
1444 1.02961
1445 1.02961
1446 1.02961
1447 1.02961
1448 1.02961
1449 1.02961
1450 1.02961
1451 1.02961
1452 1.02961
1453 1.02961
1454 1.02961
1455 1.02961
1456 1.02961
1457 1.02961
1458 1.02961
1459 1.02961
1460 1.02961
1461 1.02961
1462 1.02961
1463 1.02961
1464 1.02961
1465 1.02961
1466 1.02961
1467 1.02961
1468 1.02961
1469 1.02961
1470 1.02961
1471 1.02961
1472 1.02961
1473 1.02961
1474 1.02961
1475 1.02961
1476 1.02961
1477 1.02961
1478 1.02961
1479 1.02961
1480 1.02961
1481 1.02961
1482 1.02961
1483 1.02961
1484 1.02961
1485 1.02961
1486 1.02961
1487 1.02961
1488 1.02961
1489 1.02961
1490 1.02961
1491 1.02961
1492 1.02961
1493 1.02961
1494 1.02961
1495 1.02961
1496 1.02961
1497 1.02961
1498 1.02961
1499 1.02961
