0 5.02077
1 4.32256
2 4.0683
3 3.60318
4 3.2916
5 3.03293
6 2.85841
7 2.68311
8 2.54312
9 2.35993
10 2.2077
11 2.03397
12 1.90546
13 1.83448
14 1.74742
15 1.69985
16 1.62485
17 1.57155
18 1.46843
19 1.42289
20 1.31473
21 1.23935
22 1.19953
23 1.13568
24 1.09602
25 1.08114
26 1.07506
27 1.0707
28 1.06009
29 1.06009
30 1.06009
31 1.06009
32 1.06009
33 1.06009
34 1.06009
35 1.06009
36 1.05861
37 1.05861
38 1.05861
39 1.05861
40 1.05861
41 1.05861
42 1.05861
43 1.05861
44 1.05861
45 1.05861
46 1.05861
47 1.05861
48 1.05861
49 1.05861
50 1.05861
51 1.05861
52 1.05861
53 1.05861
54 1.05861
55 1.05861
56 1.05861
57 1.05861
58 1.05861
59 1.05861
60 1.05861
61 1.05861
62 1.05861
63 1.05861
64 1.05861
65 1.05861
66 1.05861
67 1.05861
68 1.05861
69 1.05861
70 1.05861
71 1.05861
72 1.05861
73 1.05861
74 1.05861
75 1.05861
76 1.05861
77 1.05861
78 1.05861
79 1.05861
80 1.05861
81 1.05861
82 1.05861
83 1.05861
84 1.05861
85 1.05861
86 1.05861
87 1.05861
88 1.05861
89 1.05861
90 1.05861
91 1.05861
92 1.05861
93 1.05861
94 1.05861
95 1.05861
96 1.05861
97 1.05861
98 1.05861
99 1.05861
100 1.05861
101 1.05861
102 1.05861
103 1.05861
104 1.05861
105 1.05861
106 1.05861
107 1.05861
108 1.05861
109 1.05861
110 1.05861
111 1.05861
112 1.05861
113 1.05861
114 1.05861
115 1.05861
116 1.05861
117 1.05861
118 1.05861
119 1.05861
120 1.05861
121 1.05861
122 1.05861
123 1.05861
124 1.05861
125 1.05861
126 1.05861
127 1.05861
128 1.05861
129 1.05861
130 1.05861
131 1.05861
132 1.05861
133 1.05861
134 1.05861
135 1.05861
136 1.05861
137 1.05861
138 1.05861
139 1.05861
140 1.05861
141 1.05861
142 1.05861
143 1.05861
144 1.05861
145 1.05861
146 1.05861
147 1.05861
148 1.05861
149 1.05861
150 1.05861
151 1.05861
152 1.05861
153 1.05861
154 1.05861
155 1.05861
156 1.05861
157 1.05861
158 1.05861
159 1.05861
160 1.05861
161 1.05861
162 1.05861
163 1.05861
164 1.05861
165 1.05861
166 1.05861
167 1.05861
168 1.05861
169 1.05861
170 1.05861
171 1.05861
172 1.05861
173 1.05861
174 1.05861
175 1.05861
176 1.05861
177 1.05861
178 1.05861
179 1.05861
180 1.05861
181 1.05861
182 1.05861
183 1.05861
184 1.05861
185 1.05861
186 1.05861
187 1.05861
188 1.05861
189 1.05861
190 1.05861
191 1.05861
192 1.05861
193 1.05861
194 1.05861
195 1.05861
196 1.05861
197 1.05861
198 1.05861
199 1.05861
200 1.05861
201 1.05861
202 1.05861
203 1.05861
204 1.05861
205 1.05861
206 1.05861
207 1.05861
208 1.05861
209 1.05861
210 1.05861
211 1.05861
212 1.05861
213 1.05861
214 1.05861
215 1.05861
216 1.05861
217 1.05861
218 1.05861
219 1.05861
220 1.05861
221 1.05861
222 1.05861
223 1.05861
224 1.05861
225 1.05861
226 1.05861
227 1.05861
228 1.05861
229 1.05861
230 1.05861
231 1.05861
232 1.05861
233 1.05861
234 1.05861
235 1.05861
236 1.05861
237 1.05861
238 1.05861
239 1.05861
240 1.05861
241 1.05861
242 1.05861
243 1.05861
244 1.05861
245 1.05861
246 1.05861
247 1.05861
248 1.05861
249 1.05861
250 1.05861
251 1.05861
252 1.05861
253 1.05861
254 1.05861
255 1.05861
256 1.05861
257 1.05861
258 1.05861
259 1.05861
260 1.05861
261 1.05861
262 1.05861
263 1.05861
264 1.05861
265 1.05861
266 1.05861
267 1.05861
268 1.05861
269 1.05861
270 1.05861
271 1.05861
272 1.05861
273 1.05861
274 1.05861
275 1.05861
276 1.05861
277 1.05861
278 1.05861
279 1.05861
280 1.05861
281 1.05861
282 1.05861
283 1.05861
284 1.05861
285 1.05861
286 1.05861
287 1.05861
288 1.05861
289 1.05861
290 1.05861
291 1.05861
292 1.05861
293 1.05861
294 1.05861
295 1.05861
296 1.05861
297 1.05861
298 1.05861
299 1.05861
300 1.05861
301 1.05861
302 1.05861
303 1.05861
304 1.05861
305 1.05861
306 1.05861
307 1.05861
308 1.05861
309 1.05861
310 1.05861
311 1.05861
312 1.05861
313 1.05861
314 1.05861
315 1.05861
316 1.05861
317 1.05861
318 1.05861
319 1.05861
320 1.05861
321 1.05861
322 1.05861
323 1.05861
324 1.05861
325 1.05861
326 1.05861
327 1.05861
328 1.05861
329 1.05861
330 1.05861
331 1.05861
332 1.05861
333 1.05861
334 1.05861
335 1.05861
336 1.05861
337 1.05861
338 1.05861
339 1.05861
340 1.05861
341 1.05861
342 1.05861
343 1.05861
344 1.05861
345 1.05861
346 1.05861
347 1.05861
348 1.05861
349 1.05861
350 1.05861
351 1.05861
352 1.05861
353 1.05861
354 1.05861
355 1.05861
356 1.05861
357 1.05861
358 1.05861
359 1.05861
360 1.05861
361 1.05861
362 1.05861
363 1.05861
364 1.05861
365 1.05861
366 1.05861
367 1.05861
368 1.05861
369 1.05861
370 1.05861
371 1.05861
372 1.05861
373 1.05861
374 1.05861
375 1.05861
376 1.05861
377 1.05861
378 1.05861
379 1.05861
380 1.05861
381 1.05861
382 1.05861
383 1.05861
384 1.05861
385 1.05861
386 1.05861
387 1.05861
388 1.05861
389 1.05861
390 1.05861
391 1.05861
392 1.05861
393 1.05861
394 1.05861
395 1.05861
396 1.05861
397 1.05861
398 1.05861
399 1.05861
400 1.05861
401 1.05861
402 1.05861
403 1.05861
404 1.05861
405 1.05861
406 1.05861
407 1.05861
408 1.05861
409 1.05861
410 1.05861
411 1.05861
412 1.05861
413 1.05861
414 1.05861
415 1.05861
416 1.05861
417 1.05861
418 1.05861
419 1.05861
420 1.05861
421 1.05861
422 1.05861
423 1.05861
424 1.05861
425 1.05861
426 1.05861
427 1.05861
428 1.05861
429 1.05861
430 1.05861
431 1.05861
432 1.05861
433 1.05861
434 1.05861
435 1.05861
436 1.05861
437 1.05861
438 1.05861
439 1.05861
440 1.05861
441 1.05861
442 1.05861
443 1.05861
444 1.05861
445 1.05861
446 1.05861
447 1.05861
448 1.05861
449 1.05861
450 1.05861
451 1.05861
452 1.05861
453 1.05861
454 1.05861
455 1.05861
456 1.05861
457 1.05861
458 1.05861
459 1.05861
460 1.05861
461 1.05861
462 1.05861
463 1.05861
464 1.05861
465 1.05861
466 1.05861
467 1.05861
468 1.05861
469 1.05861
470 1.05861
471 1.05861
472 1.05861
473 1.05861
474 1.05861
475 1.05861
476 1.05861
477 1.05861
478 1.05861
479 1.05861
480 1.05861
481 1.05861
482 1.05861
483 1.05861
484 1.05861
485 1.05861
486 1.05861
487 1.05861
488 1.05861
489 1.05861
490 1.05861
491 1.05861
492 1.05861
493 1.05861
494 1.05861
495 1.05861
496 1.05861
497 1.05861
498 1.05861
499 1.05861
500 1.05861
501 1.05861
502 1.05861
503 1.05861
504 1.05861
505 1.05861
506 1.05861
507 1.05861
508 1.05861
509 1.05861
510 1.05861
511 1.05861
512 1.05861
513 1.05861
514 1.05861
515 1.05861
516 1.05861
517 1.05861
518 1.05861
519 1.05861
520 1.05861
521 1.05861
522 1.05861
523 1.05861
524 1.05861
525 1.05861
526 1.05861
527 1.05861
528 1.05861
529 1.05861
530 1.05861
531 1.05861
532 1.05861
533 1.05861
534 1.05861
535 1.05861
536 1.05861
537 1.05861
538 1.05861
539 1.05861
540 1.05861
541 1.05861
542 1.05861
543 1.05861
544 1.05861
545 1.05861
546 1.05861
547 1.05861
548 1.05861
549 1.05861
550 1.05861
551 1.05861
552 1.05861
553 1.05861
554 1.05861
555 1.05861
556 1.05861
557 1.05861
558 1.05861
559 1.05861
560 1.05861
561 1.05861
562 1.05861
563 1.05861
564 1.05861
565 1.05861
566 1.05861
567 1.05861
568 1.05861
569 1.05861
570 1.05861
571 1.05861
572 1.05861
573 1.05861
574 1.05861
575 1.05861
576 1.05861
577 1.05861
578 1.05861
579 1.05861
580 1.05861
581 1.05861
582 1.05861
583 1.05861
584 1.05861
585 1.05861
586 1.05861
587 1.05861
588 1.05861
589 1.05861
590 1.05861
591 1.05861
592 1.05861
593 1.05861
594 1.05861
595 1.05861
596 1.05861
597 1.05861
598 1.05861
599 1.05861
600 1.05861
601 1.05861
602 1.05861
603 1.05861
604 1.05861
605 1.05861
606 1.05861
607 1.05861
608 1.05861
609 1.05861
610 1.05861
611 1.05861
612 1.05861
613 1.05861
614 1.05861
615 1.05861
616 1.05861
617 1.05861
618 1.05861
619 1.05861
620 1.05861
621 1.05861
622 1.05861
623 1.05861
624 1.05861
625 1.05861
626 1.05861
627 1.05861
628 1.05861
629 1.05861
630 1.05861
631 1.05861
632 1.05861
633 1.05861
634 1.05861
635 1.05861
636 1.05861
637 1.05861
638 1.05861
639 1.05861
640 1.05861
641 1.05861
642 1.05861
643 1.05861
644 1.05861
645 1.05861
646 1.05861
647 1.05861
648 1.05861
649 1.05861
650 1.05861
651 1.05861
652 1.05861
653 1.05861
654 1.05861
655 1.05861
656 1.05861
657 1.05861
658 1.05861
659 1.05861
660 1.05861
661 1.05861
662 1.05861
663 1.05861
664 1.05861
665 1.05861
666 1.05861
667 1.05861
668 1.05861
669 1.05861
670 1.05861
671 1.05861
672 1.05861
673 1.05861
674 1.05861
675 1.05861
676 1.05861
677 1.05861
678 1.05861
679 1.05861
680 1.05861
681 1.05861
682 1.05861
683 1.05861
684 1.05861
685 1.05861
686 1.05861
687 1.05861
688 1.05861
689 1.05861
690 1.05861
691 1.05861
692 1.05861
693 1.05861
694 1.05861
695 1.05861
696 1.05861
697 1.05861
698 1.05861
699 1.05861
700 1.05861
701 1.05861
702 1.05861
703 1.05861
704 1.05861
705 1.05861
706 1.05861
707 1.05861
708 1.05861
709 1.05861
710 1.05861
711 1.05861
712 1.05861
713 1.05861
714 1.05861
715 1.05861
716 1.05861
717 1.05861
718 1.05861
719 1.05861
720 1.05861
721 1.05861
722 1.05861
723 1.05861
724 1.05861
725 1.05861
726 1.05861
727 1.05861
728 1.05861
729 1.05861
730 1.05861
731 1.05861
732 1.05861
733 1.05861
734 1.05861
735 1.05861
736 1.05861
737 1.05861
738 1.05861
739 1.05861
740 1.05861
741 1.05861
742 1.05861
743 1.05861
744 1.05861
745 1.05861
746 1.05861
747 1.05861
748 1.05861
749 1.05861
750 1.05861
751 1.05861
752 1.05861
753 1.05861
754 1.05861
755 1.05861
756 1.05861
757 1.05861
758 1.05861
759 1.05861
760 1.05861
761 1.05861
762 1.05861
763 1.05861
764 1.05861
765 1.05861
766 1.05861
767 1.05861
768 1.05861
769 1.05861
770 1.05861
771 1.05861
772 1.05861
773 1.05861
774 1.05861
775 1.05861
776 1.05861
777 1.05861
778 1.05861
779 1.05861
780 1.05861
781 1.05861
782 1.05861
783 1.05861
784 1.05861
785 1.05861
786 1.05861
787 1.05861
788 1.05861
789 1.05861
790 1.05861
791 1.05861
792 1.05861
793 1.05861
794 1.05861
795 1.05861
796 1.05861
797 1.05861
798 1.05861
799 1.05861
800 1.05861
801 1.05861
802 1.05861
803 1.05861
804 1.05861
805 1.05861
806 1.05861
807 1.05861
808 1.05861
809 1.05861
810 1.05861
811 1.05861
812 1.05861
813 1.05861
814 1.05861
815 1.05861
816 1.05861
817 1.05861
818 1.05861
819 1.05861
820 1.05861
821 1.05861
822 1.05861
823 1.05861
824 1.05861
825 1.05861
826 1.05861
827 1.05861
828 1.05861
829 1.05861
830 1.05861
831 1.05861
832 1.05861
833 1.05861
834 1.05861
835 1.05861
836 1.05861
837 1.05861
838 1.05861
839 1.05861
840 1.05861
841 1.05861
842 1.05861
843 1.05861
844 1.05861
845 1.05861
846 1.05861
847 1.05861
848 1.05861
849 1.05861
850 1.05861
851 1.05861
852 1.05861
853 1.05861
854 1.05861
855 1.05861
856 1.05861
857 1.05861
858 1.05861
859 1.05861
860 1.05861
861 1.05861
862 1.05861
863 1.05861
864 1.05861
865 1.05861
866 1.05861
867 1.05861
868 1.05861
869 1.05861
870 1.05861
871 1.05861
872 1.05861
873 1.05861
874 1.05861
875 1.05861
876 1.05861
877 1.05861
878 1.05861
879 1.05861
880 1.05861
881 1.05861
882 1.05861
883 1.05861
884 1.05861
885 1.05861
886 1.05861
887 1.05861
888 1.05861
889 1.05861
890 1.05861
891 1.05861
892 1.05861
893 1.05861
894 1.05861
895 1.05861
896 1.05861
897 1.05861
898 1.05861
899 1.05861
900 1.05861
901 1.05861
902 1.05861
903 1.05861
904 1.05861
905 1.05861
906 1.05861
907 1.05861
908 1.05861
909 1.05861
910 1.05861
911 1.05861
912 1.05861
913 1.05861
914 1.05861
915 1.05861
916 1.05861
917 1.05861
918 1.05861
919 1.05861
920 1.05861
921 1.05861
922 1.05861
923 1.05861
924 1.05861
925 1.05861
926 1.05861
927 1.05861
928 1.05861
929 1.05861
930 1.05861
931 1.05861
932 1.05861
933 1.05861
934 1.05861
935 1.05861
936 1.05861
937 1.05861
938 1.05861
939 1.05861
940 1.05861
941 1.05861
942 1.05861
943 1.05861
944 1.05861
945 1.05861
946 1.05861
947 1.05861
948 1.05861
949 1.05861
950 1.05861
951 1.05861
952 1.05861
953 1.05861
954 1.05861
955 1.05861
956 1.05861
957 1.05861
958 1.05861
959 1.05861
960 1.05861
961 1.05861
962 1.05861
963 1.05861
964 1.05861
965 1.05861
966 1.05861
967 1.05861
968 1.05861
969 1.05861
970 1.05861
971 1.05861
972 1.05861
973 1.05861
974 1.05861
975 1.05861
976 1.05861
977 1.05861
978 1.05861
979 1.05861
980 1.05861
981 1.05861
982 1.05861
983 1.05861
984 1.05861
985 1.05861
986 1.05861
987 1.05861
988 1.05861
989 1.05861
990 1.05861
991 1.05861
992 1.05861
993 1.05861
994 1.05861
995 1.05861
996 1.05861
997 1.05861
998 1.05861
999 1.05861
1000 1.05861
1001 1.05861
1002 1.05861
1003 1.05861
1004 1.05861
1005 1.05861
1006 1.05861
1007 1.05861
1008 1.05861
1009 1.05861
1010 1.05861
1011 1.05861
1012 1.05861
1013 1.05861
1014 1.05861
1015 1.05861
1016 1.05861
1017 1.05861
1018 1.05861
1019 1.05861
1020 1.05861
1021 1.05861
1022 1.05861
1023 1.05861
1024 1.05861
1025 1.05861
1026 1.05861
1027 1.05861
1028 1.05861
1029 1.05861
1030 1.05861
1031 1.05861
1032 1.05861
1033 1.05861
1034 1.05861
1035 1.05861
1036 1.05861
1037 1.05861
1038 1.05861
1039 1.05861
1040 1.05861
1041 1.05861
1042 1.05861
1043 1.05861
1044 1.05861
1045 1.05861
1046 1.05861
1047 1.05861
1048 1.05861
1049 1.05861
1050 1.05861
1051 1.05861
1052 1.05861
1053 1.05861
1054 1.05861
1055 1.05861
1056 1.05861
1057 1.05861
1058 1.05861
1059 1.05861
1060 1.05861
1061 1.05861
1062 1.05861
1063 1.05861
1064 1.05861
1065 1.05861
1066 1.05861
1067 1.05861
1068 1.05861
1069 1.05861
1070 1.05861
1071 1.05861
1072 1.05861
1073 1.05861
1074 1.05861
1075 1.05861
1076 1.05861
1077 1.05861
1078 1.05861
1079 1.05861
1080 1.05861
1081 1.05861
1082 1.05861
1083 1.05861
1084 1.05861
1085 1.05861
1086 1.05861
1087 1.05861
1088 1.05861
1089 1.05861
1090 1.05861
1091 1.05861
1092 1.05861
1093 1.05861
1094 1.05861
1095 1.05861
1096 1.05861
1097 1.05861
1098 1.05861
1099 1.05861
1100 1.05861
1101 1.05861
1102 1.05861
1103 1.05861
1104 1.05861
1105 1.05861
1106 1.05861
1107 1.05861
1108 1.05861
1109 1.05861
1110 1.05861
1111 1.05861
1112 1.05861
1113 1.05861
1114 1.05861
1115 1.05861
1116 1.05861
1117 1.05861
1118 1.05861
1119 1.05861
1120 1.05861
1121 1.05861
1122 1.05861
1123 1.05861
1124 1.05861
1125 1.05861
1126 1.05861
1127 1.05861
1128 1.05861
1129 1.05861
1130 1.05861
1131 1.05861
1132 1.05861
1133 1.05861
1134 1.05861
1135 1.05861
1136 1.05861
1137 1.05861
1138 1.05861
1139 1.05861
1140 1.05861
1141 1.05861
1142 1.05861
1143 1.05861
1144 1.05861
1145 1.05861
1146 1.05861
1147 1.05861
1148 1.05861
1149 1.05861
1150 1.05861
1151 1.05861
1152 1.05861
1153 1.05861
1154 1.05861
1155 1.05861
1156 1.05861
1157 1.05861
1158 1.05861
1159 1.05861
1160 1.05861
1161 1.05861
1162 1.05861
1163 1.05861
1164 1.05861
1165 1.05861
1166 1.05861
1167 1.05861
1168 1.05861
1169 1.05861
1170 1.05861
1171 1.05861
1172 1.05861
1173 1.05861
1174 1.05861
1175 1.05861
1176 1.05861
1177 1.05861
1178 1.05861
1179 1.05861
1180 1.05861
1181 1.05861
1182 1.05861
1183 1.05861
1184 1.05861
1185 1.05861
1186 1.05861
1187 1.05861
1188 1.05861
1189 1.05861
1190 1.05861
1191 1.05861
1192 1.05861
1193 1.05861
1194 1.05861
1195 1.05861
1196 1.05861
1197 1.05861
1198 1.05861
1199 1.05861
1200 1.05861
1201 1.05861
1202 1.05861
1203 1.05861
1204 1.05861
1205 1.05861
1206 1.05861
1207 1.05861
1208 1.05861
1209 1.05861
1210 1.05861
1211 1.05861
1212 1.05861
1213 1.05861
1214 1.05861
1215 1.05861
1216 1.05861
1217 1.05861
1218 1.05861
1219 1.05861
1220 1.05861
1221 1.05861
1222 1.05861
1223 1.05861
1224 1.05861
1225 1.05861
1226 1.05861
1227 1.05861
1228 1.05861
1229 1.05861
1230 1.05861
1231 1.05861
1232 1.05861
1233 1.05861
1234 1.05861
1235 1.05861
1236 1.05861
1237 1.05861
1238 1.05861
1239 1.05861
1240 1.05861
1241 1.05861
1242 1.05861
1243 1.05861
1244 1.05861
1245 1.05861
1246 1.05861
1247 1.05861
1248 1.05861
1249 1.05861
1250 1.05861
1251 1.05861
1252 1.05861
1253 1.05861
1254 1.05861
1255 1.05861
1256 1.05861
1257 1.05861
1258 1.05861
1259 1.05861
1260 1.05861
1261 1.05861
1262 1.05861
1263 1.05861
1264 1.05861
1265 1.05861
1266 1.05861
1267 1.05861
1268 1.05861
1269 1.05861
1270 1.05861
1271 1.05861
1272 1.05861
1273 1.05861
1274 1.05861
1275 1.05861
1276 1.05861
1277 1.05861
1278 1.05861
1279 1.05861
1280 1.05861
1281 1.05861
1282 1.05861
1283 1.05861
1284 1.05861
1285 1.05861
1286 1.05861
1287 1.05861
1288 1.05861
1289 1.05861
1290 1.05861
1291 1.05861
1292 1.05861
1293 1.05861
1294 1.05861
1295 1.05861
1296 1.05861
1297 1.05861
1298 1.05861
1299 1.05861
1300 1.05861
1301 1.05861
1302 1.05861
1303 1.05861
1304 1.05861
1305 1.05861
1306 1.05861
1307 1.05861
1308 1.05861
1309 1.05861
1310 1.05861
1311 1.05861
1312 1.05861
1313 1.05861
1314 1.05861
1315 1.05861
1316 1.05861
1317 1.05861
1318 1.05861
1319 1.05861
1320 1.05861
1321 1.05861
1322 1.05861
1323 1.05861
1324 1.05861
1325 1.05861
1326 1.05861
1327 1.05861
1328 1.05861
1329 1.05861
1330 1.05861
1331 1.05861
1332 1.05861
1333 1.05861
1334 1.05861
1335 1.05861
1336 1.05861
1337 1.05861
1338 1.05861
1339 1.05861
1340 1.05861
1341 1.05861
1342 1.05861
1343 1.05861
1344 1.05861
1345 1.05861
1346 1.05861
1347 1.05861
1348 1.05861
1349 1.05861
1350 1.05861
1351 1.05861
1352 1.05861
1353 1.05861
1354 1.05861
1355 1.05861
1356 1.05861
1357 1.05861
1358 1.05861
1359 1.05861
1360 1.05861
1361 1.05861
1362 1.05861
1363 1.05861
1364 1.05861
1365 1.05861
1366 1.05861
1367 1.05861
1368 1.05861
1369 1.05861
1370 1.05861
1371 1.05861
1372 1.05861
1373 1.05861
1374 1.05861
1375 1.05861
1376 1.05861
1377 1.05861
1378 1.05861
1379 1.05861
1380 1.05861
1381 1.05861
1382 1.05861
1383 1.05861
1384 1.05861
1385 1.05861
1386 1.05861
1387 1.05861
1388 1.05861
1389 1.05861
1390 1.05861
1391 1.05861
1392 1.05861
1393 1.05861
1394 1.05861
1395 1.05861
1396 1.05861
1397 1.05861
1398 1.05861
1399 1.05861
1400 1.05861
1401 1.05861
1402 1.05861
1403 1.05861
1404 1.05861
1405 1.05861
1406 1.05861
1407 1.05861
1408 1.05861
1409 1.05861
1410 1.05861
1411 1.05861
1412 1.05861
1413 1.05861
1414 1.05861
1415 1.05861
1416 1.05861
1417 1.05861
1418 1.05861
1419 1.05861
1420 1.05861
1421 1.05861
1422 1.05861
1423 1.05861
1424 1.05861
1425 1.05861
1426 1.05861
1427 1.05861
1428 1.05861
1429 1.05861
1430 1.05861
1431 1.05861
1432 1.05861
1433 1.05861
1434 1.05861
1435 1.05861
1436 1.05861
1437 1.05861
1438 1.05861
1439 1.05861
1440 1.05861
1441 1.05861
1442 1.05861
1443 1.05861
1444 1.05861
1445 1.05861
1446 1.05861
1447 1.05861
1448 1.05861
1449 1.05861
1450 1.05861
1451 1.05861
1452 1.05861
1453 1.05861
1454 1.05861
1455 1.05861
1456 1.05861
1457 1.05861
1458 1.05861
1459 1.05861
1460 1.05861
1461 1.05861
1462 1.05861
1463 1.05861
1464 1.05861
1465 1.05861
1466 1.05861
1467 1.05861
1468 1.05861
1469 1.05861
1470 1.05861
1471 1.05861
1472 1.05861
1473 1.05861
1474 1.05861
1475 1.05861
1476 1.05861
1477 1.05861
1478 1.05861
1479 1.05861
1480 1.05861
1481 1.05861
1482 1.05861
1483 1.05861
1484 1.05861
1485 1.05861
1486 1.05861
1487 1.05861
1488 1.05861
1489 1.05861
1490 1.05861
1491 1.05861
1492 1.05861
1493 1.05861
1494 1.05861
1495 1.05861
1496 1.05861
1497 1.05861
1498 1.05861
1499 1.05861
