0 5.12126
1 4.36567
2 3.66255
3 3.22895
4 2.84152
5 2.61562
6 2.37727
7 2.25182
8 2.12869
9 2.03517
10 1.97866
11 1.91121
12 1.85932
13 1.84047
14 1.78858
15 1.76101
16 1.61591
17 1.61411
18 1.43322
19 1.39792
20 1.35114
21 1.35068
22 1.34333
23 1.31782
24 1.24291
25 1.19614
26 1.16329
27 1.14467
28 1.13939
29 1.13939
30 1.13939
31 1.13939
32 1.13939
33 1.13939
34 1.13939
35 1.13939
36 1.13939
37 1.13939
38 1.13939
39 1.13939
40 1.13939
41 1.13939
42 1.13939
43 1.13939
44 1.13939
45 1.13939
46 1.13939
47 1.13939
48 1.13939
49 1.13939
50 1.13939
51 1.13939
52 1.13939
53 1.13939
54 1.13939
55 1.13939
56 1.13939
57 1.13939
58 1.12879
59 1.12879
60 1.12879
61 1.12879
62 1.04834
63 1.04531
64 1.04531
65 1.04531
66 1.04531
67 1.04531
68 1.04531
69 1.04531
70 1.04531
71 1.04531
72 1.04531
73 1.04531
74 1.04531
75 1.04531
76 1.04531
77 1.04531
78 1.04531
79 1.04531
80 1.04531
81 1.04531
82 1.04531
83 1.04531
84 1.04531
85 1.04531
86 1.04531
87 1.04531
88 1.04531
89 1.04531
90 1.04531
91 1.04531
92 1.04531
93 1.04531
94 1.04531
95 1.04531
96 1.04531
97 1.04531
98 1.04531
99 1.04531
100 1.04531
101 1.04531
102 1.04531
103 1.04531
104 1.04531
105 1.04531
106 1.04531
107 1.04531
108 1.04531
109 1.04531
110 1.04531
111 1.04531
112 1.04531
113 1.04531
114 1.04531
115 1.04531
116 1.04531
117 1.04531
118 1.04531
119 1.04531
120 1.04531
121 1.04531
122 1.04531
123 1.04531
124 1.04531
125 1.04531
126 1.04531
127 1.04531
128 1.04531
129 1.04531
130 1.04531
131 1.04531
132 1.04531
133 1.04531
134 1.04531
135 1.04531
136 1.04531
137 1.04531
138 1.04531
139 1.04531
140 1.04531
141 1.04531
142 1.04531
143 1.04531
144 1.04531
145 1.04531
146 1.04531
147 1.04531
148 1.04531
149 1.04531
150 1.04531
151 1.04531
152 1.04531
153 1.04531
154 1.04531
155 1.04531
156 1.04531
157 1.04531
158 1.04531
159 1.04531
160 1.04531
161 1.04531
162 1.04531
163 1.04531
164 1.04531
165 1.04531
166 1.04531
167 1.04531
168 1.04531
169 1.04531
170 1.04531
171 1.04531
172 1.04531
173 1.04531
174 1.04531
175 1.04531
176 1.04531
177 1.04531
178 1.04531
179 1.04531
180 1.04531
181 1.04531
182 1.04531
183 1.04531
184 1.04531
185 1.04531
186 1.04531
187 1.04531
188 1.04531
189 1.04531
190 1.04531
191 1.04531
192 1.04531
193 1.04531
194 1.04531
195 1.04531
196 1.04531
197 1.04531
198 1.04531
199 1.04531
200 1.04531
201 1.04531
202 1.04531
203 1.04531
204 1.04531
205 1.04531
206 1.04531
207 1.04531
208 1.04531
209 1.04531
210 1.04531
211 1.04531
212 1.04531
213 1.04531
214 1.04531
215 1.04531
216 1.04531
217 1.04531
218 1.04531
219 1.04531
220 1.04531
221 1.04531
222 1.04531
223 1.04531
224 1.04531
225 1.04531
226 1.04531
227 1.04531
228 1.04531
229 1.04531
230 1.04531
231 1.04531
232 1.04531
233 1.04531
234 1.04531
235 1.04531
236 1.04531
237 1.04531
238 1.04531
239 1.04531
240 1.04531
241 1.04531
242 1.04531
243 1.04531
244 1.04531
245 1.04531
246 1.04531
247 1.04531
248 1.04531
249 1.04531
250 1.04531
251 1.04531
252 1.04531
253 1.04531
254 1.04531
255 1.04531
256 1.04531
257 1.04531
258 1.04531
259 1.04531
260 1.04531
261 1.04531
262 1.04531
263 1.04531
264 1.04531
265 1.04531
266 1.04531
267 1.04531
268 1.04531
269 1.04531
270 1.04531
271 1.04531
272 1.04531
273 1.04531
274 1.04531
275 1.04531
276 1.04531
277 1.04531
278 1.04531
279 1.04531
280 1.04531
281 1.04531
282 1.04531
283 1.04531
284 1.04531
285 1.04531
286 1.04531
287 1.04531
288 1.04531
289 1.04531
290 1.04531
291 1.04531
292 1.04531
293 1.04531
294 1.04531
295 1.04531
296 1.04531
297 1.04531
298 1.04531
299 1.04531
300 1.04531
301 1.04531
302 1.04531
303 1.04531
304 1.04531
305 1.04531
306 1.04531
307 1.04531
308 1.04531
309 1.04531
310 1.04531
311 1.04531
312 1.04531
313 1.04531
314 1.04531
315 1.04531
316 1.04531
317 1.04531
318 1.04531
319 1.04531
320 1.04531
321 1.04531
322 1.04531
323 1.04531
324 1.04531
325 1.04531
326 1.04531
327 1.04531
328 1.04531
329 1.04531
330 1.04531
331 1.04531
332 1.04531
333 1.04531
334 1.04531
335 1.04531
336 1.04531
337 1.04531
338 1.04531
339 1.04531
340 1.04531
341 1.04531
342 1.04531
343 1.04531
344 1.04531
345 1.04531
346 1.04531
347 1.04531
348 1.04531
349 1.04531
350 1.04531
351 1.04531
352 1.04531
353 1.04531
354 1.04531
355 1.04531
356 1.04531
357 1.04531
358 1.04531
359 1.04531
360 1.04531
361 1.04531
362 1.04531
363 1.04531
364 1.04531
365 1.04531
366 1.04531
367 1.04531
368 1.04531
369 1.04531
370 1.04531
371 1.04531
372 1.04531
373 1.04531
374 1.04531
375 1.04531
376 1.04531
377 1.04531
378 1.04531
379 1.04531
380 1.04531
381 1.04531
382 1.04531
383 1.04531
384 1.04531
385 1.04531
386 1.04531
387 1.04531
388 1.04531
389 1.04531
390 1.04531
391 1.04531
392 1.04531
393 1.04531
394 1.04531
395 1.04531
396 1.04531
397 1.04531
398 1.04531
399 1.04531
400 1.04531
401 1.04531
402 1.04531
403 1.04531
404 1.04531
405 1.04531
406 1.04531
407 1.04531
408 1.04531
409 1.04531
410 1.04531
411 1.04531
412 1.04531
413 1.04531
414 1.04531
415 1.04531
416 1.04531
417 1.04531
418 1.04531
419 1.04531
420 1.04531
421 1.04531
422 1.04531
423 1.04531
424 1.04531
425 1.04531
426 1.04531
427 1.04531
428 1.04531
429 1.04531
430 1.04531
431 1.04531
432 1.04531
433 1.04531
434 1.04531
435 1.04531
436 1.04531
437 1.04531
438 1.04531
439 1.04531
440 1.04531
441 1.04531
442 1.04531
443 1.04531
444 1.04531
445 1.04531
446 1.04531
447 1.04531
448 1.04531
449 1.04531
450 1.04531
451 1.04531
452 1.04531
453 1.04531
454 1.04531
455 1.04531
456 1.04531
457 1.04531
458 1.04531
459 1.04531
460 1.04531
461 1.04531
462 1.04531
463 1.04531
464 1.04531
465 1.04531
466 1.04531
467 1.04531
468 1.04531
469 1.04531
470 1.04531
471 1.04531
472 1.04531
473 1.04531
474 1.04531
475 1.04531
476 1.04531
477 1.04531
478 1.04531
479 1.04531
480 1.04531
481 1.04531
482 1.04531
483 1.04531
484 1.04531
485 1.04531
486 1.04531
487 1.04531
488 1.04531
489 1.04531
490 1.04531
491 1.04531
492 1.04531
493 1.04531
494 1.04531
495 1.04531
496 1.04531
497 1.04531
498 1.04531
499 1.04531
500 1.04531
501 1.04531
502 1.04531
503 1.04531
504 1.04531
505 1.04531
506 1.04531
507 1.04531
508 1.04531
509 1.04531
510 1.04531
511 1.04531
512 1.04531
513 1.04531
514 1.04531
515 1.04531
516 1.04531
517 1.04531
518 1.04531
519 1.04531
520 1.04531
521 1.04531
522 1.04531
523 1.04531
524 1.04531
525 1.04531
526 1.04531
527 1.04531
528 1.04531
529 1.04531
530 1.04531
531 1.04531
532 1.04531
533 1.04531
534 1.04531
535 1.04531
536 1.04531
537 1.04531
538 1.04531
539 1.04531
540 1.04531
541 1.04531
542 1.04531
543 1.04531
544 1.04531
545 1.04531
546 1.04531
547 1.04531
548 1.04531
549 1.04531
550 1.04531
551 1.04531
552 1.04531
553 1.04531
554 1.04531
555 1.04531
556 1.04531
557 1.04531
558 1.04531
559 1.04531
560 1.04531
561 1.04531
562 1.04531
563 1.04531
564 1.04531
565 1.04531
566 1.04531
567 1.04531
568 1.04531
569 1.04531
570 1.04531
571 1.04531
572 1.04531
573 1.04531
574 1.04531
575 1.04531
576 1.04531
577 1.04531
578 1.04531
579 1.04531
580 1.04531
581 1.04531
582 1.04531
583 1.04531
584 1.04531
585 1.04531
586 1.04531
587 1.04531
588 1.04531
589 1.04531
590 1.04531
591 1.04531
592 1.04531
593 1.04531
594 1.04531
595 1.04531
596 1.04531
597 1.04531
598 1.04531
599 1.04531
600 1.04531
601 1.04531
602 1.04531
603 1.04531
604 1.04531
605 1.04531
606 1.04531
607 1.04531
608 1.04531
609 1.04531
610 1.04531
611 1.04531
612 1.04531
613 1.04531
614 1.04531
615 1.04531
616 1.04531
617 1.04531
618 1.04531
619 1.04531
620 1.04531
621 1.04531
622 1.04531
623 1.04531
624 1.04531
625 1.04531
626 1.04531
627 1.04531
628 1.04531
629 1.04531
630 1.04531
631 1.04531
632 1.04531
633 1.04531
634 1.04531
635 1.04531
636 1.04531
637 1.04531
638 1.04531
639 1.04531
640 1.04531
641 1.04531
642 1.04531
643 1.04531
644 1.04531
645 1.04531
646 1.04531
647 1.04531
648 1.04531
649 1.04531
650 1.04531
651 1.04531
652 1.04531
653 1.04531
654 1.04531
655 1.04531
656 1.04531
657 1.04531
658 1.04531
659 1.04531
660 1.04531
661 1.04531
662 1.04531
663 1.04531
664 1.04531
665 1.04531
666 1.04531
667 1.04531
668 1.04531
669 1.04531
670 1.04531
671 1.04531
672 1.04531
673 1.04531
674 1.04531
675 1.04531
676 1.04531
677 1.04531
678 1.04531
679 1.04531
680 1.04531
681 1.04531
682 1.04531
683 1.04531
684 1.04531
685 1.04531
686 1.04531
687 1.04531
688 1.04531
689 1.04531
690 1.04531
691 1.04531
692 1.04531
693 1.04531
694 1.04531
695 1.04531
696 1.04531
697 1.04531
698 1.04531
699 1.04531
700 1.04531
701 1.04531
702 1.04531
703 1.04531
704 1.04531
705 1.04531
706 1.04531
707 1.04531
708 1.04531
709 1.04531
710 1.04531
711 1.04531
712 1.04531
713 1.04531
714 1.04531
715 1.04531
716 1.04531
717 1.04531
718 1.04531
719 1.04531
720 1.04531
721 1.04531
722 1.04531
723 1.04531
724 1.04531
725 1.04531
726 1.04531
727 1.04531
728 1.04531
729 1.04531
730 1.04531
731 1.04531
732 1.04531
733 1.04531
734 1.04531
735 1.04531
736 1.04531
737 1.04531
738 1.04531
739 1.04531
740 1.04531
741 1.04531
742 1.04531
743 1.04531
744 1.04531
745 1.04531
746 1.04531
747 1.04531
748 1.04531
749 1.04531
750 1.04531
751 1.04531
752 1.04531
753 1.04531
754 1.04531
755 1.04531
756 1.04531
757 1.04531
758 1.04531
759 1.04531
760 1.04531
761 1.04531
762 1.04531
763 1.04531
764 1.04531
765 1.04531
766 1.04531
767 1.04531
768 1.04531
769 1.04531
770 1.04531
771 1.04531
772 1.04531
773 1.04531
774 1.04531
775 1.04531
776 1.04531
777 1.04531
778 1.04531
779 1.04531
780 1.04531
781 1.04531
782 1.04531
783 1.04531
784 1.04531
785 1.04531
786 1.04531
787 1.04531
788 1.04531
789 1.04531
790 1.04531
791 1.04531
792 1.04531
793 1.04531
794 1.04531
795 1.04531
796 1.04531
797 1.04531
798 1.04531
799 1.04531
800 1.04531
801 1.04531
802 1.04531
803 1.04531
804 1.04531
805 1.04531
806 1.04531
807 1.04531
808 1.04531
809 1.04531
810 1.04531
811 1.04531
812 1.04531
813 1.04531
814 1.04531
815 1.04531
816 1.04531
817 1.04531
818 1.04531
819 1.04531
820 1.04531
821 1.04531
822 1.04531
823 1.04531
824 1.04531
825 1.04531
826 1.04531
827 1.04531
828 1.04531
829 1.04531
830 1.04531
831 1.04531
832 1.04531
833 1.04531
834 1.04531
835 1.04531
836 1.04531
837 1.04531
838 1.04531
839 1.04531
840 1.04531
841 1.04531
842 1.04531
843 1.04531
844 1.04531
845 1.04531
846 1.04531
847 1.04531
848 1.04531
849 1.04531
850 1.04531
851 1.04531
852 1.04531
853 1.04531
854 1.04531
855 1.04531
856 1.04531
857 1.04531
858 1.04531
859 1.04531
860 1.04531
861 1.04531
862 1.04531
863 1.04531
864 1.04531
865 1.04531
866 1.04531
867 1.04531
868 1.04531
869 1.04531
870 1.04531
871 1.04531
872 1.04531
873 1.04531
874 1.04531
875 1.04531
876 1.04531
877 1.04531
878 1.04531
879 1.04531
880 1.04531
881 1.04531
882 1.04531
883 1.04531
884 1.04531
885 1.04531
886 1.04531
887 1.04531
888 1.04531
889 1.04531
890 1.04531
891 1.04531
892 1.04531
893 1.04531
894 1.04531
895 1.04531
896 1.04531
897 1.04531
898 1.04531
899 1.04531
900 1.04531
901 1.04531
902 1.04531
903 1.04531
904 1.04531
905 1.04531
906 1.04531
907 1.04531
908 1.04531
909 1.04531
910 1.04531
911 1.04531
912 1.04531
913 1.04531
914 1.04531
915 1.04531
916 1.04531
917 1.04531
918 1.04531
919 1.04531
920 1.04531
921 1.04531
922 1.04531
923 1.04531
924 1.04531
925 1.04531
926 1.04531
927 1.04531
928 1.04531
929 1.04531
930 1.04531
931 1.04531
932 1.04531
933 1.04531
934 1.04531
935 1.04531
936 1.04531
937 1.04531
938 1.04531
939 1.04531
940 1.04531
941 1.04531
942 1.04531
943 1.04531
944 1.04531
945 1.04531
946 1.04531
947 1.04531
948 1.04531
949 1.04531
950 1.04531
951 1.04531
952 1.04531
953 1.04531
954 1.04531
955 1.04531
956 1.04531
957 1.04531
958 1.04531
959 1.04531
960 1.04531
961 1.04531
962 1.04531
963 1.04531
964 1.04531
965 1.04531
966 1.04531
967 1.04531
968 1.04531
969 1.04531
970 1.04531
971 1.04531
972 1.04531
973 1.04531
974 1.04531
975 1.04531
976 1.04531
977 1.04531
978 1.04531
979 1.04531
980 1.04531
981 1.04531
982 1.04531
983 1.04531
984 1.04531
985 1.04531
986 1.04531
987 1.04531
988 1.04531
989 1.04531
990 1.04531
991 1.04531
992 1.04531
993 1.04531
994 1.04531
995 1.04531
996 1.04531
997 1.04531
998 1.04531
999 1.04531
1000 1.04531
1001 1.04531
1002 1.04531
1003 1.04531
1004 1.04531
1005 1.04531
1006 1.04531
1007 1.04531
1008 1.04531
1009 1.04531
1010 1.04531
1011 1.04531
1012 1.04531
1013 1.04531
1014 1.04531
1015 1.04531
1016 1.04531
1017 1.04531
1018 1.04531
1019 1.04531
1020 1.04531
1021 1.04531
1022 1.04531
1023 1.04531
1024 1.04531
1025 1.04531
1026 1.04531
1027 1.04531
1028 1.04531
1029 1.04531
1030 1.04531
1031 1.04531
1032 1.04531
1033 1.04531
1034 1.04531
1035 1.04531
1036 1.04531
1037 1.04531
1038 1.04531
1039 1.04531
1040 1.04531
1041 1.04531
1042 1.04531
1043 1.04531
1044 1.04531
1045 1.04531
1046 1.04531
1047 1.04531
1048 1.04531
1049 1.04531
1050 1.04531
1051 1.04531
1052 1.04531
1053 1.04531
1054 1.04531
1055 1.04531
1056 1.04531
1057 1.04531
1058 1.04531
1059 1.04531
1060 1.04531
1061 1.04531
1062 1.04531
1063 1.04531
1064 1.04531
1065 1.04531
1066 1.04531
1067 1.04531
1068 1.04531
1069 1.04531
1070 1.04531
1071 1.04531
1072 1.04531
1073 1.04531
1074 1.04531
1075 1.04531
1076 1.04531
1077 1.04531
1078 1.04531
1079 1.04531
1080 1.04531
1081 1.04531
1082 1.04531
1083 1.04531
1084 1.04531
1085 1.04531
1086 1.04531
1087 1.04531
1088 1.04531
1089 1.04531
1090 1.04531
1091 1.04531
1092 1.04531
1093 1.04531
1094 1.04531
1095 1.04531
1096 1.04531
1097 1.04531
1098 1.04531
1099 1.04531
1100 1.04531
1101 1.04531
1102 1.04531
1103 1.04531
1104 1.04531
1105 1.04531
1106 1.04531
1107 1.04531
1108 1.04531
1109 1.04531
1110 1.04531
1111 1.04531
1112 1.04531
1113 1.04531
1114 1.04531
1115 1.04531
1116 1.04531
1117 1.04531
1118 1.04531
1119 1.04531
1120 1.04531
1121 1.04531
1122 1.04531
1123 1.04531
1124 1.04531
1125 1.04531
1126 1.04531
1127 1.04531
1128 1.04531
1129 1.04531
1130 1.04531
1131 1.04531
1132 1.04531
1133 1.04531
1134 1.04531
1135 1.04531
1136 1.04531
1137 1.04531
1138 1.04531
1139 1.04531
1140 1.04531
1141 1.04531
1142 1.04531
1143 1.04531
1144 1.04531
1145 1.04531
1146 1.04531
1147 1.04531
1148 1.04531
1149 1.04531
1150 1.04531
1151 1.04531
1152 1.04531
1153 1.04531
1154 1.04531
1155 1.04531
1156 1.04531
1157 1.04531
1158 1.04531
1159 1.04531
1160 1.04531
1161 1.04531
1162 1.04531
1163 1.04531
1164 1.04531
1165 1.04531
1166 1.04531
1167 1.04531
1168 1.04531
1169 1.04531
1170 1.04531
1171 1.04531
1172 1.04531
1173 1.04531
1174 1.04531
1175 1.04531
1176 1.04531
1177 1.04531
1178 1.04531
1179 1.04531
1180 1.04531
1181 1.04531
1182 1.04531
1183 1.04531
1184 1.04531
1185 1.04531
1186 1.04531
1187 1.04531
1188 1.04531
1189 1.04531
1190 1.04531
1191 1.04531
1192 1.04531
1193 1.04531
1194 1.04531
1195 1.04531
1196 1.04531
1197 1.04531
1198 1.04531
1199 1.04531
1200 1.04531
1201 1.04531
1202 1.04531
1203 1.04531
1204 1.04531
1205 1.04531
1206 1.04531
1207 1.04531
1208 1.04531
1209 1.04531
1210 1.04531
1211 1.04531
1212 1.04531
1213 1.04531
1214 1.04531
1215 1.04531
1216 1.04531
1217 1.04531
1218 1.04531
1219 1.04531
1220 1.04531
1221 1.04531
1222 1.04531
1223 1.04531
1224 1.04531
1225 1.04531
1226 1.04531
1227 1.04531
1228 1.04531
1229 1.04531
1230 1.04531
1231 1.04531
1232 1.04531
1233 1.04531
1234 1.04531
1235 1.04531
1236 1.04531
1237 1.04531
1238 1.04531
1239 1.04531
1240 1.04531
1241 1.04531
1242 1.04531
1243 1.04531
1244 1.04531
1245 1.04531
1246 1.04531
1247 1.04531
1248 1.04531
1249 1.04531
1250 1.04531
1251 1.04531
1252 1.04531
1253 1.04531
1254 1.04531
1255 1.04531
1256 1.04531
1257 1.04531
1258 1.04531
1259 1.04531
1260 1.04531
1261 1.04531
1262 1.04531
1263 1.04531
1264 1.04531
1265 1.04531
1266 1.04531
1267 1.04531
1268 1.04531
1269 1.04531
1270 1.04531
1271 1.04531
1272 1.04531
1273 1.04531
1274 1.04531
1275 1.04531
1276 1.04531
1277 1.04531
1278 1.04531
1279 1.04531
1280 1.04531
1281 1.04531
1282 1.04531
1283 1.04531
1284 1.04531
1285 1.04531
1286 1.04531
1287 1.04531
1288 1.04531
1289 1.04531
1290 1.04531
1291 1.04531
1292 1.04531
1293 1.04531
1294 1.04531
1295 1.04531
1296 1.04531
1297 1.04531
1298 1.04531
1299 1.04531
1300 1.04531
1301 1.04531
1302 1.04531
1303 1.04531
1304 1.04531
1305 1.04531
1306 1.04531
1307 1.04531
1308 1.04531
1309 1.04531
1310 1.04531
1311 1.04531
1312 1.04531
1313 1.04531
1314 1.04531
1315 1.04531
1316 1.04531
1317 1.04531
1318 1.04531
1319 1.04531
1320 1.04531
1321 1.04531
1322 1.04531
1323 1.04531
1324 1.04531
1325 1.04531
1326 1.04531
1327 1.04531
1328 1.04531
1329 1.04531
1330 1.04531
1331 1.04531
1332 1.04531
1333 1.04531
1334 1.04531
1335 1.04531
1336 1.04531
1337 1.04531
1338 1.04531
1339 1.04531
1340 1.04531
1341 1.04531
1342 1.04531
1343 1.04531
1344 1.04531
1345 1.04531
1346 1.04531
1347 1.04531
1348 1.04531
1349 1.04531
1350 1.04531
1351 1.04531
1352 1.04531
1353 1.04531
1354 1.04531
1355 1.04531
1356 1.04531
1357 1.04531
1358 1.04531
1359 1.04531
1360 1.04531
1361 1.04531
1362 1.04531
1363 1.04531
1364 1.04531
1365 1.04531
1366 1.04531
1367 1.04531
1368 1.04531
1369 1.04531
1370 1.04531
1371 1.04531
1372 1.04531
1373 1.04531
1374 1.04531
1375 1.04531
1376 1.04531
1377 1.04531
1378 1.04531
1379 1.04531
1380 1.04531
1381 1.04531
1382 1.04531
1383 1.04531
1384 1.04531
1385 1.04531
1386 1.04531
1387 1.04531
1388 1.04531
1389 1.04531
1390 1.04531
1391 1.04531
1392 1.04531
1393 1.04531
1394 1.04531
1395 1.04531
1396 1.04531
1397 1.04531
1398 1.04531
1399 1.04531
1400 1.04531
1401 1.04531
1402 1.04531
1403 1.04531
1404 1.04531
1405 1.04531
1406 1.04531
1407 1.04531
1408 1.04531
1409 1.04531
1410 1.04531
1411 1.04531
1412 1.04531
1413 1.04531
1414 1.04531
1415 1.04531
1416 1.04531
1417 1.04531
1418 1.04531
1419 1.04531
1420 1.04531
1421 1.04531
1422 1.04531
1423 1.04531
1424 1.04531
1425 1.04531
1426 1.04531
1427 1.04531
1428 1.04531
1429 1.04531
1430 1.04531
1431 1.04531
1432 1.04531
1433 1.04531
1434 1.04531
1435 1.04531
1436 1.04531
1437 1.04531
1438 1.04531
1439 1.04531
1440 1.04531
1441 1.04531
1442 1.04531
1443 1.04531
1444 1.04531
1445 1.04531
1446 1.04531
1447 1.04531
1448 1.04531
1449 1.04531
1450 1.04531
1451 1.04531
1452 1.04531
1453 1.04531
1454 1.04531
1455 1.04531
1456 1.04531
1457 1.04531
1458 1.04531
1459 1.04531
1460 1.04531
1461 1.04531
1462 1.04531
1463 1.04531
1464 1.04531
1465 1.04531
1466 1.04531
1467 1.04531
1468 1.04531
1469 1.04531
1470 1.04531
1471 1.04531
1472 1.04531
1473 1.04531
1474 1.04531
1475 1.04531
1476 1.04531
1477 1.04531
1478 1.04531
1479 1.04531
1480 1.04531
1481 1.04531
1482 1.04531
1483 1.04531
1484 1.04531
1485 1.04531
1486 1.04531
1487 1.04531
1488 1.04531
1489 1.04531
1490 1.04531
1491 1.04531
1492 1.04531
1493 1.04531
1494 1.04531
1495 1.04531
1496 1.04531
1497 1.04531
1498 1.04531
1499 1.04531
