0   -0.8017   0.5978

0   -0.3151   0.9491

0    0.7622   0.6473

0    0.9961  -0.0881

0    0.9422   0.3352

0    0.8844  -0.4667

0    0.9814  -0.1922

0    0.9930   0.1184

0    0.8129  -0.5824

0   -0.3532  -0.9355

0   -0.1007   0.9949

0   -0.9888  -0.1492

0   -0.9926  -0.1211

0   -0.9981   0.0621

0   -0.3614   0.9324

0   -0.9358   0.3525

0   -0.9867  -0.1624

0   -0.4049  -0.9143

0    0.8391  -0.5439

0    0.9454  -0.3259

0   -0.3938  -0.9192

0    0.2984  -0.9545

0    0.8265  -0.5630

0    0.8946   0.4469

0    0.4339   0.9009

0    0.4140   0.9103

0    0.9941  -0.1087

0    0.6812   0.7321

0    0.9988  -0.0489

0   -0.1331  -0.9911

0    0.0498  -0.9988

0   -0.9313  -0.3643

0   -0.9104   0.4138

0   -0.6753   0.7375

25   -0.8017   0.5978

25   -0.6753   0.7375

25   -0.3614   0.9324

25   -0.3151   0.9491

25   -0.1007   0.9949

25    0.4140   0.9103

25    0.4339   0.9009

25    0.6812   0.7321

25    0.7622   0.6473

25    0.8946   0.4469

25    0.9422   0.3352

25    0.9930   0.1184

25    0.9988  -0.0489

25    0.9961  -0.0881

25    0.9941  -0.1087

25    0.9814  -0.1922

25    0.9454  -0.3259

25    0.8844  -0.4667

25    0.8391  -0.5439

25    0.8265  -0.5630

25    0.8129  -0.5824

25    0.2984  -0.9545

25    0.0498  -0.9988

25   -0.1331  -0.9911

25   -0.3532  -0.9355

25   -0.3938  -0.9192

25   -0.4049  -0.9143

25   -0.9313  -0.3643

25   -0.9867  -0.1624

25   -0.9888  -0.1492

25   -0.9926  -0.1211

25   -0.9981   0.0621

25   -0.9358   0.3525

25   -0.9104   0.4138

50   -0.8017   0.5978

50   -0.6753   0.7375

50   -0.3614   0.9324

50   -0.3151   0.9491

50   -0.1007   0.9949

50    0.4140   0.9103

50    0.4339   0.9009

50    0.6812   0.7321

50    0.7622   0.6473

50    0.8946   0.4469

50    0.9422   0.3352

50    0.9930   0.1184

50    0.9988  -0.0489

50    0.9961  -0.0881

50    0.9941  -0.1087

50    0.9814  -0.1922

50    0.9454  -0.3259

50    0.8844  -0.4667

50    0.8391  -0.5439

50    0.8265  -0.5630

50    0.8129  -0.5824

50    0.2984  -0.9545

50    0.0498  -0.9988

50   -0.1331  -0.9911

50   -0.3532  -0.9355

50   -0.3938  -0.9192

50   -0.4049  -0.9143

50   -0.9313  -0.3643

50   -0.9867  -0.1624

50   -0.9888  -0.1492

50   -0.9926  -0.1211

50   -0.9981   0.0621

50   -0.9358   0.3525

50   -0.9104   0.4138

75   -0.8017   0.5978

75   -0.6753   0.7375

75   -0.3614   0.9324

75   -0.3151   0.9491

75   -0.1007   0.9949

75    0.4140   0.9103

75    0.4339   0.9009

75    0.6812   0.7321

75    0.7622   0.6473

75    0.8946   0.4469

75    0.9422   0.3352

75    0.9930   0.1184

75    0.9988  -0.0489

75    0.9961  -0.0881

75    0.9941  -0.1087

75    0.9814  -0.1922

75    0.9454  -0.3259

75    0.8844  -0.4667

75    0.8391  -0.5439

75    0.8265  -0.5630

75    0.8129  -0.5824

75    0.2984  -0.9545

75    0.0498  -0.9988

75   -0.1331  -0.9911

75   -0.3532  -0.9355

75   -0.3938  -0.9192

75   -0.4049  -0.9143

75   -0.9313  -0.3643

75   -0.9867  -0.1624

75   -0.9888  -0.1492

75   -0.9926  -0.1211

75   -0.9981   0.0621

75   -0.9358   0.3525

75   -0.9104   0.4138

100   -0.8017   0.5978

100   -0.6753   0.7375

100   -0.3614   0.9324

100   -0.3151   0.9491

100   -0.1007   0.9949

100    0.4140   0.9103

100    0.4339   0.9009

100    0.6812   0.7321

100    0.7622   0.6473

100    0.8946   0.4469

100    0.9422   0.3352

100    0.9930   0.1184

100    0.9988  -0.0489

100    0.9961  -0.0881

100    0.9941  -0.1087

100    0.9814  -0.1922

100    0.9454  -0.3259

100    0.8844  -0.4667

100    0.8391  -0.5439

100    0.8265  -0.5630

100    0.8129  -0.5824

100    0.2984  -0.9545

100    0.0498  -0.9988

100   -0.1331  -0.9911

100   -0.3532  -0.9355

100   -0.3938  -0.9192

100   -0.4049  -0.9143

100   -0.9313  -0.3643

100   -0.9867  -0.1624

100   -0.9888  -0.1492

100   -0.9926  -0.1211

100   -0.9981   0.0621

100   -0.9358   0.3525

100   -0.9104   0.4138

125   -0.8017   0.5978

125   -0.6753   0.7375

125   -0.3614   0.9324

125   -0.3151   0.9491

125   -0.1007   0.9949

125    0.4140   0.9103

125    0.4339   0.9009

125    0.6812   0.7321

125    0.7622   0.6473

125    0.8946   0.4469

125    0.9422   0.3352

125    0.9930   0.1184

125    0.9988  -0.0489

125    0.9961  -0.0881

125    0.9941  -0.1087

125    0.9814  -0.1922

125    0.9454  -0.3259

125    0.8844  -0.4667

125    0.8391  -0.5439

125    0.8265  -0.5630

125    0.8129  -0.5824

125    0.2984  -0.9545

125    0.0498  -0.9988

125   -0.1331  -0.9911

125   -0.3532  -0.9355

125   -0.3938  -0.9192

125   -0.4049  -0.9143

125   -0.9313  -0.3643

125   -0.9867  -0.1624

125   -0.9888  -0.1492

125   -0.9926  -0.1211

125   -0.9981   0.0621

125   -0.9358   0.3525

125   -0.9104   0.4138

150   -0.8017   0.5978

150   -0.6753   0.7375

150   -0.3614   0.9324

150   -0.3151   0.9491

150   -0.1007   0.9949

150    0.4140   0.9103

150    0.4339   0.9009

150    0.6812   0.7321

150    0.7622   0.6473

150    0.8946   0.4469

150    0.9422   0.3352

150    0.9930   0.1184

150    0.9988  -0.0489

150    0.9961  -0.0881

150    0.9941  -0.1087

150    0.9814  -0.1922

150    0.9454  -0.3259

150    0.8844  -0.4667

150    0.8391  -0.5439

150    0.8265  -0.5630

150    0.8129  -0.5824

150    0.2984  -0.9545

150    0.0498  -0.9988

150   -0.1331  -0.9911

150   -0.3532  -0.9355

150   -0.3938  -0.9192

150   -0.4049  -0.9143

150   -0.9313  -0.3643

150   -0.9867  -0.1624

150   -0.9888  -0.1492

150   -0.9926  -0.1211

150   -0.9981   0.0621

150   -0.9358   0.3525

150   -0.9104   0.4138

175   -0.8017   0.5978

175   -0.6753   0.7375

175   -0.3614   0.9324

175   -0.3151   0.9491

175   -0.1007   0.9949

175    0.4140   0.9103

175    0.4339   0.9009

175    0.6812   0.7321

175    0.7622   0.6473

175    0.8946   0.4469

175    0.9422   0.3352

175    0.9930   0.1184

175    0.9988  -0.0489

175    0.9961  -0.0881

175    0.9941  -0.1087

175    0.9814  -0.1922

175    0.9454  -0.3259

175    0.8844  -0.4667

175    0.8391  -0.5439

175    0.8265  -0.5630

175    0.8129  -0.5824

175    0.2984  -0.9545

175    0.0498  -0.9988

175   -0.1331  -0.9911

175   -0.3532  -0.9355

175   -0.3938  -0.9192

175   -0.4049  -0.9143

175   -0.9313  -0.3643

175   -0.9867  -0.1624

175   -0.9888  -0.1492

175   -0.9926  -0.1211

175   -0.9981   0.0621

175   -0.9358   0.3525

175   -0.9104   0.4138

200   -0.8017   0.5978

200   -0.6753   0.7375

200   -0.3614   0.9324

200   -0.3151   0.9491

200   -0.1007   0.9949

200    0.4140   0.9103

200    0.4339   0.9009

200    0.6812   0.7321

200    0.7622   0.6473

200    0.8946   0.4469

200    0.9422   0.3352

200    0.9930   0.1184

200    0.9988  -0.0489

200    0.9961  -0.0881

200    0.9941  -0.1087

200    0.9814  -0.1922

200    0.9454  -0.3259

200    0.8844  -0.4667

200    0.8391  -0.5439

200    0.8265  -0.5630

200    0.8129  -0.5824

200    0.2984  -0.9545

200    0.0498  -0.9988

200   -0.1331  -0.9911

200   -0.3532  -0.9355

200   -0.3938  -0.9192

200   -0.4049  -0.9143

200   -0.9313  -0.3643

200   -0.9867  -0.1624

200   -0.9888  -0.1492

200   -0.9926  -0.1211

200   -0.9981   0.0621

200   -0.9358   0.3525

200   -0.9104   0.4138

225   -0.8017   0.5978

225   -0.6753   0.7375

225   -0.3614   0.9324

225   -0.3151   0.9491

225   -0.1007   0.9949

225    0.4140   0.9103

225    0.4339   0.9009

225    0.6812   0.7321

225    0.7622   0.6473

225    0.8946   0.4469

225    0.9422   0.3352

225    0.9930   0.1184

225    0.9988  -0.0489

225    0.9961  -0.0881

225    0.9941  -0.1087

225    0.9814  -0.1922

225    0.9454  -0.3259

225    0.8844  -0.4667

225    0.8391  -0.5439

225    0.8265  -0.5630

225    0.8129  -0.5824

225    0.2984  -0.9545

225    0.0498  -0.9988

225   -0.1331  -0.9911

225   -0.3532  -0.9355

225   -0.3938  -0.9192

225   -0.4049  -0.9143

225   -0.9313  -0.3643

225   -0.9867  -0.1624

225   -0.9888  -0.1492

225   -0.9926  -0.1211

225   -0.9981   0.0621

225   -0.9358   0.3525

225   -0.9104   0.4138

250   -0.8017   0.5978

250   -0.6753   0.7375

250   -0.3614   0.9324

250   -0.3151   0.9491

250   -0.1007   0.9949

250    0.4140   0.9103

250    0.4339   0.9009

250    0.6812   0.7321

250    0.7622   0.6473

250    0.8946   0.4469

250    0.9422   0.3352

250    0.9930   0.1184

250    0.9988  -0.0489

250    0.9961  -0.0881

250    0.9941  -0.1087

250    0.9814  -0.1922

250    0.9454  -0.3259

250    0.8844  -0.4667

250    0.8391  -0.5439

250    0.8265  -0.5630

250    0.8129  -0.5824

250    0.2984  -0.9545

250    0.0498  -0.9988

250   -0.1331  -0.9911

250   -0.3532  -0.9355

250   -0.3938  -0.9192

250   -0.4049  -0.9143

250   -0.9313  -0.3643

250   -0.9867  -0.1624

250   -0.9888  -0.1492

250   -0.9926  -0.1211

250   -0.9981   0.0621

250   -0.9358   0.3525

250   -0.9104   0.4138

275   -0.8017   0.5978

275   -0.6753   0.7375

275   -0.3614   0.9324

275   -0.3151   0.9491

275   -0.1007   0.9949

275    0.4140   0.9103

275    0.4339   0.9009

275    0.6812   0.7321

275    0.7622   0.6473

275    0.8946   0.4469

275    0.9422   0.3352

275    0.9930   0.1184

275    0.9988  -0.0489

275    0.9961  -0.0881

275    0.9941  -0.1087

275    0.9814  -0.1922

275    0.9454  -0.3259

275    0.8844  -0.4667

275    0.8391  -0.5439

275    0.8265  -0.5630

275    0.8129  -0.5824

275    0.2984  -0.9545

275    0.0498  -0.9988

275   -0.1331  -0.9911

275   -0.3532  -0.9355

275   -0.3938  -0.9192

275   -0.4049  -0.9143

275   -0.9313  -0.3643

275   -0.9867  -0.1624

275   -0.9888  -0.1492

275   -0.9926  -0.1211

275   -0.9981   0.0621

275   -0.9358   0.3525

275   -0.9104   0.4138

300   -0.8017   0.5978

300   -0.6753   0.7375

300   -0.3614   0.9324

300   -0.3151   0.9491

300   -0.1007   0.9949

300    0.4140   0.9103

300    0.4339   0.9009

300    0.6812   0.7321

300    0.7622   0.6473

300    0.8946   0.4469

300    0.9422   0.3352

300    0.9930   0.1184

300    0.9988  -0.0489

300    0.9961  -0.0881

300    0.9941  -0.1087

300    0.9814  -0.1922

300    0.9454  -0.3259

300    0.8844  -0.4667

300    0.8391  -0.5439

300    0.8265  -0.5630

300    0.8129  -0.5824

300    0.2984  -0.9545

300    0.0498  -0.9988

300   -0.1331  -0.9911

300   -0.3532  -0.9355

300   -0.3938  -0.9192

300   -0.4049  -0.9143

300   -0.9313  -0.3643

300   -0.9867  -0.1624

300   -0.9888  -0.1492

300   -0.9926  -0.1211

300   -0.9981   0.0621

300   -0.9358   0.3525

300   -0.9104   0.4138

325   -0.8017   0.5978

325   -0.6753   0.7375

325   -0.3614   0.9324

325   -0.3151   0.9491

325   -0.1007   0.9949

325    0.4140   0.9103

325    0.4339   0.9009

325    0.6812   0.7321

325    0.7622   0.6473

325    0.8946   0.4469

325    0.9422   0.3352

325    0.9930   0.1184

325    0.9988  -0.0489

325    0.9961  -0.0881

325    0.9941  -0.1087

325    0.9814  -0.1922

325    0.9454  -0.3259

325    0.8844  -0.4667

325    0.8391  -0.5439

325    0.8265  -0.5630

325    0.8129  -0.5824

325    0.2984  -0.9545

325    0.0498  -0.9988

325   -0.1331  -0.9911

325   -0.3532  -0.9355

325   -0.3938  -0.9192

325   -0.4049  -0.9143

325   -0.9313  -0.3643

325   -0.9867  -0.1624

325   -0.9888  -0.1492

325   -0.9926  -0.1211

325   -0.9981   0.0621

325   -0.9358   0.3525

325   -0.9104   0.4138

350   -0.8017   0.5978

350   -0.6753   0.7375

350   -0.3614   0.9324

350   -0.3151   0.9491

350   -0.1007   0.9949

350    0.4140   0.9103

350    0.4339   0.9009

350    0.6812   0.7321

350    0.7622   0.6473

350    0.8946   0.4469

350    0.9422   0.3352

350    0.9930   0.1184

350    0.9988  -0.0489

350    0.9961  -0.0881

350    0.9941  -0.1087

350    0.9814  -0.1922

350    0.9454  -0.3259

350    0.8844  -0.4667

350    0.8391  -0.5439

350    0.8265  -0.5630

350    0.8129  -0.5824

350    0.2984  -0.9545

350    0.0498  -0.9988

350   -0.1331  -0.9911

350   -0.3532  -0.9355

350   -0.3938  -0.9192

350   -0.4049  -0.9143

350   -0.9313  -0.3643

350   -0.9867  -0.1624

350   -0.9888  -0.1492

350   -0.9926  -0.1211

350   -0.9981   0.0621

350   -0.9358   0.3525

350   -0.9104   0.4138

375   -0.8017   0.5978

375   -0.6753   0.7375

375   -0.3614   0.9324

375   -0.3151   0.9491

375   -0.1007   0.9949

375    0.4140   0.9103

375    0.4339   0.9009

375    0.6812   0.7321

375    0.7622   0.6473

375    0.8946   0.4469

375    0.9422   0.3352

375    0.9930   0.1184

375    0.9988  -0.0489

375    0.9961  -0.0881

375    0.9941  -0.1087

375    0.9814  -0.1922

375    0.9454  -0.3259

375    0.8844  -0.4667

375    0.8391  -0.5439

375    0.8265  -0.5630

375    0.8129  -0.5824

375    0.2984  -0.9545

375    0.0498  -0.9988

375   -0.1331  -0.9911

375   -0.3532  -0.9355

375   -0.3938  -0.9192

375   -0.4049  -0.9143

375   -0.9313  -0.3643

375   -0.9867  -0.1624

375   -0.9888  -0.1492

375   -0.9926  -0.1211

375   -0.9981   0.0621

375   -0.9358   0.3525

375   -0.9104   0.4138

400   -0.8017   0.5978

400   -0.6753   0.7375

400   -0.3614   0.9324

400   -0.3151   0.9491

400   -0.1007   0.9949

400    0.4140   0.9103

400    0.4339   0.9009

400    0.6812   0.7321

400    0.7622   0.6473

400    0.8946   0.4469

400    0.9422   0.3352

400    0.9930   0.1184

400    0.9988  -0.0489

400    0.9961  -0.0881

400    0.9941  -0.1087

400    0.9814  -0.1922

400    0.9454  -0.3259

400    0.8844  -0.4667

400    0.8391  -0.5439

400    0.8265  -0.5630

400    0.8129  -0.5824

400    0.2984  -0.9545

400    0.0498  -0.9988

400   -0.1331  -0.9911

400   -0.3532  -0.9355

400   -0.3938  -0.9192

400   -0.4049  -0.9143

400   -0.9313  -0.3643

400   -0.9867  -0.1624

400   -0.9888  -0.1492

400   -0.9926  -0.1211

400   -0.9981   0.0621

400   -0.9358   0.3525

400   -0.9104   0.4138

425   -0.8017   0.5978

425   -0.6753   0.7375

425   -0.3614   0.9324

425   -0.3151   0.9491

425   -0.1007   0.9949

425    0.4140   0.9103

425    0.4339   0.9009

425    0.6812   0.7321

425    0.7622   0.6473

425    0.8946   0.4469

425    0.9422   0.3352

425    0.9930   0.1184

425    0.9988  -0.0489

425    0.9961  -0.0881

425    0.9941  -0.1087

425    0.9814  -0.1922

425    0.9454  -0.3259

425    0.8844  -0.4667

425    0.8391  -0.5439

425    0.8265  -0.5630

425    0.8129  -0.5824

425    0.2984  -0.9545

425    0.0498  -0.9988

425   -0.1331  -0.9911

425   -0.3532  -0.9355

425   -0.3938  -0.9192

425   -0.4049  -0.9143

425   -0.9313  -0.3643

425   -0.9867  -0.1624

425   -0.9888  -0.1492

425   -0.9926  -0.1211

425   -0.9981   0.0621

425   -0.9358   0.3525

425   -0.9104   0.4138

450   -0.8017   0.5978

450   -0.6753   0.7375

450   -0.3614   0.9324

450   -0.3151   0.9491

450   -0.1007   0.9949

450    0.4140   0.9103

450    0.4339   0.9009

450    0.6812   0.7321

450    0.7622   0.6473

450    0.8946   0.4469

450    0.9422   0.3352

450    0.9930   0.1184

450    0.9988  -0.0489

450    0.9961  -0.0881

450    0.9941  -0.1087

450    0.9814  -0.1922

450    0.9454  -0.3259

450    0.8844  -0.4667

450    0.8391  -0.5439

450    0.8265  -0.5630

450    0.8129  -0.5824

450    0.2984  -0.9545

450    0.0498  -0.9988

450   -0.1331  -0.9911

450   -0.3532  -0.9355

450   -0.3938  -0.9192

450   -0.4049  -0.9143

450   -0.9313  -0.3643

450   -0.9867  -0.1624

450   -0.9888  -0.1492

450   -0.9926  -0.1211

450   -0.9981   0.0621

450   -0.9358   0.3525

450   -0.9104   0.4138

475   -0.8017   0.5978

475   -0.6753   0.7375

475   -0.3614   0.9324

475   -0.3151   0.9491

475   -0.1007   0.9949

475    0.4140   0.9103

475    0.4339   0.9009

475    0.6812   0.7321

475    0.7622   0.6473

475    0.8946   0.4469

475    0.9422   0.3352

475    0.9930   0.1184

475    0.9988  -0.0489

475    0.9961  -0.0881

475    0.9941  -0.1087

475    0.9814  -0.1922

475    0.9454  -0.3259

475    0.8844  -0.4667

475    0.8391  -0.5439

475    0.8265  -0.5630

475    0.8129  -0.5824

475    0.2984  -0.9545

475    0.0498  -0.9988

475   -0.1331  -0.9911

475   -0.3532  -0.9355

475   -0.3938  -0.9192

475   -0.4049  -0.9143

475   -0.9313  -0.3643

475   -0.9867  -0.1624

475   -0.9888  -0.1492

475   -0.9926  -0.1211

475   -0.9981   0.0621

475   -0.9358   0.3525

475   -0.9104   0.4138

500   -0.8017   0.5978

500   -0.6753   0.7375

500   -0.3614   0.9324

500   -0.3151   0.9491

500   -0.1007   0.9949

500    0.4140   0.9103

500    0.4339   0.9009

500    0.6812   0.7321

500    0.7622   0.6473

500    0.8946   0.4469

500    0.9422   0.3352

500    0.9930   0.1184

500    0.9988  -0.0489

500    0.9961  -0.0881

500    0.9941  -0.1087

500    0.9814  -0.1922

500    0.9454  -0.3259

500    0.8844  -0.4667

500    0.8391  -0.5439

500    0.8265  -0.5630

500    0.8129  -0.5824

500    0.2984  -0.9545

500    0.0498  -0.9988

500   -0.1331  -0.9911

500   -0.3532  -0.9355

500   -0.3938  -0.9192

500   -0.4049  -0.9143

500   -0.9313  -0.3643

500   -0.9867  -0.1624

500   -0.9888  -0.1492

500   -0.9926  -0.1211

500   -0.9981   0.0621

500   -0.9358   0.3525

500   -0.9104   0.4138

525   -0.8017   0.5978

525   -0.6753   0.7375

525   -0.3614   0.9324

525   -0.3151   0.9491

525   -0.1007   0.9949

525    0.4140   0.9103

525    0.4339   0.9009

525    0.6812   0.7321

525    0.7622   0.6473

525    0.8946   0.4469

525    0.9422   0.3352

525    0.9930   0.1184

525    0.9988  -0.0489

525    0.9961  -0.0881

525    0.9941  -0.1087

525    0.9814  -0.1922

525    0.9454  -0.3259

525    0.8844  -0.4667

525    0.8391  -0.5439

525    0.8265  -0.5630

525    0.8129  -0.5824

525    0.2984  -0.9545

525    0.0498  -0.9988

525   -0.1331  -0.9911

525   -0.3532  -0.9355

525   -0.3938  -0.9192

525   -0.4049  -0.9143

525   -0.9313  -0.3643

525   -0.9867  -0.1624

525   -0.9888  -0.1492

525   -0.9926  -0.1211

525   -0.9981   0.0621

525   -0.9358   0.3525

525   -0.9104   0.4138

550   -0.8017   0.5978

550   -0.6753   0.7375

550   -0.3614   0.9324

550   -0.3151   0.9491

550   -0.1007   0.9949

550    0.4140   0.9103

550    0.4339   0.9009

550    0.6812   0.7321

550    0.7622   0.6473

550    0.8946   0.4469

550    0.9422   0.3352

550    0.9930   0.1184

550    0.9988  -0.0489

550    0.9961  -0.0881

550    0.9941  -0.1087

550    0.9814  -0.1922

550    0.9454  -0.3259

550    0.8844  -0.4667

550    0.8391  -0.5439

550    0.8265  -0.5630

550    0.8129  -0.5824

550    0.2984  -0.9545

550    0.0498  -0.9988

550   -0.1331  -0.9911

550   -0.3532  -0.9355

550   -0.3938  -0.9192

550   -0.4049  -0.9143

550   -0.9313  -0.3643

550   -0.9867  -0.1624

550   -0.9888  -0.1492

550   -0.9926  -0.1211

550   -0.9981   0.0621

550   -0.9358   0.3525

550   -0.9104   0.4138

575   -0.8017   0.5978

575   -0.6753   0.7375

575   -0.3614   0.9324

575   -0.3151   0.9491

575   -0.1007   0.9949

575    0.4140   0.9103

575    0.4339   0.9009

575    0.6812   0.7321

575    0.7622   0.6473

575    0.8946   0.4469

575    0.9422   0.3352

575    0.9930   0.1184

575    0.9988  -0.0489

575    0.9961  -0.0881

575    0.9941  -0.1087

575    0.9814  -0.1922

575    0.9454  -0.3259

575    0.8844  -0.4667

575    0.8391  -0.5439

575    0.8265  -0.5630

575    0.8129  -0.5824

575    0.2984  -0.9545

575    0.0498  -0.9988

575   -0.1331  -0.9911

575   -0.3532  -0.9355

575   -0.3938  -0.9192

575   -0.4049  -0.9143

575   -0.9313  -0.3643

575   -0.9867  -0.1624

575   -0.9888  -0.1492

575   -0.9926  -0.1211

575   -0.9981   0.0621

575   -0.9358   0.3525

575   -0.9104   0.4138

600   -0.8017   0.5978

600   -0.6753   0.7375

600   -0.3614   0.9324

600   -0.3151   0.9491

600   -0.1007   0.9949

600    0.4140   0.9103

600    0.4339   0.9009

600    0.6812   0.7321

600    0.7622   0.6473

600    0.8946   0.4469

600    0.9422   0.3352

600    0.9930   0.1184

600    0.9988  -0.0489

600    0.9961  -0.0881

600    0.9941  -0.1087

600    0.9814  -0.1922

600    0.9454  -0.3259

600    0.8844  -0.4667

600    0.8391  -0.5439

600    0.8265  -0.5630

600    0.8129  -0.5824

600    0.2984  -0.9545

600    0.0498  -0.9988

600   -0.1331  -0.9911

600   -0.3532  -0.9355

600   -0.3938  -0.9192

600   -0.4049  -0.9143

600   -0.9313  -0.3643

600   -0.9867  -0.1624

600   -0.9888  -0.1492

600   -0.9926  -0.1211

600   -0.9981   0.0621

600   -0.9358   0.3525

600   -0.9104   0.4138

625   -0.8017   0.5978

625   -0.6753   0.7375

625   -0.3614   0.9324

625   -0.3151   0.9491

625   -0.1007   0.9949

625    0.4140   0.9103

625    0.4339   0.9009

625    0.6812   0.7321

625    0.7622   0.6473

625    0.8946   0.4469

625    0.9422   0.3352

625    0.9930   0.1184

625    0.9988  -0.0489

625    0.9961  -0.0881

625    0.9941  -0.1087

625    0.9814  -0.1922

625    0.9454  -0.3259

625    0.8844  -0.4667

625    0.8391  -0.5439

625    0.8265  -0.5630

625    0.8129  -0.5824

625    0.2984  -0.9545

625    0.0498  -0.9988

625   -0.1331  -0.9911

625   -0.3532  -0.9355

625   -0.3938  -0.9192

625   -0.4049  -0.9143

625   -0.9313  -0.3643

625   -0.9867  -0.1624

625   -0.9888  -0.1492

625   -0.9926  -0.1211

625   -0.9981   0.0621

625   -0.9358   0.3525

625   -0.9104   0.4138

650   -0.8017   0.5978

650   -0.6753   0.7375

650   -0.3614   0.9324

650   -0.3151   0.9491

650   -0.1007   0.9949

650    0.4140   0.9103

650    0.4339   0.9009

650    0.6812   0.7321

650    0.7622   0.6473

650    0.8946   0.4469

650    0.9422   0.3352

650    0.9930   0.1184

650    0.9988  -0.0489

650    0.9961  -0.0881

650    0.9941  -0.1087

650    0.9814  -0.1922

650    0.9454  -0.3259

650    0.8844  -0.4667

650    0.8391  -0.5439

650    0.8265  -0.5630

650    0.8129  -0.5824

650    0.2984  -0.9545

650    0.0498  -0.9988

650   -0.1331  -0.9911

650   -0.3532  -0.9355

650   -0.3938  -0.9192

650   -0.4049  -0.9143

650   -0.9313  -0.3643

650   -0.9867  -0.1624

650   -0.9888  -0.1492

650   -0.9926  -0.1211

650   -0.9981   0.0621

650   -0.9358   0.3525

650   -0.9104   0.4138

675   -0.8017   0.5978

675   -0.6753   0.7375

675   -0.3614   0.9324

675   -0.3151   0.9491

675   -0.1007   0.9949

675    0.4140   0.9103

675    0.4339   0.9009

675    0.6812   0.7321

675    0.7622   0.6473

675    0.8946   0.4469

675    0.9422   0.3352

675    0.9930   0.1184

675    0.9988  -0.0489

675    0.9961  -0.0881

675    0.9941  -0.1087

675    0.9814  -0.1922

675    0.9454  -0.3259

675    0.8844  -0.4667

675    0.8391  -0.5439

675    0.8265  -0.5630

675    0.8129  -0.5824

675    0.2984  -0.9545

675    0.0498  -0.9988

675   -0.1331  -0.9911

675   -0.3532  -0.9355

675   -0.3938  -0.9192

675   -0.4049  -0.9143

675   -0.9313  -0.3643

675   -0.9867  -0.1624

675   -0.9888  -0.1492

675   -0.9926  -0.1211

675   -0.9981   0.0621

675   -0.9358   0.3525

675   -0.9104   0.4138

700   -0.8017   0.5978

700   -0.6753   0.7375

700   -0.3614   0.9324

700   -0.3151   0.9491

700   -0.1007   0.9949

700    0.4140   0.9103

700    0.4339   0.9009

700    0.6812   0.7321

700    0.7622   0.6473

700    0.8946   0.4469

700    0.9422   0.3352

700    0.9930   0.1184

700    0.9988  -0.0489

700    0.9961  -0.0881

700    0.9941  -0.1087

700    0.9814  -0.1922

700    0.9454  -0.3259

700    0.8844  -0.4667

700    0.8391  -0.5439

700    0.8265  -0.5630

700    0.8129  -0.5824

700    0.2984  -0.9545

700    0.0498  -0.9988

700   -0.1331  -0.9911

700   -0.3532  -0.9355

700   -0.3938  -0.9192

700   -0.4049  -0.9143

700   -0.9313  -0.3643

700   -0.9867  -0.1624

700   -0.9888  -0.1492

700   -0.9926  -0.1211

700   -0.9981   0.0621

700   -0.9358   0.3525

700   -0.9104   0.4138

725   -0.8017   0.5978

725   -0.6753   0.7375

725   -0.3614   0.9324

725   -0.3151   0.9491

725   -0.1007   0.9949

725    0.4140   0.9103

725    0.4339   0.9009

725    0.6812   0.7321

725    0.7622   0.6473

725    0.8946   0.4469

725    0.9422   0.3352

725    0.9930   0.1184

725    0.9988  -0.0489

725    0.9961  -0.0881

725    0.9941  -0.1087

725    0.9814  -0.1922

725    0.9454  -0.3259

725    0.8844  -0.4667

725    0.8391  -0.5439

725    0.8265  -0.5630

725    0.8129  -0.5824

725    0.2984  -0.9545

725    0.0498  -0.9988

725   -0.1331  -0.9911

725   -0.3532  -0.9355

725   -0.3938  -0.9192

725   -0.4049  -0.9143

725   -0.9313  -0.3643

725   -0.9867  -0.1624

725   -0.9888  -0.1492

725   -0.9926  -0.1211

725   -0.9981   0.0621

725   -0.9358   0.3525

725   -0.9104   0.4138

750   -0.8017   0.5978

750   -0.6753   0.7375

750   -0.3614   0.9324

750   -0.3151   0.9491

750   -0.1007   0.9949

750    0.4140   0.9103

750    0.4339   0.9009

750    0.6812   0.7321

750    0.7622   0.6473

750    0.8946   0.4469

750    0.9422   0.3352

750    0.9930   0.1184

750    0.9988  -0.0489

750    0.9961  -0.0881

750    0.9941  -0.1087

750    0.9814  -0.1922

750    0.9454  -0.3259

750    0.8844  -0.4667

750    0.8391  -0.5439

750    0.8265  -0.5630

750    0.8129  -0.5824

750    0.2984  -0.9545

750    0.0498  -0.9988

750   -0.1331  -0.9911

750   -0.3532  -0.9355

750   -0.3938  -0.9192

750   -0.4049  -0.9143

750   -0.9313  -0.3643

750   -0.9867  -0.1624

750   -0.9888  -0.1492

750   -0.9926  -0.1211

750   -0.9981   0.0621

750   -0.9358   0.3525

750   -0.9104   0.4138

775   -0.8017   0.5978

775   -0.6753   0.7375

775   -0.3614   0.9324

775   -0.3151   0.9491

775   -0.1007   0.9949

775    0.4140   0.9103

775    0.4339   0.9009

775    0.6812   0.7321

775    0.7622   0.6473

775    0.8946   0.4469

775    0.9422   0.3352

775    0.9930   0.1184

775    0.9988  -0.0489

775    0.9961  -0.0881

775    0.9941  -0.1087

775    0.9814  -0.1922

775    0.9454  -0.3259

775    0.8844  -0.4667

775    0.8391  -0.5439

775    0.8265  -0.5630

775    0.8129  -0.5824

775    0.2984  -0.9545

775    0.0498  -0.9988

775   -0.1331  -0.9911

775   -0.3532  -0.9355

775   -0.3938  -0.9192

775   -0.4049  -0.9143

775   -0.9313  -0.3643

775   -0.9867  -0.1624

775   -0.9888  -0.1492

775   -0.9926  -0.1211

775   -0.9981   0.0621

775   -0.9358   0.3525

775   -0.9104   0.4138

800   -0.8017   0.5978

800   -0.6753   0.7375

800   -0.3614   0.9324

800   -0.3151   0.9491

800   -0.1007   0.9949

800    0.4140   0.9103

800    0.4339   0.9009

800    0.6812   0.7321

800    0.7622   0.6473

800    0.8946   0.4469

800    0.9422   0.3352

800    0.9930   0.1184

800    0.9988  -0.0489

800    0.9961  -0.0881

800    0.9941  -0.1087

800    0.9814  -0.1922

800    0.9454  -0.3259

800    0.8844  -0.4667

800    0.8391  -0.5439

800    0.8265  -0.5630

800    0.8129  -0.5824

800    0.2984  -0.9545

800    0.0498  -0.9988

800   -0.1331  -0.9911

800   -0.3532  -0.9355

800   -0.3938  -0.9192

800   -0.4049  -0.9143

800   -0.9313  -0.3643

800   -0.9867  -0.1624

800   -0.9888  -0.1492

800   -0.9926  -0.1211

800   -0.9981   0.0621

800   -0.9358   0.3525

800   -0.9104   0.4138

825   -0.8017   0.5978

825   -0.6753   0.7375

825   -0.3614   0.9324

825   -0.3151   0.9491

825   -0.1007   0.9949

825    0.4140   0.9103

825    0.4339   0.9009

825    0.6812   0.7321

825    0.7622   0.6473

825    0.8946   0.4469

825    0.9422   0.3352

825    0.9930   0.1184

825    0.9988  -0.0489

825    0.9961  -0.0881

825    0.9941  -0.1087

825    0.9814  -0.1922

825    0.9454  -0.3259

825    0.8844  -0.4667

825    0.8391  -0.5439

825    0.8265  -0.5630

825    0.8129  -0.5824

825    0.2984  -0.9545

825    0.0498  -0.9988

825   -0.1331  -0.9911

825   -0.3532  -0.9355

825   -0.3938  -0.9192

825   -0.4049  -0.9143

825   -0.9313  -0.3643

825   -0.9867  -0.1624

825   -0.9888  -0.1492

825   -0.9926  -0.1211

825   -0.9981   0.0621

825   -0.9358   0.3525

825   -0.9104   0.4138

850   -0.8017   0.5978

850   -0.6753   0.7375

850   -0.3614   0.9324

850   -0.3151   0.9491

850   -0.1007   0.9949

850    0.4140   0.9103

850    0.4339   0.9009

850    0.6812   0.7321

850    0.7622   0.6473

850    0.8946   0.4469

850    0.9422   0.3352

850    0.9930   0.1184

850    0.9988  -0.0489

850    0.9961  -0.0881

850    0.9941  -0.1087

850    0.9814  -0.1922

850    0.9454  -0.3259

850    0.8844  -0.4667

850    0.8391  -0.5439

850    0.8265  -0.5630

850    0.8129  -0.5824

850    0.2984  -0.9545

850    0.0498  -0.9988

850   -0.1331  -0.9911

850   -0.3532  -0.9355

850   -0.3938  -0.9192

850   -0.4049  -0.9143

850   -0.9313  -0.3643

850   -0.9867  -0.1624

850   -0.9888  -0.1492

850   -0.9926  -0.1211

850   -0.9981   0.0621

850   -0.9358   0.3525

850   -0.9104   0.4138

875   -0.8017   0.5978

875   -0.6753   0.7375

875   -0.3614   0.9324

875   -0.3151   0.9491

875   -0.1007   0.9949

875    0.4140   0.9103

875    0.4339   0.9009

875    0.6812   0.7321

875    0.7622   0.6473

875    0.8946   0.4469

875    0.9422   0.3352

875    0.9930   0.1184

875    0.9988  -0.0489

875    0.9961  -0.0881

875    0.9941  -0.1087

875    0.9814  -0.1922

875    0.9454  -0.3259

875    0.8844  -0.4667

875    0.8391  -0.5439

875    0.8265  -0.5630

875    0.8129  -0.5824

875    0.2984  -0.9545

875    0.0498  -0.9988

875   -0.1331  -0.9911

875   -0.3532  -0.9355

875   -0.3938  -0.9192

875   -0.4049  -0.9143

875   -0.9313  -0.3643

875   -0.9867  -0.1624

875   -0.9888  -0.1492

875   -0.9926  -0.1211

875   -0.9981   0.0621

875   -0.9358   0.3525

875   -0.9104   0.4138

900   -0.8017   0.5978

900   -0.6753   0.7375

900   -0.3614   0.9324

900   -0.3151   0.9491

900   -0.1007   0.9949

900    0.4140   0.9103

900    0.4339   0.9009

900    0.6812   0.7321

900    0.7622   0.6473

900    0.8946   0.4469

900    0.9422   0.3352

900    0.9930   0.1184

900    0.9988  -0.0489

900    0.9961  -0.0881

900    0.9941  -0.1087

900    0.9814  -0.1922

900    0.9454  -0.3259

900    0.8844  -0.4667

900    0.8391  -0.5439

900    0.8265  -0.5630

900    0.8129  -0.5824

900    0.2984  -0.9545

900    0.0498  -0.9988

900   -0.1331  -0.9911

900   -0.3532  -0.9355

900   -0.3938  -0.9192

900   -0.4049  -0.9143

900   -0.9313  -0.3643

900   -0.9867  -0.1624

900   -0.9888  -0.1492

900   -0.9926  -0.1211

900   -0.9981   0.0621

900   -0.9358   0.3525

900   -0.9104   0.4138

925   -0.8017   0.5978

925   -0.6753   0.7375

925   -0.3614   0.9324

925   -0.3151   0.9491

925   -0.1007   0.9949

925    0.4140   0.9103

925    0.4339   0.9009

925    0.6812   0.7321

925    0.7622   0.6473

925    0.8946   0.4469

925    0.9422   0.3352

925    0.9930   0.1184

925    0.9988  -0.0489

925    0.9961  -0.0881

925    0.9941  -0.1087

925    0.9814  -0.1922

925    0.9454  -0.3259

925    0.8844  -0.4667

925    0.8391  -0.5439

925    0.8265  -0.5630

925    0.8129  -0.5824

925    0.2984  -0.9545

925    0.0498  -0.9988

925   -0.1331  -0.9911

925   -0.3532  -0.9355

925   -0.3938  -0.9192

925   -0.4049  -0.9143

925   -0.9313  -0.3643

925   -0.9867  -0.1624

925   -0.9888  -0.1492

925   -0.9926  -0.1211

925   -0.9981   0.0621

925   -0.9358   0.3525

925   -0.9104   0.4138

950   -0.8017   0.5978

950   -0.6753   0.7375

950   -0.3614   0.9324

950   -0.3151   0.9491

950   -0.1007   0.9949

950    0.4140   0.9103

950    0.4339   0.9009

950    0.6812   0.7321

950    0.7622   0.6473

950    0.8946   0.4469

950    0.9422   0.3352

950    0.9930   0.1184

950    0.9988  -0.0489

950    0.9961  -0.0881

950    0.9941  -0.1087

950    0.9814  -0.1922

950    0.9454  -0.3259

950    0.8844  -0.4667

950    0.8391  -0.5439

950    0.8265  -0.5630

950    0.8129  -0.5824

950    0.2984  -0.9545

950    0.0498  -0.9988

950   -0.1331  -0.9911

950   -0.3532  -0.9355

950   -0.3938  -0.9192

950   -0.4049  -0.9143

950   -0.9313  -0.3643

950   -0.9867  -0.1624

950   -0.9888  -0.1492

950   -0.9926  -0.1211

950   -0.9981   0.0621

950   -0.9358   0.3525

950   -0.9104   0.4138

975   -0.8017   0.5978

975   -0.6753   0.7375

975   -0.3614   0.9324

975   -0.3151   0.9491

975   -0.1007   0.9949

975    0.4140   0.9103

975    0.4339   0.9009

975    0.6812   0.7321

975    0.7622   0.6473

975    0.8946   0.4469

975    0.9422   0.3352

975    0.9930   0.1184

975    0.9988  -0.0489

975    0.9961  -0.0881

975    0.9941  -0.1087

975    0.9814  -0.1922

975    0.9454  -0.3259

975    0.8844  -0.4667

975    0.8391  -0.5439

975    0.8265  -0.5630

975    0.8129  -0.5824

975    0.2984  -0.9545

975    0.0498  -0.9988

975   -0.1331  -0.9911

975   -0.3532  -0.9355

975   -0.3938  -0.9192

975   -0.4049  -0.9143

975   -0.9313  -0.3643

975   -0.9867  -0.1624

975   -0.9888  -0.1492

975   -0.9926  -0.1211

975   -0.9981   0.0621

975   -0.9358   0.3525

975   -0.9104   0.4138

1000   -0.8017   0.5978

1000   -0.6753   0.7375

1000   -0.3614   0.9324

1000   -0.3151   0.9491

1000   -0.1007   0.9949

1000    0.4140   0.9103

1000    0.4339   0.9009

1000    0.6812   0.7321

1000    0.7622   0.6473

1000    0.8946   0.4469

1000    0.9422   0.3352

1000    0.9930   0.1184

1000    0.9988  -0.0489

1000    0.9961  -0.0881

1000    0.9941  -0.1087

1000    0.9814  -0.1922

1000    0.9454  -0.3259

1000    0.8844  -0.4667

1000    0.8391  -0.5439

1000    0.8265  -0.5630

1000    0.8129  -0.5824

1000    0.2984  -0.9545

1000    0.0498  -0.9988

1000   -0.1331  -0.9911

1000   -0.3532  -0.9355

1000   -0.3938  -0.9192

1000   -0.4049  -0.9143

1000   -0.9313  -0.3643

1000   -0.9867  -0.1624

1000   -0.9888  -0.1492

1000   -0.9926  -0.1211

1000   -0.9981   0.0621

1000   -0.9358   0.3525

1000   -0.9104   0.4138

1025   -0.8017   0.5978

1025   -0.6753   0.7375

1025   -0.3614   0.9324

1025   -0.3151   0.9491

1025   -0.1007   0.9949

1025    0.4140   0.9103

1025    0.4339   0.9009

1025    0.6812   0.7321

1025    0.7622   0.6473

1025    0.8946   0.4469

1025    0.9422   0.3352

1025    0.9930   0.1184

1025    0.9988  -0.0489

1025    0.9961  -0.0881

1025    0.9941  -0.1087

1025    0.9814  -0.1922

1025    0.9454  -0.3259

1025    0.8844  -0.4667

1025    0.8391  -0.5439

1025    0.8265  -0.5630

1025    0.8129  -0.5824

1025    0.2984  -0.9545

1025    0.0498  -0.9988

1025   -0.1331  -0.9911

1025   -0.3532  -0.9355

1025   -0.3938  -0.9192

1025   -0.4049  -0.9143

1025   -0.9313  -0.3643

1025   -0.9867  -0.1624

1025   -0.9888  -0.1492

1025   -0.9926  -0.1211

1025   -0.9981   0.0621

1025   -0.9358   0.3525

1025   -0.9104   0.4138

1050   -0.8017   0.5978

1050   -0.6753   0.7375

1050   -0.3614   0.9324

1050   -0.3151   0.9491

1050   -0.1007   0.9949

1050    0.4140   0.9103

1050    0.4339   0.9009

1050    0.6812   0.7321

1050    0.7622   0.6473

1050    0.8946   0.4469

1050    0.9422   0.3352

1050    0.9930   0.1184

1050    0.9988  -0.0489

1050    0.9961  -0.0881

1050    0.9941  -0.1087

1050    0.9814  -0.1922

1050    0.9454  -0.3259

1050    0.8844  -0.4667

1050    0.8391  -0.5439

1050    0.8265  -0.5630

1050    0.8129  -0.5824

1050    0.2984  -0.9545

1050    0.0498  -0.9988

1050   -0.1331  -0.9911

1050   -0.3532  -0.9355

1050   -0.3938  -0.9192

1050   -0.4049  -0.9143

1050   -0.9313  -0.3643

1050   -0.9867  -0.1624

1050   -0.9888  -0.1492

1050   -0.9926  -0.1211

1050   -0.9981   0.0621

1050   -0.9358   0.3525

1050   -0.9104   0.4138

1075   -0.8017   0.5978

1075   -0.6753   0.7375

1075   -0.3614   0.9324

1075   -0.3151   0.9491

1075   -0.1007   0.9949

1075    0.4140   0.9103

1075    0.4339   0.9009

1075    0.6812   0.7321

1075    0.7622   0.6473

1075    0.8946   0.4469

1075    0.9422   0.3352

1075    0.9930   0.1184

1075    0.9988  -0.0489

1075    0.9961  -0.0881

1075    0.9941  -0.1087

1075    0.9814  -0.1922

1075    0.9454  -0.3259

1075    0.8844  -0.4667

1075    0.8391  -0.5439

1075    0.8265  -0.5630

1075    0.8129  -0.5824

1075    0.2984  -0.9545

1075    0.0498  -0.9988

1075   -0.1331  -0.9911

1075   -0.3532  -0.9355

1075   -0.3938  -0.9192

1075   -0.4049  -0.9143

1075   -0.9313  -0.3643

1075   -0.9867  -0.1624

1075   -0.9888  -0.1492

1075   -0.9926  -0.1211

1075   -0.9981   0.0621

1075   -0.9358   0.3525

1075   -0.9104   0.4138

1100   -0.8017   0.5978

1100   -0.6753   0.7375

1100   -0.3614   0.9324

1100   -0.3151   0.9491

1100   -0.1007   0.9949

1100    0.4140   0.9103

1100    0.4339   0.9009

1100    0.6812   0.7321

1100    0.7622   0.6473

1100    0.8946   0.4469

1100    0.9422   0.3352

1100    0.9930   0.1184

1100    0.9988  -0.0489

1100    0.9961  -0.0881

1100    0.9941  -0.1087

1100    0.9814  -0.1922

1100    0.9454  -0.3259

1100    0.8844  -0.4667

1100    0.8391  -0.5439

1100    0.8265  -0.5630

1100    0.8129  -0.5824

1100    0.2984  -0.9545

1100    0.0498  -0.9988

1100   -0.1331  -0.9911

1100   -0.3532  -0.9355

1100   -0.3938  -0.9192

1100   -0.4049  -0.9143

1100   -0.9313  -0.3643

1100   -0.9867  -0.1624

1100   -0.9888  -0.1492

1100   -0.9926  -0.1211

1100   -0.9981   0.0621

1100   -0.9358   0.3525

1100   -0.9104   0.4138

1125   -0.8017   0.5978

1125   -0.6753   0.7375

1125   -0.3614   0.9324

1125   -0.3151   0.9491

1125   -0.1007   0.9949

1125    0.4140   0.9103

1125    0.4339   0.9009

1125    0.6812   0.7321

1125    0.7622   0.6473

1125    0.8946   0.4469

1125    0.9422   0.3352

1125    0.9930   0.1184

1125    0.9988  -0.0489

1125    0.9961  -0.0881

1125    0.9941  -0.1087

1125    0.9814  -0.1922

1125    0.9454  -0.3259

1125    0.8844  -0.4667

1125    0.8391  -0.5439

1125    0.8265  -0.5630

1125    0.8129  -0.5824

1125    0.2984  -0.9545

1125    0.0498  -0.9988

1125   -0.1331  -0.9911

1125   -0.3532  -0.9355

1125   -0.3938  -0.9192

1125   -0.4049  -0.9143

1125   -0.9313  -0.3643

1125   -0.9867  -0.1624

1125   -0.9888  -0.1492

1125   -0.9926  -0.1211

1125   -0.9981   0.0621

1125   -0.9358   0.3525

1125   -0.9104   0.4138

1150   -0.8017   0.5978

1150   -0.6753   0.7375

1150   -0.3614   0.9324

1150   -0.3151   0.9491

1150   -0.1007   0.9949

1150    0.4140   0.9103

1150    0.4339   0.9009

1150    0.6812   0.7321

1150    0.7622   0.6473

1150    0.8946   0.4469

1150    0.9422   0.3352

1150    0.9930   0.1184

1150    0.9988  -0.0489

1150    0.9961  -0.0881

1150    0.9941  -0.1087

1150    0.9814  -0.1922

1150    0.9454  -0.3259

1150    0.8844  -0.4667

1150    0.8391  -0.5439

1150    0.8265  -0.5630

1150    0.8129  -0.5824

1150    0.2984  -0.9545

1150    0.0498  -0.9988

1150   -0.1331  -0.9911

1150   -0.3532  -0.9355

1150   -0.3938  -0.9192

1150   -0.4049  -0.9143

1150   -0.9313  -0.3643

1150   -0.9867  -0.1624

1150   -0.9888  -0.1492

1150   -0.9926  -0.1211

1150   -0.9981   0.0621

1150   -0.9358   0.3525

1150   -0.9104   0.4138

1175   -0.8017   0.5978

1175   -0.6753   0.7375

1175   -0.3614   0.9324

1175   -0.3151   0.9491

1175   -0.1007   0.9949

1175    0.4140   0.9103

1175    0.4339   0.9009

1175    0.6812   0.7321

1175    0.7622   0.6473

1175    0.8946   0.4469

1175    0.9422   0.3352

1175    0.9930   0.1184

1175    0.9988  -0.0489

1175    0.9961  -0.0881

1175    0.9941  -0.1087

1175    0.9814  -0.1922

1175    0.9454  -0.3259

1175    0.8844  -0.4667

1175    0.8391  -0.5439

1175    0.8265  -0.5630

1175    0.8129  -0.5824

1175    0.2984  -0.9545

1175    0.0498  -0.9988

1175   -0.1331  -0.9911

1175   -0.3532  -0.9355

1175   -0.3938  -0.9192

1175   -0.4049  -0.9143

1175   -0.9313  -0.3643

1175   -0.9867  -0.1624

1175   -0.9888  -0.1492

1175   -0.9926  -0.1211

1175   -0.9981   0.0621

1175   -0.9358   0.3525

1175   -0.9104   0.4138

1200   -0.8017   0.5978

1200   -0.6753   0.7375

1200   -0.3614   0.9324

1200   -0.3151   0.9491

1200   -0.1007   0.9949

1200    0.4140   0.9103

1200    0.4339   0.9009

1200    0.6812   0.7321

1200    0.7622   0.6473

1200    0.8946   0.4469

1200    0.9422   0.3352

1200    0.9930   0.1184

1200    0.9988  -0.0489

1200    0.9961  -0.0881

1200    0.9941  -0.1087

1200    0.9814  -0.1922

1200    0.9454  -0.3259

1200    0.8844  -0.4667

1200    0.8391  -0.5439

1200    0.8265  -0.5630

1200    0.8129  -0.5824

1200    0.2984  -0.9545

1200    0.0498  -0.9988

1200   -0.1331  -0.9911

1200   -0.3532  -0.9355

1200   -0.3938  -0.9192

1200   -0.4049  -0.9143

1200   -0.9313  -0.3643

1200   -0.9867  -0.1624

1200   -0.9888  -0.1492

1200   -0.9926  -0.1211

1200   -0.9981   0.0621

1200   -0.9358   0.3525

1200   -0.9104   0.4138

1225   -0.8017   0.5978

1225   -0.6753   0.7375

1225   -0.3614   0.9324

1225   -0.3151   0.9491

1225   -0.1007   0.9949

1225    0.4140   0.9103

1225    0.4339   0.9009

1225    0.6812   0.7321

1225    0.7622   0.6473

1225    0.8946   0.4469

1225    0.9422   0.3352

1225    0.9930   0.1184

1225    0.9988  -0.0489

1225    0.9961  -0.0881

1225    0.9941  -0.1087

1225    0.9814  -0.1922

1225    0.9454  -0.3259

1225    0.8844  -0.4667

1225    0.8391  -0.5439

1225    0.8265  -0.5630

1225    0.8129  -0.5824

1225    0.2984  -0.9545

1225    0.0498  -0.9988

1225   -0.1331  -0.9911

1225   -0.3532  -0.9355

1225   -0.3938  -0.9192

1225   -0.4049  -0.9143

1225   -0.9313  -0.3643

1225   -0.9867  -0.1624

1225   -0.9888  -0.1492

1225   -0.9926  -0.1211

1225   -0.9981   0.0621

1225   -0.9358   0.3525

1225   -0.9104   0.4138

1250   -0.8017   0.5978

1250   -0.6753   0.7375

1250   -0.3614   0.9324

1250   -0.3151   0.9491

1250   -0.1007   0.9949

1250    0.4140   0.9103

1250    0.4339   0.9009

1250    0.6812   0.7321

1250    0.7622   0.6473

1250    0.8946   0.4469

1250    0.9422   0.3352

1250    0.9930   0.1184

1250    0.9988  -0.0489

1250    0.9961  -0.0881

1250    0.9941  -0.1087

1250    0.9814  -0.1922

1250    0.9454  -0.3259

1250    0.8844  -0.4667

1250    0.8391  -0.5439

1250    0.8265  -0.5630

1250    0.8129  -0.5824

1250    0.2984  -0.9545

1250    0.0498  -0.9988

1250   -0.1331  -0.9911

1250   -0.3532  -0.9355

1250   -0.3938  -0.9192

1250   -0.4049  -0.9143

1250   -0.9313  -0.3643

1250   -0.9867  -0.1624

1250   -0.9888  -0.1492

1250   -0.9926  -0.1211

1250   -0.9981   0.0621

1250   -0.9358   0.3525

1250   -0.9104   0.4138

1275   -0.8017   0.5978

1275   -0.6753   0.7375

1275   -0.3614   0.9324

1275   -0.3151   0.9491

1275   -0.1007   0.9949

1275    0.4140   0.9103

1275    0.4339   0.9009

1275    0.6812   0.7321

1275    0.7622   0.6473

1275    0.8946   0.4469

1275    0.9422   0.3352

1275    0.9930   0.1184

1275    0.9988  -0.0489

1275    0.9961  -0.0881

1275    0.9941  -0.1087

1275    0.9814  -0.1922

1275    0.9454  -0.3259

1275    0.8844  -0.4667

1275    0.8391  -0.5439

1275    0.8265  -0.5630

1275    0.8129  -0.5824

1275    0.2984  -0.9545

1275    0.0498  -0.9988

1275   -0.1331  -0.9911

1275   -0.3532  -0.9355

1275   -0.3938  -0.9192

1275   -0.4049  -0.9143

1275   -0.9313  -0.3643

1275   -0.9867  -0.1624

1275   -0.9888  -0.1492

1275   -0.9926  -0.1211

1275   -0.9981   0.0621

1275   -0.9358   0.3525

1275   -0.9104   0.4138

1300   -0.8017   0.5978

1300   -0.6753   0.7375

1300   -0.3614   0.9324

1300   -0.3151   0.9491

1300   -0.1007   0.9949

1300    0.4140   0.9103

1300    0.4339   0.9009

1300    0.6812   0.7321

1300    0.7622   0.6473

1300    0.8946   0.4469

1300    0.9422   0.3352

1300    0.9930   0.1184

1300    0.9988  -0.0489

1300    0.9961  -0.0881

1300    0.9941  -0.1087

1300    0.9814  -0.1922

1300    0.9454  -0.3259

1300    0.8844  -0.4667

1300    0.8391  -0.5439

1300    0.8265  -0.5630

1300    0.8129  -0.5824

1300    0.2984  -0.9545

1300    0.0498  -0.9988

1300   -0.1331  -0.9911

1300   -0.3532  -0.9355

1300   -0.3938  -0.9192

1300   -0.4049  -0.9143

1300   -0.9313  -0.3643

1300   -0.9867  -0.1624

1300   -0.9888  -0.1492

1300   -0.9926  -0.1211

1300   -0.9981   0.0621

1300   -0.9358   0.3525

1300   -0.9104   0.4138

1325   -0.8017   0.5978

1325   -0.6753   0.7375

1325   -0.3614   0.9324

1325   -0.3151   0.9491

1325   -0.1007   0.9949

1325    0.4140   0.9103

1325    0.4339   0.9009

1325    0.6812   0.7321

1325    0.7622   0.6473

1325    0.8946   0.4469

1325    0.9422   0.3352

1325    0.9930   0.1184

1325    0.9988  -0.0489

1325    0.9961  -0.0881

1325    0.9941  -0.1087

1325    0.9814  -0.1922

1325    0.9454  -0.3259

1325    0.8844  -0.4667

1325    0.8391  -0.5439

1325    0.8265  -0.5630

1325    0.8129  -0.5824

1325    0.2984  -0.9545

1325    0.0498  -0.9988

1325   -0.1331  -0.9911

1325   -0.3532  -0.9355

1325   -0.3938  -0.9192

1325   -0.4049  -0.9143

1325   -0.9313  -0.3643

1325   -0.9867  -0.1624

1325   -0.9888  -0.1492

1325   -0.9926  -0.1211

1325   -0.9981   0.0621

1325   -0.9358   0.3525

1325   -0.9104   0.4138

1350   -0.8017   0.5978

1350   -0.6753   0.7375

1350   -0.3614   0.9324

1350   -0.3151   0.9491

1350   -0.1007   0.9949

1350    0.4140   0.9103

1350    0.4339   0.9009

1350    0.6812   0.7321

1350    0.7622   0.6473

1350    0.8946   0.4469

1350    0.9422   0.3352

1350    0.9930   0.1184

1350    0.9988  -0.0489

1350    0.9961  -0.0881

1350    0.9941  -0.1087

1350    0.9814  -0.1922

1350    0.9454  -0.3259

1350    0.8844  -0.4667

1350    0.8391  -0.5439

1350    0.8265  -0.5630

1350    0.8129  -0.5824

1350    0.2984  -0.9545

1350    0.0498  -0.9988

1350   -0.1331  -0.9911

1350   -0.3532  -0.9355

1350   -0.3938  -0.9192

1350   -0.4049  -0.9143

1350   -0.9313  -0.3643

1350   -0.9867  -0.1624

1350   -0.9888  -0.1492

1350   -0.9926  -0.1211

1350   -0.9981   0.0621

1350   -0.9358   0.3525

1350   -0.9104   0.4138

1375   -0.8017   0.5978

1375   -0.6753   0.7375

1375   -0.3614   0.9324

1375   -0.3151   0.9491

1375   -0.1007   0.9949

1375    0.4140   0.9103

1375    0.4339   0.9009

1375    0.6812   0.7321

1375    0.7622   0.6473

1375    0.8946   0.4469

1375    0.9422   0.3352

1375    0.9930   0.1184

1375    0.9988  -0.0489

1375    0.9961  -0.0881

1375    0.9941  -0.1087

1375    0.9814  -0.1922

1375    0.9454  -0.3259

1375    0.8844  -0.4667

1375    0.8391  -0.5439

1375    0.8265  -0.5630

1375    0.8129  -0.5824

1375    0.2984  -0.9545

1375    0.0498  -0.9988

1375   -0.1331  -0.9911

1375   -0.3532  -0.9355

1375   -0.3938  -0.9192

1375   -0.4049  -0.9143

1375   -0.9313  -0.3643

1375   -0.9867  -0.1624

1375   -0.9888  -0.1492

1375   -0.9926  -0.1211

1375   -0.9981   0.0621

1375   -0.9358   0.3525

1375   -0.9104   0.4138

1400   -0.8017   0.5978

1400   -0.6753   0.7375

1400   -0.3614   0.9324

1400   -0.3151   0.9491

1400   -0.1007   0.9949

1400    0.4140   0.9103

1400    0.4339   0.9009

1400    0.6812   0.7321

1400    0.7622   0.6473

1400    0.8946   0.4469

1400    0.9422   0.3352

1400    0.9930   0.1184

1400    0.9988  -0.0489

1400    0.9961  -0.0881

1400    0.9941  -0.1087

1400    0.9814  -0.1922

1400    0.9454  -0.3259

1400    0.8844  -0.4667

1400    0.8391  -0.5439

1400    0.8265  -0.5630

1400    0.8129  -0.5824

1400    0.2984  -0.9545

1400    0.0498  -0.9988

1400   -0.1331  -0.9911

1400   -0.3532  -0.9355

1400   -0.3938  -0.9192

1400   -0.4049  -0.9143

1400   -0.9313  -0.3643

1400   -0.9867  -0.1624

1400   -0.9888  -0.1492

1400   -0.9926  -0.1211

1400   -0.9981   0.0621

1400   -0.9358   0.3525

1400   -0.9104   0.4138

1425   -0.8017   0.5978

1425   -0.6753   0.7375

1425   -0.3614   0.9324

1425   -0.3151   0.9491

1425   -0.1007   0.9949

1425    0.4140   0.9103

1425    0.4339   0.9009

1425    0.6812   0.7321

1425    0.7622   0.6473

1425    0.8946   0.4469

1425    0.9422   0.3352

1425    0.9930   0.1184

1425    0.9988  -0.0489

1425    0.9961  -0.0881

1425    0.9941  -0.1087

1425    0.9814  -0.1922

1425    0.9454  -0.3259

1425    0.8844  -0.4667

1425    0.8391  -0.5439

1425    0.8265  -0.5630

1425    0.8129  -0.5824

1425    0.2984  -0.9545

1425    0.0498  -0.9988

1425   -0.1331  -0.9911

1425   -0.3532  -0.9355

1425   -0.3938  -0.9192

1425   -0.4049  -0.9143

1425   -0.9313  -0.3643

1425   -0.9867  -0.1624

1425   -0.9888  -0.1492

1425   -0.9926  -0.1211

1425   -0.9981   0.0621

1425   -0.9358   0.3525

1425   -0.9104   0.4138

1450   -0.8017   0.5978

1450   -0.6753   0.7375

1450   -0.3614   0.9324

1450   -0.3151   0.9491

1450   -0.1007   0.9949

1450    0.4140   0.9103

1450    0.4339   0.9009

1450    0.6812   0.7321

1450    0.7622   0.6473

1450    0.8946   0.4469

1450    0.9422   0.3352

1450    0.9930   0.1184

1450    0.9988  -0.0489

1450    0.9961  -0.0881

1450    0.9941  -0.1087

1450    0.9814  -0.1922

1450    0.9454  -0.3259

1450    0.8844  -0.4667

1450    0.8391  -0.5439

1450    0.8265  -0.5630

1450    0.8129  -0.5824

1450    0.2984  -0.9545

1450    0.0498  -0.9988

1450   -0.1331  -0.9911

1450   -0.3532  -0.9355

1450   -0.3938  -0.9192

1450   -0.4049  -0.9143

1450   -0.9313  -0.3643

1450   -0.9867  -0.1624

1450   -0.9888  -0.1492

1450   -0.9926  -0.1211

1450   -0.9981   0.0621

1450   -0.9358   0.3525

1450   -0.9104   0.4138

1475   -0.8017   0.5978

1475   -0.6753   0.7375

1475   -0.3614   0.9324

1475   -0.3151   0.9491

1475   -0.1007   0.9949

1475    0.4140   0.9103

1475    0.4339   0.9009

1475    0.6812   0.7321

1475    0.7622   0.6473

1475    0.8946   0.4469

1475    0.9422   0.3352

1475    0.9930   0.1184

1475    0.9988  -0.0489

1475    0.9961  -0.0881

1475    0.9941  -0.1087

1475    0.9814  -0.1922

1475    0.9454  -0.3259

1475    0.8844  -0.4667

1475    0.8391  -0.5439

1475    0.8265  -0.5630

1475    0.8129  -0.5824

1475    0.2984  -0.9545

1475    0.0498  -0.9988

1475   -0.1331  -0.9911

1475   -0.3532  -0.9355

1475   -0.3938  -0.9192

1475   -0.4049  -0.9143

1475   -0.9313  -0.3643

1475   -0.9867  -0.1624

1475   -0.9888  -0.1492

1475   -0.9926  -0.1211

1475   -0.9981   0.0621

1475   -0.9358   0.3525

1475   -0.9104   0.4138

