0    0.1226   0.1699

0    0.7050   0.0860

0    0.9855   0.3990

0    0.8133   0.0179

0    0.6168   0.5805

0    0.2332   0.1933

0    0.1338   0.0535

0    0.2579   0.2393

0    0.0528   0.4535

0    0.2792   0.5459

0    0.2261   0.9946

0    0.0840   0.1593

0    0.2728   0.2514

0    0.4718   0.5849

0    0.4791   0.4943

0    0.0646   0.7547

0    0.4771   0.5718

0    0.6560   0.9055

0    0.7658   0.9703

0    0.5773   0.8400

0    0.9319   0.7541

0    0.9189   0.9399

0    0.1683   0.5724

0    0.1210   0.6801

0    0.0173   0.5832

0    0.3715   0.8366

0    0.4932   0.7560

0    0.6860   0.3694

0    0.7760   0.0211

0    0.5019   0.0243

0    0.7134   0.1118

0    0.6784   0.0982

0    0.6520   0.2139

0    0.7296   0.3312

25    0.1226   0.1699

25    0.0840   0.1593

25    0.2332   0.1933

25    0.2728   0.2514

25    0.0528   0.4535

25    0.0173   0.5832

25    0.1683   0.5724

25    0.1210   0.6801

25    0.0646   0.7547

25    0.2261   0.9946

25    0.3715   0.8366

25    0.4932   0.7560

25    0.4771   0.5718

25    0.4791   0.4943

25    0.4718   0.5849

25    0.2792   0.5459

25    0.2579   0.2393

25    0.6520   0.2139

25    0.6860   0.3694

25    0.6168   0.5805

25    0.5773   0.8400

25    0.6560   0.9055

25    0.7658   0.9703

25    0.9189   0.9399

25    0.9319   0.7541

25    0.9855   0.3990

25    0.7296   0.3312

25    0.7134   0.1118

25    0.8133   0.0179

25    0.7760   0.0211

25    0.7050   0.0860

25    0.6784   0.0982

25    0.5019   0.0243

25    0.1338   0.0535

50    0.1226   0.1699

50    0.2332   0.1933

50    0.2579   0.2393

50    0.0528   0.4535

50    0.0173   0.5832

50    0.1683   0.5724

50    0.1210   0.6801

50    0.0646   0.7547

50    0.2261   0.9946

50    0.3715   0.8366

50    0.4932   0.7560

50    0.4718   0.5849

50    0.4771   0.5718

50    0.4791   0.4943

50    0.2792   0.5459

50    0.2728   0.2514

50    0.6520   0.2139

50    0.6860   0.3694

50    0.6168   0.5805

50    0.5773   0.8400

50    0.6560   0.9055

50    0.7658   0.9703

50    0.9189   0.9399

50    0.9319   0.7541

50    0.9855   0.3990

50    0.7296   0.3312

50    0.7134   0.1118

50    0.8133   0.0179

50    0.7760   0.0211

50    0.7050   0.0860

50    0.6784   0.0982

50    0.5019   0.0243

50    0.1338   0.0535

50    0.0840   0.1593

75    0.1226   0.1699

75    0.1338   0.0535

75    0.0840   0.1593

75    0.0528   0.4535

75    0.0173   0.5832

75    0.1683   0.5724

75    0.1210   0.6801

75    0.0646   0.7547

75    0.2261   0.9946

75    0.3715   0.8366

75    0.4932   0.7560

75    0.4718   0.5849

75    0.4771   0.5718

75    0.4791   0.4943

75    0.2792   0.5459

75    0.2728   0.2514

75    0.6520   0.2139

75    0.6860   0.3694

75    0.6168   0.5805

75    0.5773   0.8400

75    0.6560   0.9055

75    0.7658   0.9703

75    0.9189   0.9399

75    0.9319   0.7541

75    0.9855   0.3990

75    0.7296   0.3312

75    0.7134   0.1118

75    0.8133   0.0179

75    0.7760   0.0211

75    0.7050   0.0860

75    0.6784   0.0982

75    0.5019   0.0243

75    0.2579   0.2393

75    0.2332   0.1933

100    0.1226   0.1699

100    0.1338   0.0535

100    0.0840   0.1593

100    0.0528   0.4535

100    0.0173   0.5832

100    0.1683   0.5724

100    0.1210   0.6801

100    0.0646   0.7547

100    0.2261   0.9946

100    0.3715   0.8366

100    0.4932   0.7560

100    0.4718   0.5849

100    0.4771   0.5718

100    0.4791   0.4943

100    0.2792   0.5459

100    0.2728   0.2514

100    0.6860   0.3694

100    0.6168   0.5805

100    0.5773   0.8400

100    0.6560   0.9055

100    0.7658   0.9703

100    0.9189   0.9399

100    0.9319   0.7541

100    0.9855   0.3990

100    0.7296   0.3312

100    0.6520   0.2139

100    0.7134   0.1118

100    0.8133   0.0179

100    0.7760   0.0211

100    0.7050   0.0860

100    0.6784   0.0982

100    0.5019   0.0243

100    0.2579   0.2393

100    0.2332   0.1933

125    0.1226   0.1699

125    0.1338   0.0535

125    0.0840   0.1593

125    0.0528   0.4535

125    0.0173   0.5832

125    0.1683   0.5724

125    0.2792   0.5459

125    0.1210   0.6801

125    0.0646   0.7547

125    0.2261   0.9946

125    0.3715   0.8366

125    0.4932   0.7560

125    0.4718   0.5849

125    0.4771   0.5718

125    0.4791   0.4943

125    0.6168   0.5805

125    0.5773   0.8400

125    0.6560   0.9055

125    0.7658   0.9703

125    0.9189   0.9399

125    0.9319   0.7541

125    0.9855   0.3990

125    0.7296   0.3312

125    0.6860   0.3694

125    0.6520   0.2139

125    0.7134   0.1118

125    0.8133   0.0179

125    0.7760   0.0211

125    0.7050   0.0860

125    0.6784   0.0982

125    0.5019   0.0243

125    0.2728   0.2514

125    0.2579   0.2393

125    0.2332   0.1933

150    0.1226   0.1699

150    0.1338   0.0535

150    0.0840   0.1593

150    0.0528   0.4535

150    0.0173   0.5832

150    0.1683   0.5724

150    0.2792   0.5459

150    0.1210   0.6801

150    0.0646   0.7547

150    0.2261   0.9946

150    0.3715   0.8366

150    0.4932   0.7560

150    0.4718   0.5849

150    0.4771   0.5718

150    0.4791   0.4943

150    0.6168   0.5805

150    0.5773   0.8400

150    0.6560   0.9055

150    0.7658   0.9703

150    0.9189   0.9399

150    0.9319   0.7541

150    0.9855   0.3990

150    0.7296   0.3312

150    0.6860   0.3694

150    0.6520   0.2139

150    0.7134   0.1118

150    0.8133   0.0179

150    0.7760   0.0211

150    0.7050   0.0860

150    0.6784   0.0982

150    0.5019   0.0243

150    0.2728   0.2514

150    0.2579   0.2393

150    0.2332   0.1933

175    0.1226   0.1699

175    0.1338   0.0535

175    0.0840   0.1593

175    0.0528   0.4535

175    0.0173   0.5832

175    0.1683   0.5724

175    0.2792   0.5459

175    0.1210   0.6801

175    0.0646   0.7547

175    0.2261   0.9946

175    0.3715   0.8366

175    0.4932   0.7560

175    0.4718   0.5849

175    0.4771   0.5718

175    0.4791   0.4943

175    0.6168   0.5805

175    0.5773   0.8400

175    0.6560   0.9055

175    0.7658   0.9703

175    0.9189   0.9399

175    0.9319   0.7541

175    0.9855   0.3990

175    0.7296   0.3312

175    0.6860   0.3694

175    0.6520   0.2139

175    0.7134   0.1118

175    0.8133   0.0179

175    0.7760   0.0211

175    0.7050   0.0860

175    0.6784   0.0982

175    0.5019   0.0243

175    0.2728   0.2514

175    0.2579   0.2393

175    0.2332   0.1933

200    0.1226   0.1699

200    0.1338   0.0535

200    0.0840   0.1593

200    0.0528   0.4535

200    0.0173   0.5832

200    0.1683   0.5724

200    0.2792   0.5459

200    0.1210   0.6801

200    0.0646   0.7547

200    0.2261   0.9946

200    0.3715   0.8366

200    0.4932   0.7560

200    0.4718   0.5849

200    0.4771   0.5718

200    0.4791   0.4943

200    0.6168   0.5805

200    0.5773   0.8400

200    0.6560   0.9055

200    0.7658   0.9703

200    0.9189   0.9399

200    0.9319   0.7541

200    0.9855   0.3990

200    0.7296   0.3312

200    0.6860   0.3694

200    0.6520   0.2139

200    0.7134   0.1118

200    0.8133   0.0179

200    0.7760   0.0211

200    0.7050   0.0860

200    0.6784   0.0982

200    0.5019   0.0243

200    0.2728   0.2514

200    0.2579   0.2393

200    0.2332   0.1933

225    0.1226   0.1699

225    0.1338   0.0535

225    0.0840   0.1593

225    0.0528   0.4535

225    0.0173   0.5832

225    0.1683   0.5724

225    0.2792   0.5459

225    0.1210   0.6801

225    0.0646   0.7547

225    0.2261   0.9946

225    0.3715   0.8366

225    0.4932   0.7560

225    0.4718   0.5849

225    0.4771   0.5718

225    0.4791   0.4943

225    0.6168   0.5805

225    0.5773   0.8400

225    0.6560   0.9055

225    0.7658   0.9703

225    0.9189   0.9399

225    0.9319   0.7541

225    0.9855   0.3990

225    0.7296   0.3312

225    0.6860   0.3694

225    0.6520   0.2139

225    0.7134   0.1118

225    0.8133   0.0179

225    0.7760   0.0211

225    0.7050   0.0860

225    0.6784   0.0982

225    0.5019   0.0243

225    0.2728   0.2514

225    0.2579   0.2393

225    0.2332   0.1933

250    0.1226   0.1699

250    0.1338   0.0535

250    0.0840   0.1593

250    0.0528   0.4535

250    0.0173   0.5832

250    0.1683   0.5724

250    0.2792   0.5459

250    0.1210   0.6801

250    0.0646   0.7547

250    0.2261   0.9946

250    0.3715   0.8366

250    0.4932   0.7560

250    0.4718   0.5849

250    0.4771   0.5718

250    0.4791   0.4943

250    0.6168   0.5805

250    0.5773   0.8400

250    0.6560   0.9055

250    0.7658   0.9703

250    0.9189   0.9399

250    0.9319   0.7541

250    0.9855   0.3990

250    0.7296   0.3312

250    0.6860   0.3694

250    0.6520   0.2139

250    0.7134   0.1118

250    0.8133   0.0179

250    0.7760   0.0211

250    0.7050   0.0860

250    0.6784   0.0982

250    0.5019   0.0243

250    0.2728   0.2514

250    0.2579   0.2393

250    0.2332   0.1933

275    0.1226   0.1699

275    0.1338   0.0535

275    0.0840   0.1593

275    0.0528   0.4535

275    0.0173   0.5832

275    0.1683   0.5724

275    0.2792   0.5459

275    0.1210   0.6801

275    0.0646   0.7547

275    0.2261   0.9946

275    0.3715   0.8366

275    0.4932   0.7560

275    0.4718   0.5849

275    0.4771   0.5718

275    0.4791   0.4943

275    0.6168   0.5805

275    0.5773   0.8400

275    0.6560   0.9055

275    0.7658   0.9703

275    0.9189   0.9399

275    0.9319   0.7541

275    0.9855   0.3990

275    0.7296   0.3312

275    0.6860   0.3694

275    0.6520   0.2139

275    0.7134   0.1118

275    0.8133   0.0179

275    0.7760   0.0211

275    0.7050   0.0860

275    0.6784   0.0982

275    0.5019   0.0243

275    0.2728   0.2514

275    0.2579   0.2393

275    0.2332   0.1933

300    0.1226   0.1699

300    0.1338   0.0535

300    0.0840   0.1593

300    0.0528   0.4535

300    0.0173   0.5832

300    0.1683   0.5724

300    0.2792   0.5459

300    0.1210   0.6801

300    0.0646   0.7547

300    0.2261   0.9946

300    0.3715   0.8366

300    0.4932   0.7560

300    0.4718   0.5849

300    0.4771   0.5718

300    0.4791   0.4943

300    0.6168   0.5805

300    0.5773   0.8400

300    0.6560   0.9055

300    0.7658   0.9703

300    0.9189   0.9399

300    0.9319   0.7541

300    0.9855   0.3990

300    0.7296   0.3312

300    0.6860   0.3694

300    0.6520   0.2139

300    0.7134   0.1118

300    0.8133   0.0179

300    0.7760   0.0211

300    0.7050   0.0860

300    0.6784   0.0982

300    0.5019   0.0243

300    0.2728   0.2514

300    0.2579   0.2393

300    0.2332   0.1933

325    0.1226   0.1699

325    0.1338   0.0535

325    0.0840   0.1593

325    0.0528   0.4535

325    0.0173   0.5832

325    0.1683   0.5724

325    0.2792   0.5459

325    0.1210   0.6801

325    0.0646   0.7547

325    0.2261   0.9946

325    0.3715   0.8366

325    0.4932   0.7560

325    0.4718   0.5849

325    0.4771   0.5718

325    0.4791   0.4943

325    0.6168   0.5805

325    0.5773   0.8400

325    0.6560   0.9055

325    0.7658   0.9703

325    0.9189   0.9399

325    0.9319   0.7541

325    0.9855   0.3990

325    0.7296   0.3312

325    0.6860   0.3694

325    0.6520   0.2139

325    0.7134   0.1118

325    0.8133   0.0179

325    0.7760   0.0211

325    0.7050   0.0860

325    0.6784   0.0982

325    0.5019   0.0243

325    0.2728   0.2514

325    0.2579   0.2393

325    0.2332   0.1933

350    0.1226   0.1699

350    0.1338   0.0535

350    0.0840   0.1593

350    0.0528   0.4535

350    0.0173   0.5832

350    0.1683   0.5724

350    0.2792   0.5459

350    0.1210   0.6801

350    0.0646   0.7547

350    0.2261   0.9946

350    0.3715   0.8366

350    0.4932   0.7560

350    0.4718   0.5849

350    0.4771   0.5718

350    0.4791   0.4943

350    0.6168   0.5805

350    0.5773   0.8400

350    0.6560   0.9055

350    0.7658   0.9703

350    0.9189   0.9399

350    0.9319   0.7541

350    0.9855   0.3990

350    0.7296   0.3312

350    0.6860   0.3694

350    0.6520   0.2139

350    0.7134   0.1118

350    0.8133   0.0179

350    0.7760   0.0211

350    0.7050   0.0860

350    0.6784   0.0982

350    0.5019   0.0243

350    0.2728   0.2514

350    0.2579   0.2393

350    0.2332   0.1933

375    0.1226   0.1699

375    0.1338   0.0535

375    0.0840   0.1593

375    0.0528   0.4535

375    0.0173   0.5832

375    0.1683   0.5724

375    0.2792   0.5459

375    0.1210   0.6801

375    0.0646   0.7547

375    0.2261   0.9946

375    0.3715   0.8366

375    0.4932   0.7560

375    0.4718   0.5849

375    0.4771   0.5718

375    0.4791   0.4943

375    0.6168   0.5805

375    0.5773   0.8400

375    0.6560   0.9055

375    0.7658   0.9703

375    0.9189   0.9399

375    0.9319   0.7541

375    0.9855   0.3990

375    0.7296   0.3312

375    0.6860   0.3694

375    0.6520   0.2139

375    0.7134   0.1118

375    0.8133   0.0179

375    0.7760   0.0211

375    0.7050   0.0860

375    0.6784   0.0982

375    0.5019   0.0243

375    0.2728   0.2514

375    0.2579   0.2393

375    0.2332   0.1933

400    0.1226   0.1699

400    0.1338   0.0535

400    0.0840   0.1593

400    0.0528   0.4535

400    0.0173   0.5832

400    0.1683   0.5724

400    0.2792   0.5459

400    0.1210   0.6801

400    0.0646   0.7547

400    0.2261   0.9946

400    0.3715   0.8366

400    0.4932   0.7560

400    0.4718   0.5849

400    0.4771   0.5718

400    0.4791   0.4943

400    0.6168   0.5805

400    0.5773   0.8400

400    0.6560   0.9055

400    0.7658   0.9703

400    0.9189   0.9399

400    0.9319   0.7541

400    0.9855   0.3990

400    0.7296   0.3312

400    0.6860   0.3694

400    0.6520   0.2139

400    0.7134   0.1118

400    0.8133   0.0179

400    0.7760   0.0211

400    0.7050   0.0860

400    0.6784   0.0982

400    0.5019   0.0243

400    0.2728   0.2514

400    0.2579   0.2393

400    0.2332   0.1933

425    0.1226   0.1699

425    0.1338   0.0535

425    0.0840   0.1593

425    0.0528   0.4535

425    0.0173   0.5832

425    0.1683   0.5724

425    0.2792   0.5459

425    0.1210   0.6801

425    0.0646   0.7547

425    0.2261   0.9946

425    0.3715   0.8366

425    0.4932   0.7560

425    0.4718   0.5849

425    0.4771   0.5718

425    0.4791   0.4943

425    0.6168   0.5805

425    0.5773   0.8400

425    0.6560   0.9055

425    0.7658   0.9703

425    0.9189   0.9399

425    0.9319   0.7541

425    0.9855   0.3990

425    0.7296   0.3312

425    0.6860   0.3694

425    0.6520   0.2139

425    0.7134   0.1118

425    0.8133   0.0179

425    0.7760   0.0211

425    0.7050   0.0860

425    0.6784   0.0982

425    0.5019   0.0243

425    0.2728   0.2514

425    0.2579   0.2393

425    0.2332   0.1933

450    0.1226   0.1699

450    0.1338   0.0535

450    0.0840   0.1593

450    0.0528   0.4535

450    0.0173   0.5832

450    0.1683   0.5724

450    0.2792   0.5459

450    0.1210   0.6801

450    0.0646   0.7547

450    0.2261   0.9946

450    0.3715   0.8366

450    0.4932   0.7560

450    0.4718   0.5849

450    0.4771   0.5718

450    0.4791   0.4943

450    0.6168   0.5805

450    0.5773   0.8400

450    0.6560   0.9055

450    0.7658   0.9703

450    0.9189   0.9399

450    0.9319   0.7541

450    0.9855   0.3990

450    0.7296   0.3312

450    0.6860   0.3694

450    0.6520   0.2139

450    0.7134   0.1118

450    0.8133   0.0179

450    0.7760   0.0211

450    0.7050   0.0860

450    0.6784   0.0982

450    0.5019   0.0243

450    0.2728   0.2514

450    0.2579   0.2393

450    0.2332   0.1933

475    0.1226   0.1699

475    0.1338   0.0535

475    0.0840   0.1593

475    0.0528   0.4535

475    0.0173   0.5832

475    0.1683   0.5724

475    0.2792   0.5459

475    0.1210   0.6801

475    0.0646   0.7547

475    0.2261   0.9946

475    0.3715   0.8366

475    0.4932   0.7560

475    0.4718   0.5849

475    0.4771   0.5718

475    0.4791   0.4943

475    0.6168   0.5805

475    0.5773   0.8400

475    0.6560   0.9055

475    0.7658   0.9703

475    0.9189   0.9399

475    0.9319   0.7541

475    0.9855   0.3990

475    0.7296   0.3312

475    0.6860   0.3694

475    0.6520   0.2139

475    0.7134   0.1118

475    0.8133   0.0179

475    0.7760   0.0211

475    0.7050   0.0860

475    0.6784   0.0982

475    0.5019   0.0243

475    0.2728   0.2514

475    0.2579   0.2393

475    0.2332   0.1933

500    0.1226   0.1699

500    0.1338   0.0535

500    0.0840   0.1593

500    0.0528   0.4535

500    0.0173   0.5832

500    0.1683   0.5724

500    0.2792   0.5459

500    0.1210   0.6801

500    0.0646   0.7547

500    0.2261   0.9946

500    0.3715   0.8366

500    0.4932   0.7560

500    0.4718   0.5849

500    0.4771   0.5718

500    0.4791   0.4943

500    0.6168   0.5805

500    0.5773   0.8400

500    0.6560   0.9055

500    0.7658   0.9703

500    0.9189   0.9399

500    0.9319   0.7541

500    0.9855   0.3990

500    0.7296   0.3312

500    0.6860   0.3694

500    0.6520   0.2139

500    0.7134   0.1118

500    0.8133   0.0179

500    0.7760   0.0211

500    0.7050   0.0860

500    0.6784   0.0982

500    0.5019   0.0243

500    0.2728   0.2514

500    0.2579   0.2393

500    0.2332   0.1933

525    0.1226   0.1699

525    0.1338   0.0535

525    0.0840   0.1593

525    0.0528   0.4535

525    0.0173   0.5832

525    0.1683   0.5724

525    0.2792   0.5459

525    0.1210   0.6801

525    0.0646   0.7547

525    0.2261   0.9946

525    0.3715   0.8366

525    0.4932   0.7560

525    0.4718   0.5849

525    0.4771   0.5718

525    0.4791   0.4943

525    0.6168   0.5805

525    0.5773   0.8400

525    0.6560   0.9055

525    0.7658   0.9703

525    0.9189   0.9399

525    0.9319   0.7541

525    0.9855   0.3990

525    0.7296   0.3312

525    0.6860   0.3694

525    0.6520   0.2139

525    0.7134   0.1118

525    0.8133   0.0179

525    0.7760   0.0211

525    0.7050   0.0860

525    0.6784   0.0982

525    0.5019   0.0243

525    0.2728   0.2514

525    0.2579   0.2393

525    0.2332   0.1933

550    0.1226   0.1699

550    0.1338   0.0535

550    0.0840   0.1593

550    0.0528   0.4535

550    0.0173   0.5832

550    0.1683   0.5724

550    0.2792   0.5459

550    0.1210   0.6801

550    0.0646   0.7547

550    0.2261   0.9946

550    0.3715   0.8366

550    0.4932   0.7560

550    0.4718   0.5849

550    0.4771   0.5718

550    0.4791   0.4943

550    0.6168   0.5805

550    0.5773   0.8400

550    0.6560   0.9055

550    0.7658   0.9703

550    0.9189   0.9399

550    0.9319   0.7541

550    0.9855   0.3990

550    0.7296   0.3312

550    0.6860   0.3694

550    0.6520   0.2139

550    0.7134   0.1118

550    0.8133   0.0179

550    0.7760   0.0211

550    0.7050   0.0860

550    0.6784   0.0982

550    0.5019   0.0243

550    0.2728   0.2514

550    0.2579   0.2393

550    0.2332   0.1933

575    0.1226   0.1699

575    0.1338   0.0535

575    0.0840   0.1593

575    0.0528   0.4535

575    0.0173   0.5832

575    0.1683   0.5724

575    0.2792   0.5459

575    0.1210   0.6801

575    0.0646   0.7547

575    0.2261   0.9946

575    0.3715   0.8366

575    0.4932   0.7560

575    0.4718   0.5849

575    0.4771   0.5718

575    0.4791   0.4943

575    0.6168   0.5805

575    0.5773   0.8400

575    0.6560   0.9055

575    0.7658   0.9703

575    0.9189   0.9399

575    0.9319   0.7541

575    0.9855   0.3990

575    0.7296   0.3312

575    0.6860   0.3694

575    0.6520   0.2139

575    0.7134   0.1118

575    0.8133   0.0179

575    0.7760   0.0211

575    0.7050   0.0860

575    0.6784   0.0982

575    0.5019   0.0243

575    0.2728   0.2514

575    0.2579   0.2393

575    0.2332   0.1933

600    0.1226   0.1699

600    0.1338   0.0535

600    0.0840   0.1593

600    0.0528   0.4535

600    0.0173   0.5832

600    0.1683   0.5724

600    0.2792   0.5459

600    0.1210   0.6801

600    0.0646   0.7547

600    0.2261   0.9946

600    0.3715   0.8366

600    0.4932   0.7560

600    0.4718   0.5849

600    0.4771   0.5718

600    0.4791   0.4943

600    0.6168   0.5805

600    0.5773   0.8400

600    0.6560   0.9055

600    0.7658   0.9703

600    0.9189   0.9399

600    0.9319   0.7541

600    0.9855   0.3990

600    0.7296   0.3312

600    0.6860   0.3694

600    0.6520   0.2139

600    0.7134   0.1118

600    0.8133   0.0179

600    0.7760   0.0211

600    0.7050   0.0860

600    0.6784   0.0982

600    0.5019   0.0243

600    0.2728   0.2514

600    0.2579   0.2393

600    0.2332   0.1933

625    0.1226   0.1699

625    0.1338   0.0535

625    0.0840   0.1593

625    0.0528   0.4535

625    0.0173   0.5832

625    0.1683   0.5724

625    0.2792   0.5459

625    0.1210   0.6801

625    0.0646   0.7547

625    0.2261   0.9946

625    0.3715   0.8366

625    0.4932   0.7560

625    0.4718   0.5849

625    0.4771   0.5718

625    0.4791   0.4943

625    0.6168   0.5805

625    0.5773   0.8400

625    0.6560   0.9055

625    0.7658   0.9703

625    0.9189   0.9399

625    0.9319   0.7541

625    0.9855   0.3990

625    0.7296   0.3312

625    0.6860   0.3694

625    0.6520   0.2139

625    0.7134   0.1118

625    0.8133   0.0179

625    0.7760   0.0211

625    0.7050   0.0860

625    0.6784   0.0982

625    0.5019   0.0243

625    0.2728   0.2514

625    0.2579   0.2393

625    0.2332   0.1933

650    0.1226   0.1699

650    0.1338   0.0535

650    0.0840   0.1593

650    0.0528   0.4535

650    0.0173   0.5832

650    0.1683   0.5724

650    0.2792   0.5459

650    0.1210   0.6801

650    0.0646   0.7547

650    0.2261   0.9946

650    0.3715   0.8366

650    0.4932   0.7560

650    0.4718   0.5849

650    0.4771   0.5718

650    0.4791   0.4943

650    0.6168   0.5805

650    0.5773   0.8400

650    0.6560   0.9055

650    0.7658   0.9703

650    0.9189   0.9399

650    0.9319   0.7541

650    0.9855   0.3990

650    0.7296   0.3312

650    0.6860   0.3694

650    0.6520   0.2139

650    0.7134   0.1118

650    0.8133   0.0179

650    0.7760   0.0211

650    0.7050   0.0860

650    0.6784   0.0982

650    0.5019   0.0243

650    0.2728   0.2514

650    0.2579   0.2393

650    0.2332   0.1933

675    0.1226   0.1699

675    0.1338   0.0535

675    0.0840   0.1593

675    0.0528   0.4535

675    0.0173   0.5832

675    0.1683   0.5724

675    0.2792   0.5459

675    0.1210   0.6801

675    0.0646   0.7547

675    0.2261   0.9946

675    0.3715   0.8366

675    0.4932   0.7560

675    0.4718   0.5849

675    0.4771   0.5718

675    0.4791   0.4943

675    0.6168   0.5805

675    0.5773   0.8400

675    0.6560   0.9055

675    0.7658   0.9703

675    0.9189   0.9399

675    0.9319   0.7541

675    0.9855   0.3990

675    0.7296   0.3312

675    0.6860   0.3694

675    0.6520   0.2139

675    0.7134   0.1118

675    0.8133   0.0179

675    0.7760   0.0211

675    0.7050   0.0860

675    0.6784   0.0982

675    0.5019   0.0243

675    0.2728   0.2514

675    0.2579   0.2393

675    0.2332   0.1933

700    0.1226   0.1699

700    0.1338   0.0535

700    0.0840   0.1593

700    0.0528   0.4535

700    0.0173   0.5832

700    0.1683   0.5724

700    0.2792   0.5459

700    0.1210   0.6801

700    0.0646   0.7547

700    0.2261   0.9946

700    0.3715   0.8366

700    0.4932   0.7560

700    0.4718   0.5849

700    0.4771   0.5718

700    0.4791   0.4943

700    0.6168   0.5805

700    0.5773   0.8400

700    0.6560   0.9055

700    0.7658   0.9703

700    0.9189   0.9399

700    0.9319   0.7541

700    0.9855   0.3990

700    0.7296   0.3312

700    0.6860   0.3694

700    0.6520   0.2139

700    0.7134   0.1118

700    0.8133   0.0179

700    0.7760   0.0211

700    0.7050   0.0860

700    0.6784   0.0982

700    0.5019   0.0243

700    0.2728   0.2514

700    0.2579   0.2393

700    0.2332   0.1933

725    0.1226   0.1699

725    0.1338   0.0535

725    0.0840   0.1593

725    0.0528   0.4535

725    0.0173   0.5832

725    0.1683   0.5724

725    0.2792   0.5459

725    0.1210   0.6801

725    0.0646   0.7547

725    0.2261   0.9946

725    0.3715   0.8366

725    0.4932   0.7560

725    0.4718   0.5849

725    0.4771   0.5718

725    0.4791   0.4943

725    0.6168   0.5805

725    0.5773   0.8400

725    0.6560   0.9055

725    0.7658   0.9703

725    0.9189   0.9399

725    0.9319   0.7541

725    0.9855   0.3990

725    0.7296   0.3312

725    0.6860   0.3694

725    0.6520   0.2139

725    0.7134   0.1118

725    0.8133   0.0179

725    0.7760   0.0211

725    0.7050   0.0860

725    0.6784   0.0982

725    0.5019   0.0243

725    0.2728   0.2514

725    0.2579   0.2393

725    0.2332   0.1933

750    0.1226   0.1699

750    0.1338   0.0535

750    0.0840   0.1593

750    0.0528   0.4535

750    0.0173   0.5832

750    0.1683   0.5724

750    0.2792   0.5459

750    0.1210   0.6801

750    0.0646   0.7547

750    0.2261   0.9946

750    0.3715   0.8366

750    0.4932   0.7560

750    0.4718   0.5849

750    0.4771   0.5718

750    0.4791   0.4943

750    0.6168   0.5805

750    0.5773   0.8400

750    0.6560   0.9055

750    0.7658   0.9703

750    0.9189   0.9399

750    0.9319   0.7541

750    0.9855   0.3990

750    0.7296   0.3312

750    0.6860   0.3694

750    0.6520   0.2139

750    0.7134   0.1118

750    0.8133   0.0179

750    0.7760   0.0211

750    0.7050   0.0860

750    0.6784   0.0982

750    0.5019   0.0243

750    0.2728   0.2514

750    0.2579   0.2393

750    0.2332   0.1933

775    0.1226   0.1699

775    0.1338   0.0535

775    0.0840   0.1593

775    0.0528   0.4535

775    0.0173   0.5832

775    0.1683   0.5724

775    0.2792   0.5459

775    0.1210   0.6801

775    0.0646   0.7547

775    0.2261   0.9946

775    0.3715   0.8366

775    0.4932   0.7560

775    0.4718   0.5849

775    0.4771   0.5718

775    0.4791   0.4943

775    0.6168   0.5805

775    0.5773   0.8400

775    0.6560   0.9055

775    0.7658   0.9703

775    0.9189   0.9399

775    0.9319   0.7541

775    0.9855   0.3990

775    0.7296   0.3312

775    0.6860   0.3694

775    0.6520   0.2139

775    0.7134   0.1118

775    0.8133   0.0179

775    0.7760   0.0211

775    0.7050   0.0860

775    0.6784   0.0982

775    0.5019   0.0243

775    0.2728   0.2514

775    0.2579   0.2393

775    0.2332   0.1933

800    0.1226   0.1699

800    0.1338   0.0535

800    0.0840   0.1593

800    0.0528   0.4535

800    0.0173   0.5832

800    0.1683   0.5724

800    0.2792   0.5459

800    0.1210   0.6801

800    0.0646   0.7547

800    0.2261   0.9946

800    0.3715   0.8366

800    0.4932   0.7560

800    0.4718   0.5849

800    0.4771   0.5718

800    0.4791   0.4943

800    0.6168   0.5805

800    0.5773   0.8400

800    0.6560   0.9055

800    0.7658   0.9703

800    0.9189   0.9399

800    0.9319   0.7541

800    0.9855   0.3990

800    0.7296   0.3312

800    0.6860   0.3694

800    0.6520   0.2139

800    0.7134   0.1118

800    0.8133   0.0179

800    0.7760   0.0211

800    0.7050   0.0860

800    0.6784   0.0982

800    0.5019   0.0243

800    0.2728   0.2514

800    0.2579   0.2393

800    0.2332   0.1933

825    0.1226   0.1699

825    0.1338   0.0535

825    0.0840   0.1593

825    0.0528   0.4535

825    0.0173   0.5832

825    0.1683   0.5724

825    0.2792   0.5459

825    0.1210   0.6801

825    0.0646   0.7547

825    0.2261   0.9946

825    0.3715   0.8366

825    0.4932   0.7560

825    0.4718   0.5849

825    0.4771   0.5718

825    0.4791   0.4943

825    0.6168   0.5805

825    0.5773   0.8400

825    0.6560   0.9055

825    0.7658   0.9703

825    0.9189   0.9399

825    0.9319   0.7541

825    0.9855   0.3990

825    0.7296   0.3312

825    0.6860   0.3694

825    0.6520   0.2139

825    0.7134   0.1118

825    0.8133   0.0179

825    0.7760   0.0211

825    0.7050   0.0860

825    0.6784   0.0982

825    0.5019   0.0243

825    0.2728   0.2514

825    0.2579   0.2393

825    0.2332   0.1933

850    0.1226   0.1699

850    0.1338   0.0535

850    0.0840   0.1593

850    0.0528   0.4535

850    0.0173   0.5832

850    0.1683   0.5724

850    0.2792   0.5459

850    0.1210   0.6801

850    0.0646   0.7547

850    0.2261   0.9946

850    0.3715   0.8366

850    0.4932   0.7560

850    0.4718   0.5849

850    0.4771   0.5718

850    0.4791   0.4943

850    0.6168   0.5805

850    0.5773   0.8400

850    0.6560   0.9055

850    0.7658   0.9703

850    0.9189   0.9399

850    0.9319   0.7541

850    0.9855   0.3990

850    0.7296   0.3312

850    0.6860   0.3694

850    0.6520   0.2139

850    0.7134   0.1118

850    0.8133   0.0179

850    0.7760   0.0211

850    0.7050   0.0860

850    0.6784   0.0982

850    0.5019   0.0243

850    0.2728   0.2514

850    0.2579   0.2393

850    0.2332   0.1933

875    0.1226   0.1699

875    0.1338   0.0535

875    0.0840   0.1593

875    0.0528   0.4535

875    0.0173   0.5832

875    0.1683   0.5724

875    0.2792   0.5459

875    0.1210   0.6801

875    0.0646   0.7547

875    0.2261   0.9946

875    0.3715   0.8366

875    0.4932   0.7560

875    0.4718   0.5849

875    0.4771   0.5718

875    0.4791   0.4943

875    0.6168   0.5805

875    0.5773   0.8400

875    0.6560   0.9055

875    0.7658   0.9703

875    0.9189   0.9399

875    0.9319   0.7541

875    0.9855   0.3990

875    0.7296   0.3312

875    0.6860   0.3694

875    0.6520   0.2139

875    0.7134   0.1118

875    0.8133   0.0179

875    0.7760   0.0211

875    0.7050   0.0860

875    0.6784   0.0982

875    0.5019   0.0243

875    0.2728   0.2514

875    0.2579   0.2393

875    0.2332   0.1933

900    0.1226   0.1699

900    0.1338   0.0535

900    0.0840   0.1593

900    0.0528   0.4535

900    0.0173   0.5832

900    0.1683   0.5724

900    0.2792   0.5459

900    0.1210   0.6801

900    0.0646   0.7547

900    0.2261   0.9946

900    0.3715   0.8366

900    0.4932   0.7560

900    0.4718   0.5849

900    0.4771   0.5718

900    0.4791   0.4943

900    0.6168   0.5805

900    0.5773   0.8400

900    0.6560   0.9055

900    0.7658   0.9703

900    0.9189   0.9399

900    0.9319   0.7541

900    0.9855   0.3990

900    0.7296   0.3312

900    0.6860   0.3694

900    0.6520   0.2139

900    0.7134   0.1118

900    0.8133   0.0179

900    0.7760   0.0211

900    0.7050   0.0860

900    0.6784   0.0982

900    0.5019   0.0243

900    0.2728   0.2514

900    0.2579   0.2393

900    0.2332   0.1933

925    0.1226   0.1699

925    0.1338   0.0535

925    0.0840   0.1593

925    0.0528   0.4535

925    0.0173   0.5832

925    0.1683   0.5724

925    0.2792   0.5459

925    0.1210   0.6801

925    0.0646   0.7547

925    0.2261   0.9946

925    0.3715   0.8366

925    0.4932   0.7560

925    0.4718   0.5849

925    0.4771   0.5718

925    0.4791   0.4943

925    0.6168   0.5805

925    0.5773   0.8400

925    0.6560   0.9055

925    0.7658   0.9703

925    0.9189   0.9399

925    0.9319   0.7541

925    0.9855   0.3990

925    0.7296   0.3312

925    0.6860   0.3694

925    0.6520   0.2139

925    0.7134   0.1118

925    0.8133   0.0179

925    0.7760   0.0211

925    0.7050   0.0860

925    0.6784   0.0982

925    0.5019   0.0243

925    0.2728   0.2514

925    0.2579   0.2393

925    0.2332   0.1933

950    0.1226   0.1699

950    0.1338   0.0535

950    0.0840   0.1593

950    0.0528   0.4535

950    0.0173   0.5832

950    0.1683   0.5724

950    0.2792   0.5459

950    0.1210   0.6801

950    0.0646   0.7547

950    0.2261   0.9946

950    0.3715   0.8366

950    0.4932   0.7560

950    0.4718   0.5849

950    0.4771   0.5718

950    0.4791   0.4943

950    0.6168   0.5805

950    0.5773   0.8400

950    0.6560   0.9055

950    0.7658   0.9703

950    0.9189   0.9399

950    0.9319   0.7541

950    0.9855   0.3990

950    0.7296   0.3312

950    0.6860   0.3694

950    0.6520   0.2139

950    0.7134   0.1118

950    0.8133   0.0179

950    0.7760   0.0211

950    0.7050   0.0860

950    0.6784   0.0982

950    0.5019   0.0243

950    0.2728   0.2514

950    0.2579   0.2393

950    0.2332   0.1933

975    0.1226   0.1699

975    0.1338   0.0535

975    0.0840   0.1593

975    0.0528   0.4535

975    0.0173   0.5832

975    0.1683   0.5724

975    0.2792   0.5459

975    0.1210   0.6801

975    0.0646   0.7547

975    0.2261   0.9946

975    0.3715   0.8366

975    0.4932   0.7560

975    0.4718   0.5849

975    0.4771   0.5718

975    0.4791   0.4943

975    0.6168   0.5805

975    0.5773   0.8400

975    0.6560   0.9055

975    0.7658   0.9703

975    0.9189   0.9399

975    0.9319   0.7541

975    0.9855   0.3990

975    0.7296   0.3312

975    0.6860   0.3694

975    0.6520   0.2139

975    0.7134   0.1118

975    0.8133   0.0179

975    0.7760   0.0211

975    0.7050   0.0860

975    0.6784   0.0982

975    0.5019   0.0243

975    0.2728   0.2514

975    0.2579   0.2393

975    0.2332   0.1933

1000    0.1226   0.1699

1000    0.1338   0.0535

1000    0.0840   0.1593

1000    0.0528   0.4535

1000    0.0173   0.5832

1000    0.1683   0.5724

1000    0.2792   0.5459

1000    0.1210   0.6801

1000    0.0646   0.7547

1000    0.2261   0.9946

1000    0.3715   0.8366

1000    0.4932   0.7560

1000    0.4718   0.5849

1000    0.4771   0.5718

1000    0.4791   0.4943

1000    0.6168   0.5805

1000    0.5773   0.8400

1000    0.6560   0.9055

1000    0.7658   0.9703

1000    0.9189   0.9399

1000    0.9319   0.7541

1000    0.9855   0.3990

1000    0.7296   0.3312

1000    0.6860   0.3694

1000    0.6520   0.2139

1000    0.7134   0.1118

1000    0.8133   0.0179

1000    0.7760   0.0211

1000    0.7050   0.0860

1000    0.6784   0.0982

1000    0.5019   0.0243

1000    0.2728   0.2514

1000    0.2579   0.2393

1000    0.2332   0.1933

1025    0.1226   0.1699

1025    0.1338   0.0535

1025    0.0840   0.1593

1025    0.0528   0.4535

1025    0.0173   0.5832

1025    0.1683   0.5724

1025    0.2792   0.5459

1025    0.1210   0.6801

1025    0.0646   0.7547

1025    0.2261   0.9946

1025    0.3715   0.8366

1025    0.4932   0.7560

1025    0.4718   0.5849

1025    0.4771   0.5718

1025    0.4791   0.4943

1025    0.6168   0.5805

1025    0.5773   0.8400

1025    0.6560   0.9055

1025    0.7658   0.9703

1025    0.9189   0.9399

1025    0.9319   0.7541

1025    0.9855   0.3990

1025    0.7296   0.3312

1025    0.6860   0.3694

1025    0.6520   0.2139

1025    0.7134   0.1118

1025    0.8133   0.0179

1025    0.7760   0.0211

1025    0.7050   0.0860

1025    0.6784   0.0982

1025    0.5019   0.0243

1025    0.2728   0.2514

1025    0.2579   0.2393

1025    0.2332   0.1933

1050    0.1226   0.1699

1050    0.1338   0.0535

1050    0.0840   0.1593

1050    0.0528   0.4535

1050    0.0173   0.5832

1050    0.1683   0.5724

1050    0.2792   0.5459

1050    0.1210   0.6801

1050    0.0646   0.7547

1050    0.2261   0.9946

1050    0.3715   0.8366

1050    0.4932   0.7560

1050    0.4718   0.5849

1050    0.4771   0.5718

1050    0.4791   0.4943

1050    0.6168   0.5805

1050    0.5773   0.8400

1050    0.6560   0.9055

1050    0.7658   0.9703

1050    0.9189   0.9399

1050    0.9319   0.7541

1050    0.9855   0.3990

1050    0.7296   0.3312

1050    0.6860   0.3694

1050    0.6520   0.2139

1050    0.7134   0.1118

1050    0.8133   0.0179

1050    0.7760   0.0211

1050    0.7050   0.0860

1050    0.6784   0.0982

1050    0.5019   0.0243

1050    0.2728   0.2514

1050    0.2579   0.2393

1050    0.2332   0.1933

1075    0.1226   0.1699

1075    0.1338   0.0535

1075    0.0840   0.1593

1075    0.0528   0.4535

1075    0.0173   0.5832

1075    0.1683   0.5724

1075    0.2792   0.5459

1075    0.1210   0.6801

1075    0.0646   0.7547

1075    0.2261   0.9946

1075    0.3715   0.8366

1075    0.4932   0.7560

1075    0.4718   0.5849

1075    0.4771   0.5718

1075    0.4791   0.4943

1075    0.6168   0.5805

1075    0.5773   0.8400

1075    0.6560   0.9055

1075    0.7658   0.9703

1075    0.9189   0.9399

1075    0.9319   0.7541

1075    0.9855   0.3990

1075    0.7296   0.3312

1075    0.6860   0.3694

1075    0.6520   0.2139

1075    0.7134   0.1118

1075    0.8133   0.0179

1075    0.7760   0.0211

1075    0.7050   0.0860

1075    0.6784   0.0982

1075    0.5019   0.0243

1075    0.2728   0.2514

1075    0.2579   0.2393

1075    0.2332   0.1933

1100    0.1226   0.1699

1100    0.1338   0.0535

1100    0.0840   0.1593

1100    0.0528   0.4535

1100    0.0173   0.5832

1100    0.1683   0.5724

1100    0.2792   0.5459

1100    0.1210   0.6801

1100    0.0646   0.7547

1100    0.2261   0.9946

1100    0.3715   0.8366

1100    0.4932   0.7560

1100    0.4718   0.5849

1100    0.4771   0.5718

1100    0.4791   0.4943

1100    0.6168   0.5805

1100    0.5773   0.8400

1100    0.6560   0.9055

1100    0.7658   0.9703

1100    0.9189   0.9399

1100    0.9319   0.7541

1100    0.9855   0.3990

1100    0.7296   0.3312

1100    0.6860   0.3694

1100    0.6520   0.2139

1100    0.7134   0.1118

1100    0.8133   0.0179

1100    0.7760   0.0211

1100    0.7050   0.0860

1100    0.6784   0.0982

1100    0.5019   0.0243

1100    0.2728   0.2514

1100    0.2579   0.2393

1100    0.2332   0.1933

1125    0.1226   0.1699

1125    0.1338   0.0535

1125    0.0840   0.1593

1125    0.0528   0.4535

1125    0.0173   0.5832

1125    0.1683   0.5724

1125    0.2792   0.5459

1125    0.1210   0.6801

1125    0.0646   0.7547

1125    0.2261   0.9946

1125    0.3715   0.8366

1125    0.4932   0.7560

1125    0.4718   0.5849

1125    0.4771   0.5718

1125    0.4791   0.4943

1125    0.6168   0.5805

1125    0.5773   0.8400

1125    0.6560   0.9055

1125    0.7658   0.9703

1125    0.9189   0.9399

1125    0.9319   0.7541

1125    0.9855   0.3990

1125    0.7296   0.3312

1125    0.6860   0.3694

1125    0.6520   0.2139

1125    0.7134   0.1118

1125    0.8133   0.0179

1125    0.7760   0.0211

1125    0.7050   0.0860

1125    0.6784   0.0982

1125    0.5019   0.0243

1125    0.2728   0.2514

1125    0.2579   0.2393

1125    0.2332   0.1933

1150    0.1226   0.1699

1150    0.1338   0.0535

1150    0.0840   0.1593

1150    0.0528   0.4535

1150    0.0173   0.5832

1150    0.1683   0.5724

1150    0.2792   0.5459

1150    0.1210   0.6801

1150    0.0646   0.7547

1150    0.2261   0.9946

1150    0.3715   0.8366

1150    0.4932   0.7560

1150    0.4718   0.5849

1150    0.4771   0.5718

1150    0.4791   0.4943

1150    0.6168   0.5805

1150    0.5773   0.8400

1150    0.6560   0.9055

1150    0.7658   0.9703

1150    0.9189   0.9399

1150    0.9319   0.7541

1150    0.9855   0.3990

1150    0.7296   0.3312

1150    0.6860   0.3694

1150    0.6520   0.2139

1150    0.7134   0.1118

1150    0.8133   0.0179

1150    0.7760   0.0211

1150    0.7050   0.0860

1150    0.6784   0.0982

1150    0.5019   0.0243

1150    0.2728   0.2514

1150    0.2579   0.2393

1150    0.2332   0.1933

1175    0.1226   0.1699

1175    0.1338   0.0535

1175    0.0840   0.1593

1175    0.0528   0.4535

1175    0.0173   0.5832

1175    0.1683   0.5724

1175    0.2792   0.5459

1175    0.1210   0.6801

1175    0.0646   0.7547

1175    0.2261   0.9946

1175    0.3715   0.8366

1175    0.4932   0.7560

1175    0.4718   0.5849

1175    0.4771   0.5718

1175    0.4791   0.4943

1175    0.6168   0.5805

1175    0.5773   0.8400

1175    0.6560   0.9055

1175    0.7658   0.9703

1175    0.9189   0.9399

1175    0.9319   0.7541

1175    0.9855   0.3990

1175    0.7296   0.3312

1175    0.6860   0.3694

1175    0.6520   0.2139

1175    0.7134   0.1118

1175    0.8133   0.0179

1175    0.7760   0.0211

1175    0.7050   0.0860

1175    0.6784   0.0982

1175    0.5019   0.0243

1175    0.2728   0.2514

1175    0.2579   0.2393

1175    0.2332   0.1933

1200    0.1226   0.1699

1200    0.1338   0.0535

1200    0.0840   0.1593

1200    0.0528   0.4535

1200    0.0173   0.5832

1200    0.1683   0.5724

1200    0.2792   0.5459

1200    0.1210   0.6801

1200    0.0646   0.7547

1200    0.2261   0.9946

1200    0.3715   0.8366

1200    0.4932   0.7560

1200    0.4718   0.5849

1200    0.4771   0.5718

1200    0.4791   0.4943

1200    0.6168   0.5805

1200    0.5773   0.8400

1200    0.6560   0.9055

1200    0.7658   0.9703

1200    0.9189   0.9399

1200    0.9319   0.7541

1200    0.9855   0.3990

1200    0.7296   0.3312

1200    0.6860   0.3694

1200    0.6520   0.2139

1200    0.7134   0.1118

1200    0.8133   0.0179

1200    0.7760   0.0211

1200    0.7050   0.0860

1200    0.6784   0.0982

1200    0.5019   0.0243

1200    0.2728   0.2514

1200    0.2579   0.2393

1200    0.2332   0.1933

1225    0.1226   0.1699

1225    0.1338   0.0535

1225    0.0840   0.1593

1225    0.0528   0.4535

1225    0.0173   0.5832

1225    0.1683   0.5724

1225    0.2792   0.5459

1225    0.1210   0.6801

1225    0.0646   0.7547

1225    0.2261   0.9946

1225    0.3715   0.8366

1225    0.4932   0.7560

1225    0.4718   0.5849

1225    0.4771   0.5718

1225    0.4791   0.4943

1225    0.6168   0.5805

1225    0.5773   0.8400

1225    0.6560   0.9055

1225    0.7658   0.9703

1225    0.9189   0.9399

1225    0.9319   0.7541

1225    0.9855   0.3990

1225    0.7296   0.3312

1225    0.6860   0.3694

1225    0.6520   0.2139

1225    0.7134   0.1118

1225    0.8133   0.0179

1225    0.7760   0.0211

1225    0.7050   0.0860

1225    0.6784   0.0982

1225    0.5019   0.0243

1225    0.2728   0.2514

1225    0.2579   0.2393

1225    0.2332   0.1933

1250    0.1226   0.1699

1250    0.1338   0.0535

1250    0.0840   0.1593

1250    0.0528   0.4535

1250    0.0173   0.5832

1250    0.1683   0.5724

1250    0.2792   0.5459

1250    0.1210   0.6801

1250    0.0646   0.7547

1250    0.2261   0.9946

1250    0.3715   0.8366

1250    0.4932   0.7560

1250    0.4718   0.5849

1250    0.4771   0.5718

1250    0.4791   0.4943

1250    0.6168   0.5805

1250    0.5773   0.8400

1250    0.6560   0.9055

1250    0.7658   0.9703

1250    0.9189   0.9399

1250    0.9319   0.7541

1250    0.9855   0.3990

1250    0.7296   0.3312

1250    0.6860   0.3694

1250    0.6520   0.2139

1250    0.7134   0.1118

1250    0.8133   0.0179

1250    0.7760   0.0211

1250    0.7050   0.0860

1250    0.6784   0.0982

1250    0.5019   0.0243

1250    0.2728   0.2514

1250    0.2579   0.2393

1250    0.2332   0.1933

1275    0.1226   0.1699

1275    0.1338   0.0535

1275    0.0840   0.1593

1275    0.0528   0.4535

1275    0.0173   0.5832

1275    0.1683   0.5724

1275    0.2792   0.5459

1275    0.1210   0.6801

1275    0.0646   0.7547

1275    0.2261   0.9946

1275    0.3715   0.8366

1275    0.4932   0.7560

1275    0.4718   0.5849

1275    0.4771   0.5718

1275    0.4791   0.4943

1275    0.6168   0.5805

1275    0.5773   0.8400

1275    0.6560   0.9055

1275    0.7658   0.9703

1275    0.9189   0.9399

1275    0.9319   0.7541

1275    0.9855   0.3990

1275    0.7296   0.3312

1275    0.6860   0.3694

1275    0.6520   0.2139

1275    0.7134   0.1118

1275    0.8133   0.0179

1275    0.7760   0.0211

1275    0.7050   0.0860

1275    0.6784   0.0982

1275    0.5019   0.0243

1275    0.2728   0.2514

1275    0.2579   0.2393

1275    0.2332   0.1933

1300    0.1226   0.1699

1300    0.1338   0.0535

1300    0.0840   0.1593

1300    0.0528   0.4535

1300    0.0173   0.5832

1300    0.1683   0.5724

1300    0.2792   0.5459

1300    0.1210   0.6801

1300    0.0646   0.7547

1300    0.2261   0.9946

1300    0.3715   0.8366

1300    0.4932   0.7560

1300    0.4718   0.5849

1300    0.4771   0.5718

1300    0.4791   0.4943

1300    0.6168   0.5805

1300    0.5773   0.8400

1300    0.6560   0.9055

1300    0.7658   0.9703

1300    0.9189   0.9399

1300    0.9319   0.7541

1300    0.9855   0.3990

1300    0.7296   0.3312

1300    0.6860   0.3694

1300    0.6520   0.2139

1300    0.7134   0.1118

1300    0.8133   0.0179

1300    0.7760   0.0211

1300    0.7050   0.0860

1300    0.6784   0.0982

1300    0.5019   0.0243

1300    0.2728   0.2514

1300    0.2579   0.2393

1300    0.2332   0.1933

1325    0.1226   0.1699

1325    0.1338   0.0535

1325    0.0840   0.1593

1325    0.0528   0.4535

1325    0.0173   0.5832

1325    0.1683   0.5724

1325    0.2792   0.5459

1325    0.1210   0.6801

1325    0.0646   0.7547

1325    0.2261   0.9946

1325    0.3715   0.8366

1325    0.4932   0.7560

1325    0.4718   0.5849

1325    0.4771   0.5718

1325    0.4791   0.4943

1325    0.6168   0.5805

1325    0.5773   0.8400

1325    0.6560   0.9055

1325    0.7658   0.9703

1325    0.9189   0.9399

1325    0.9319   0.7541

1325    0.9855   0.3990

1325    0.7296   0.3312

1325    0.6860   0.3694

1325    0.6520   0.2139

1325    0.7134   0.1118

1325    0.8133   0.0179

1325    0.7760   0.0211

1325    0.7050   0.0860

1325    0.6784   0.0982

1325    0.5019   0.0243

1325    0.2728   0.2514

1325    0.2579   0.2393

1325    0.2332   0.1933

1350    0.1226   0.1699

1350    0.1338   0.0535

1350    0.0840   0.1593

1350    0.0528   0.4535

1350    0.0173   0.5832

1350    0.1683   0.5724

1350    0.2792   0.5459

1350    0.1210   0.6801

1350    0.0646   0.7547

1350    0.2261   0.9946

1350    0.3715   0.8366

1350    0.4932   0.7560

1350    0.4718   0.5849

1350    0.4771   0.5718

1350    0.4791   0.4943

1350    0.6168   0.5805

1350    0.5773   0.8400

1350    0.6560   0.9055

1350    0.7658   0.9703

1350    0.9189   0.9399

1350    0.9319   0.7541

1350    0.9855   0.3990

1350    0.7296   0.3312

1350    0.6860   0.3694

1350    0.6520   0.2139

1350    0.7134   0.1118

1350    0.8133   0.0179

1350    0.7760   0.0211

1350    0.7050   0.0860

1350    0.6784   0.0982

1350    0.5019   0.0243

1350    0.2728   0.2514

1350    0.2579   0.2393

1350    0.2332   0.1933

1375    0.1226   0.1699

1375    0.1338   0.0535

1375    0.0840   0.1593

1375    0.0528   0.4535

1375    0.0173   0.5832

1375    0.1683   0.5724

1375    0.2792   0.5459

1375    0.1210   0.6801

1375    0.0646   0.7547

1375    0.2261   0.9946

1375    0.3715   0.8366

1375    0.4932   0.7560

1375    0.4718   0.5849

1375    0.4771   0.5718

1375    0.4791   0.4943

1375    0.6168   0.5805

1375    0.5773   0.8400

1375    0.6560   0.9055

1375    0.7658   0.9703

1375    0.9189   0.9399

1375    0.9319   0.7541

1375    0.9855   0.3990

1375    0.7296   0.3312

1375    0.6860   0.3694

1375    0.6520   0.2139

1375    0.7134   0.1118

1375    0.8133   0.0179

1375    0.7760   0.0211

1375    0.7050   0.0860

1375    0.6784   0.0982

1375    0.5019   0.0243

1375    0.2728   0.2514

1375    0.2579   0.2393

1375    0.2332   0.1933

1400    0.1226   0.1699

1400    0.1338   0.0535

1400    0.0840   0.1593

1400    0.0528   0.4535

1400    0.0173   0.5832

1400    0.1683   0.5724

1400    0.2792   0.5459

1400    0.1210   0.6801

1400    0.0646   0.7547

1400    0.2261   0.9946

1400    0.3715   0.8366

1400    0.4932   0.7560

1400    0.4718   0.5849

1400    0.4771   0.5718

1400    0.4791   0.4943

1400    0.6168   0.5805

1400    0.5773   0.8400

1400    0.6560   0.9055

1400    0.7658   0.9703

1400    0.9189   0.9399

1400    0.9319   0.7541

1400    0.9855   0.3990

1400    0.7296   0.3312

1400    0.6860   0.3694

1400    0.6520   0.2139

1400    0.7134   0.1118

1400    0.8133   0.0179

1400    0.7760   0.0211

1400    0.7050   0.0860

1400    0.6784   0.0982

1400    0.5019   0.0243

1400    0.2728   0.2514

1400    0.2579   0.2393

1400    0.2332   0.1933

1425    0.1226   0.1699

1425    0.1338   0.0535

1425    0.0840   0.1593

1425    0.0528   0.4535

1425    0.0173   0.5832

1425    0.1683   0.5724

1425    0.2792   0.5459

1425    0.1210   0.6801

1425    0.0646   0.7547

1425    0.2261   0.9946

1425    0.3715   0.8366

1425    0.4932   0.7560

1425    0.4718   0.5849

1425    0.4771   0.5718

1425    0.4791   0.4943

1425    0.6168   0.5805

1425    0.5773   0.8400

1425    0.6560   0.9055

1425    0.7658   0.9703

1425    0.9189   0.9399

1425    0.9319   0.7541

1425    0.9855   0.3990

1425    0.7296   0.3312

1425    0.6860   0.3694

1425    0.6520   0.2139

1425    0.7134   0.1118

1425    0.8133   0.0179

1425    0.7760   0.0211

1425    0.7050   0.0860

1425    0.6784   0.0982

1425    0.5019   0.0243

1425    0.2728   0.2514

1425    0.2579   0.2393

1425    0.2332   0.1933

1450    0.1226   0.1699

1450    0.1338   0.0535

1450    0.0840   0.1593

1450    0.0528   0.4535

1450    0.0173   0.5832

1450    0.1683   0.5724

1450    0.2792   0.5459

1450    0.1210   0.6801

1450    0.0646   0.7547

1450    0.2261   0.9946

1450    0.3715   0.8366

1450    0.4932   0.7560

1450    0.4718   0.5849

1450    0.4771   0.5718

1450    0.4791   0.4943

1450    0.6168   0.5805

1450    0.5773   0.8400

1450    0.6560   0.9055

1450    0.7658   0.9703

1450    0.9189   0.9399

1450    0.9319   0.7541

1450    0.9855   0.3990

1450    0.7296   0.3312

1450    0.6860   0.3694

1450    0.6520   0.2139

1450    0.7134   0.1118

1450    0.8133   0.0179

1450    0.7760   0.0211

1450    0.7050   0.0860

1450    0.6784   0.0982

1450    0.5019   0.0243

1450    0.2728   0.2514

1450    0.2579   0.2393

1450    0.2332   0.1933

1475    0.1226   0.1699

1475    0.1338   0.0535

1475    0.0840   0.1593

1475    0.0528   0.4535

1475    0.0173   0.5832

1475    0.1683   0.5724

1475    0.2792   0.5459

1475    0.1210   0.6801

1475    0.0646   0.7547

1475    0.2261   0.9946

1475    0.3715   0.8366

1475    0.4932   0.7560

1475    0.4718   0.5849

1475    0.4771   0.5718

1475    0.4791   0.4943

1475    0.6168   0.5805

1475    0.5773   0.8400

1475    0.6560   0.9055

1475    0.7658   0.9703

1475    0.9189   0.9399

1475    0.9319   0.7541

1475    0.9855   0.3990

1475    0.7296   0.3312

1475    0.6860   0.3694

1475    0.6520   0.2139

1475    0.7134   0.1118

1475    0.8133   0.0179

1475    0.7760   0.0211

1475    0.7050   0.0860

1475    0.6784   0.0982

1475    0.5019   0.0243

1475    0.2728   0.2514

1475    0.2579   0.2393

1475    0.2332   0.1933

