0    0.1226   0.8878

0    0.6564   0.7947

0    0.3257   0.6795

0    0.0986   0.7742

0    0.2046   0.4707

0    0.6018   0.4081

0    0.2421   0.1937

0    0.4624   0.0079

0    0.4522   0.2752

0    0.4905   0.4418

0    0.0446   0.3821

0    0.3124   0.4182

0    0.6095   0.2389

0    0.5707   0.0855

0    0.6458   0.2232

0    0.8409   0.3208

0    0.4785   0.4873

0    0.2986   0.1723

0    0.3934   0.3051

0    0.1812   0.0823

0    0.2094   0.2817

0    0.6112   0.2604

0    0.8367   0.6178

0    0.8060   0.4667

0    0.3091   0.4968

0    0.1321   0.3903

0    0.2638   0.2783

0    0.3490   0.3043

0    0.1215   0.8886

0    0.3306   0.9537

0    0.6431   0.7587

0    0.6674   0.7617

0    0.7054   0.8721

0    0.2389   0.9471

25    0.1226   0.8878

25    0.1215   0.8886

25    0.0986   0.7742

25    0.3257   0.6795

25    0.2046   0.4707

25    0.3091   0.4968

25    0.4785   0.4873

25    0.4905   0.4418

25    0.6018   0.4081

25    0.4522   0.2752

25    0.3934   0.3051

25    0.2638   0.2783

25    0.2094   0.2817

25    0.0446   0.3821

25    0.1321   0.3903

25    0.3124   0.4182

25    0.3490   0.3043

25    0.2986   0.1723

25    0.2421   0.1937

25    0.1812   0.0823

25    0.4624   0.0079

25    0.5707   0.0855

25    0.6095   0.2389

25    0.6112   0.2604

25    0.6458   0.2232

25    0.8409   0.3208

25    0.8060   0.4667

25    0.8367   0.6178

25    0.6674   0.7617

25    0.6431   0.7587

25    0.7054   0.8721

25    0.6564   0.7947

25    0.3306   0.9537

25    0.2389   0.9471

50    0.1226   0.8878

50    0.1215   0.8886

50    0.0986   0.7742

50    0.3257   0.6795

50    0.3091   0.4968

50    0.4785   0.4873

50    0.4905   0.4418

50    0.6018   0.4081

50    0.4522   0.2752

50    0.3934   0.3051

50    0.3124   0.4182

50    0.2046   0.4707

50    0.1321   0.3903

50    0.0446   0.3821

50    0.2094   0.2817

50    0.2638   0.2783

50    0.3490   0.3043

50    0.2986   0.1723

50    0.2421   0.1937

50    0.1812   0.0823

50    0.4624   0.0079

50    0.5707   0.0855

50    0.6095   0.2389

50    0.6112   0.2604

50    0.6458   0.2232

50    0.8409   0.3208

50    0.8060   0.4667

50    0.8367   0.6178

50    0.6674   0.7617

50    0.6431   0.7587

50    0.7054   0.8721

50    0.6564   0.7947

50    0.3306   0.9537

50    0.2389   0.9471

75    0.1226   0.8878

75    0.1215   0.8886

75    0.0986   0.7742

75    0.3257   0.6795

75    0.3091   0.4968

75    0.4785   0.4873

75    0.4905   0.4418

75    0.6018   0.4081

75    0.4522   0.2752

75    0.3934   0.3051

75    0.3124   0.4182

75    0.2046   0.4707

75    0.1321   0.3903

75    0.0446   0.3821

75    0.2094   0.2817

75    0.2638   0.2783

75    0.3490   0.3043

75    0.2421   0.1937

75    0.1812   0.0823

75    0.2986   0.1723

75    0.4624   0.0079

75    0.5707   0.0855

75    0.6095   0.2389

75    0.6112   0.2604

75    0.6458   0.2232

75    0.8409   0.3208

75    0.8060   0.4667

75    0.8367   0.6178

75    0.6674   0.7617

75    0.6431   0.7587

75    0.7054   0.8721

75    0.6564   0.7947

75    0.3306   0.9537

75    0.2389   0.9471

100    0.1226   0.8878

100    0.1215   0.8886

100    0.0986   0.7742

100    0.3257   0.6795

100    0.3091   0.4968

100    0.4785   0.4873

100    0.4905   0.4418

100    0.6018   0.4081

100    0.4522   0.2752

100    0.3934   0.3051

100    0.3124   0.4182

100    0.2046   0.4707

100    0.1321   0.3903

100    0.0446   0.3821

100    0.2094   0.2817

100    0.2638   0.2783

100    0.3490   0.3043

100    0.2421   0.1937

100    0.1812   0.0823

100    0.2986   0.1723

100    0.4624   0.0079

100    0.5707   0.0855

100    0.6095   0.2389

100    0.6112   0.2604

100    0.6458   0.2232

100    0.8409   0.3208

100    0.8060   0.4667

100    0.8367   0.6178

100    0.6674   0.7617

100    0.6431   0.7587

100    0.7054   0.8721

100    0.6564   0.7947

100    0.3306   0.9537

100    0.2389   0.9471

125    0.1226   0.8878

125    0.1215   0.8886

125    0.0986   0.7742

125    0.3257   0.6795

125    0.3091   0.4968

125    0.4785   0.4873

125    0.4905   0.4418

125    0.6018   0.4081

125    0.4522   0.2752

125    0.3934   0.3051

125    0.3490   0.3043

125    0.3124   0.4182

125    0.2046   0.4707

125    0.1321   0.3903

125    0.0446   0.3821

125    0.2094   0.2817

125    0.2638   0.2783

125    0.2421   0.1937

125    0.1812   0.0823

125    0.2986   0.1723

125    0.4624   0.0079

125    0.5707   0.0855

125    0.6095   0.2389

125    0.6112   0.2604

125    0.6458   0.2232

125    0.8409   0.3208

125    0.8060   0.4667

125    0.8367   0.6178

125    0.6674   0.7617

125    0.6431   0.7587

125    0.7054   0.8721

125    0.6564   0.7947

125    0.3306   0.9537

125    0.2389   0.9471

150    0.1226   0.8878

150    0.1215   0.8886

150    0.0986   0.7742

150    0.3257   0.6795

150    0.3091   0.4968

150    0.4785   0.4873

150    0.4905   0.4418

150    0.6018   0.4081

150    0.4522   0.2752

150    0.3934   0.3051

150    0.3490   0.3043

150    0.3124   0.4182

150    0.2046   0.4707

150    0.1321   0.3903

150    0.0446   0.3821

150    0.2094   0.2817

150    0.2638   0.2783

150    0.2421   0.1937

150    0.1812   0.0823

150    0.2986   0.1723

150    0.4624   0.0079

150    0.5707   0.0855

150    0.6095   0.2389

150    0.6112   0.2604

150    0.6458   0.2232

150    0.8409   0.3208

150    0.8060   0.4667

150    0.8367   0.6178

150    0.6674   0.7617

150    0.6431   0.7587

150    0.7054   0.8721

150    0.6564   0.7947

150    0.3306   0.9537

150    0.2389   0.9471

175    0.1226   0.8878

175    0.1215   0.8886

175    0.0986   0.7742

175    0.3257   0.6795

175    0.3091   0.4968

175    0.4785   0.4873

175    0.4905   0.4418

175    0.6018   0.4081

175    0.4522   0.2752

175    0.3934   0.3051

175    0.3490   0.3043

175    0.3124   0.4182

175    0.2046   0.4707

175    0.1321   0.3903

175    0.0446   0.3821

175    0.2094   0.2817

175    0.2638   0.2783

175    0.2421   0.1937

175    0.1812   0.0823

175    0.2986   0.1723

175    0.4624   0.0079

175    0.5707   0.0855

175    0.6095   0.2389

175    0.6112   0.2604

175    0.6458   0.2232

175    0.8409   0.3208

175    0.8060   0.4667

175    0.8367   0.6178

175    0.6674   0.7617

175    0.6431   0.7587

175    0.7054   0.8721

175    0.6564   0.7947

175    0.3306   0.9537

175    0.2389   0.9471

200    0.1226   0.8878

200    0.1215   0.8886

200    0.0986   0.7742

200    0.3257   0.6795

200    0.3091   0.4968

200    0.4785   0.4873

200    0.4905   0.4418

200    0.6018   0.4081

200    0.4522   0.2752

200    0.3934   0.3051

200    0.3490   0.3043

200    0.3124   0.4182

200    0.2046   0.4707

200    0.1321   0.3903

200    0.0446   0.3821

200    0.2094   0.2817

200    0.2638   0.2783

200    0.2421   0.1937

200    0.1812   0.0823

200    0.2986   0.1723

200    0.4624   0.0079

200    0.5707   0.0855

200    0.6095   0.2389

200    0.6112   0.2604

200    0.6458   0.2232

200    0.8409   0.3208

200    0.8060   0.4667

200    0.8367   0.6178

200    0.6674   0.7617

200    0.6431   0.7587

200    0.7054   0.8721

200    0.6564   0.7947

200    0.3306   0.9537

200    0.2389   0.9471

225    0.1226   0.8878

225    0.1215   0.8886

225    0.0986   0.7742

225    0.3257   0.6795

225    0.3091   0.4968

225    0.4785   0.4873

225    0.4905   0.4418

225    0.6018   0.4081

225    0.4522   0.2752

225    0.3934   0.3051

225    0.3490   0.3043

225    0.3124   0.4182

225    0.2046   0.4707

225    0.1321   0.3903

225    0.0446   0.3821

225    0.2094   0.2817

225    0.2638   0.2783

225    0.2421   0.1937

225    0.1812   0.0823

225    0.2986   0.1723

225    0.4624   0.0079

225    0.5707   0.0855

225    0.6095   0.2389

225    0.6112   0.2604

225    0.6458   0.2232

225    0.8409   0.3208

225    0.8060   0.4667

225    0.8367   0.6178

225    0.6674   0.7617

225    0.6431   0.7587

225    0.7054   0.8721

225    0.6564   0.7947

225    0.3306   0.9537

225    0.2389   0.9471

250    0.1226   0.8878

250    0.1215   0.8886

250    0.0986   0.7742

250    0.3257   0.6795

250    0.3091   0.4968

250    0.4785   0.4873

250    0.4905   0.4418

250    0.6018   0.4081

250    0.4522   0.2752

250    0.3934   0.3051

250    0.3490   0.3043

250    0.3124   0.4182

250    0.2046   0.4707

250    0.1321   0.3903

250    0.0446   0.3821

250    0.2094   0.2817

250    0.2638   0.2783

250    0.2421   0.1937

250    0.1812   0.0823

250    0.2986   0.1723

250    0.4624   0.0079

250    0.5707   0.0855

250    0.6095   0.2389

250    0.6112   0.2604

250    0.6458   0.2232

250    0.8409   0.3208

250    0.8060   0.4667

250    0.8367   0.6178

250    0.6674   0.7617

250    0.6431   0.7587

250    0.7054   0.8721

250    0.6564   0.7947

250    0.3306   0.9537

250    0.2389   0.9471

275    0.1226   0.8878

275    0.1215   0.8886

275    0.0986   0.7742

275    0.3257   0.6795

275    0.3091   0.4968

275    0.4785   0.4873

275    0.4905   0.4418

275    0.6018   0.4081

275    0.4522   0.2752

275    0.3934   0.3051

275    0.3490   0.3043

275    0.3124   0.4182

275    0.2046   0.4707

275    0.1321   0.3903

275    0.0446   0.3821

275    0.2094   0.2817

275    0.2638   0.2783

275    0.2421   0.1937

275    0.1812   0.0823

275    0.2986   0.1723

275    0.4624   0.0079

275    0.5707   0.0855

275    0.6095   0.2389

275    0.6112   0.2604

275    0.6458   0.2232

275    0.8409   0.3208

275    0.8060   0.4667

275    0.8367   0.6178

275    0.6674   0.7617

275    0.6431   0.7587

275    0.7054   0.8721

275    0.6564   0.7947

275    0.3306   0.9537

275    0.2389   0.9471

300    0.1226   0.8878

300    0.1215   0.8886

300    0.0986   0.7742

300    0.3257   0.6795

300    0.3091   0.4968

300    0.4785   0.4873

300    0.4905   0.4418

300    0.6018   0.4081

300    0.4522   0.2752

300    0.3934   0.3051

300    0.3490   0.3043

300    0.3124   0.4182

300    0.2046   0.4707

300    0.1321   0.3903

300    0.0446   0.3821

300    0.2094   0.2817

300    0.2638   0.2783

300    0.2421   0.1937

300    0.1812   0.0823

300    0.2986   0.1723

300    0.4624   0.0079

300    0.5707   0.0855

300    0.6095   0.2389

300    0.6112   0.2604

300    0.6458   0.2232

300    0.8409   0.3208

300    0.8060   0.4667

300    0.8367   0.6178

300    0.6674   0.7617

300    0.6431   0.7587

300    0.7054   0.8721

300    0.6564   0.7947

300    0.3306   0.9537

300    0.2389   0.9471

325    0.1226   0.8878

325    0.1215   0.8886

325    0.0986   0.7742

325    0.3257   0.6795

325    0.3091   0.4968

325    0.4785   0.4873

325    0.4905   0.4418

325    0.6018   0.4081

325    0.4522   0.2752

325    0.3934   0.3051

325    0.3490   0.3043

325    0.3124   0.4182

325    0.2046   0.4707

325    0.1321   0.3903

325    0.0446   0.3821

325    0.2094   0.2817

325    0.2638   0.2783

325    0.2421   0.1937

325    0.1812   0.0823

325    0.2986   0.1723

325    0.4624   0.0079

325    0.5707   0.0855

325    0.6095   0.2389

325    0.6112   0.2604

325    0.6458   0.2232

325    0.8409   0.3208

325    0.8060   0.4667

325    0.8367   0.6178

325    0.6674   0.7617

325    0.6431   0.7587

325    0.7054   0.8721

325    0.6564   0.7947

325    0.3306   0.9537

325    0.2389   0.9471

350    0.1226   0.8878

350    0.1215   0.8886

350    0.0986   0.7742

350    0.3257   0.6795

350    0.3091   0.4968

350    0.4785   0.4873

350    0.4905   0.4418

350    0.6018   0.4081

350    0.4522   0.2752

350    0.3934   0.3051

350    0.3490   0.3043

350    0.3124   0.4182

350    0.2046   0.4707

350    0.1321   0.3903

350    0.0446   0.3821

350    0.2094   0.2817

350    0.2638   0.2783

350    0.2421   0.1937

350    0.1812   0.0823

350    0.2986   0.1723

350    0.4624   0.0079

350    0.5707   0.0855

350    0.6095   0.2389

350    0.6112   0.2604

350    0.6458   0.2232

350    0.8409   0.3208

350    0.8060   0.4667

350    0.8367   0.6178

350    0.6674   0.7617

350    0.6431   0.7587

350    0.7054   0.8721

350    0.6564   0.7947

350    0.3306   0.9537

350    0.2389   0.9471

375    0.1226   0.8878

375    0.1215   0.8886

375    0.0986   0.7742

375    0.3257   0.6795

375    0.3091   0.4968

375    0.4785   0.4873

375    0.4905   0.4418

375    0.6018   0.4081

375    0.4522   0.2752

375    0.3934   0.3051

375    0.3490   0.3043

375    0.3124   0.4182

375    0.2046   0.4707

375    0.1321   0.3903

375    0.0446   0.3821

375    0.2094   0.2817

375    0.2638   0.2783

375    0.2421   0.1937

375    0.1812   0.0823

375    0.2986   0.1723

375    0.4624   0.0079

375    0.5707   0.0855

375    0.6095   0.2389

375    0.6112   0.2604

375    0.6458   0.2232

375    0.8409   0.3208

375    0.8060   0.4667

375    0.8367   0.6178

375    0.6674   0.7617

375    0.6431   0.7587

375    0.7054   0.8721

375    0.6564   0.7947

375    0.3306   0.9537

375    0.2389   0.9471

400    0.1226   0.8878

400    0.1215   0.8886

400    0.0986   0.7742

400    0.3257   0.6795

400    0.3091   0.4968

400    0.4785   0.4873

400    0.4905   0.4418

400    0.6018   0.4081

400    0.4522   0.2752

400    0.3934   0.3051

400    0.3490   0.3043

400    0.3124   0.4182

400    0.2046   0.4707

400    0.1321   0.3903

400    0.0446   0.3821

400    0.2094   0.2817

400    0.2638   0.2783

400    0.2421   0.1937

400    0.1812   0.0823

400    0.2986   0.1723

400    0.4624   0.0079

400    0.5707   0.0855

400    0.6095   0.2389

400    0.6112   0.2604

400    0.6458   0.2232

400    0.8409   0.3208

400    0.8060   0.4667

400    0.8367   0.6178

400    0.6674   0.7617

400    0.6431   0.7587

400    0.7054   0.8721

400    0.6564   0.7947

400    0.3306   0.9537

400    0.2389   0.9471

425    0.1226   0.8878

425    0.1215   0.8886

425    0.0986   0.7742

425    0.3257   0.6795

425    0.3091   0.4968

425    0.4785   0.4873

425    0.4905   0.4418

425    0.6018   0.4081

425    0.4522   0.2752

425    0.3934   0.3051

425    0.3490   0.3043

425    0.3124   0.4182

425    0.2046   0.4707

425    0.1321   0.3903

425    0.0446   0.3821

425    0.2094   0.2817

425    0.2638   0.2783

425    0.2421   0.1937

425    0.1812   0.0823

425    0.2986   0.1723

425    0.4624   0.0079

425    0.5707   0.0855

425    0.6095   0.2389

425    0.6112   0.2604

425    0.6458   0.2232

425    0.8409   0.3208

425    0.8060   0.4667

425    0.8367   0.6178

425    0.6674   0.7617

425    0.6431   0.7587

425    0.7054   0.8721

425    0.6564   0.7947

425    0.3306   0.9537

425    0.2389   0.9471

450    0.1226   0.8878

450    0.1215   0.8886

450    0.0986   0.7742

450    0.3257   0.6795

450    0.3091   0.4968

450    0.4785   0.4873

450    0.4905   0.4418

450    0.6018   0.4081

450    0.4522   0.2752

450    0.3934   0.3051

450    0.3490   0.3043

450    0.3124   0.4182

450    0.2046   0.4707

450    0.1321   0.3903

450    0.0446   0.3821

450    0.2094   0.2817

450    0.2638   0.2783

450    0.2421   0.1937

450    0.1812   0.0823

450    0.2986   0.1723

450    0.4624   0.0079

450    0.5707   0.0855

450    0.6095   0.2389

450    0.6112   0.2604

450    0.6458   0.2232

450    0.8409   0.3208

450    0.8060   0.4667

450    0.8367   0.6178

450    0.6674   0.7617

450    0.6431   0.7587

450    0.7054   0.8721

450    0.6564   0.7947

450    0.3306   0.9537

450    0.2389   0.9471

475    0.1226   0.8878

475    0.1215   0.8886

475    0.0986   0.7742

475    0.3257   0.6795

475    0.3091   0.4968

475    0.4785   0.4873

475    0.4905   0.4418

475    0.6018   0.4081

475    0.4522   0.2752

475    0.3934   0.3051

475    0.3490   0.3043

475    0.3124   0.4182

475    0.2046   0.4707

475    0.1321   0.3903

475    0.0446   0.3821

475    0.2094   0.2817

475    0.2638   0.2783

475    0.2421   0.1937

475    0.1812   0.0823

475    0.2986   0.1723

475    0.4624   0.0079

475    0.5707   0.0855

475    0.6095   0.2389

475    0.6112   0.2604

475    0.6458   0.2232

475    0.8409   0.3208

475    0.8060   0.4667

475    0.8367   0.6178

475    0.6674   0.7617

475    0.6431   0.7587

475    0.7054   0.8721

475    0.6564   0.7947

475    0.3306   0.9537

475    0.2389   0.9471

500    0.1226   0.8878

500    0.1215   0.8886

500    0.0986   0.7742

500    0.3257   0.6795

500    0.3091   0.4968

500    0.4785   0.4873

500    0.4905   0.4418

500    0.6018   0.4081

500    0.4522   0.2752

500    0.3934   0.3051

500    0.3490   0.3043

500    0.3124   0.4182

500    0.2046   0.4707

500    0.1321   0.3903

500    0.0446   0.3821

500    0.2094   0.2817

500    0.2638   0.2783

500    0.2421   0.1937

500    0.1812   0.0823

500    0.2986   0.1723

500    0.4624   0.0079

500    0.5707   0.0855

500    0.6095   0.2389

500    0.6112   0.2604

500    0.6458   0.2232

500    0.8409   0.3208

500    0.8060   0.4667

500    0.8367   0.6178

500    0.6674   0.7617

500    0.6431   0.7587

500    0.7054   0.8721

500    0.6564   0.7947

500    0.3306   0.9537

500    0.2389   0.9471

525    0.1226   0.8878

525    0.1215   0.8886

525    0.0986   0.7742

525    0.3257   0.6795

525    0.3091   0.4968

525    0.4785   0.4873

525    0.4905   0.4418

525    0.6018   0.4081

525    0.4522   0.2752

525    0.3934   0.3051

525    0.3490   0.3043

525    0.3124   0.4182

525    0.2046   0.4707

525    0.1321   0.3903

525    0.0446   0.3821

525    0.2094   0.2817

525    0.2638   0.2783

525    0.2421   0.1937

525    0.1812   0.0823

525    0.2986   0.1723

525    0.4624   0.0079

525    0.5707   0.0855

525    0.6095   0.2389

525    0.6112   0.2604

525    0.6458   0.2232

525    0.8409   0.3208

525    0.8060   0.4667

525    0.8367   0.6178

525    0.6674   0.7617

525    0.6431   0.7587

525    0.7054   0.8721

525    0.6564   0.7947

525    0.3306   0.9537

525    0.2389   0.9471

550    0.1226   0.8878

550    0.1215   0.8886

550    0.0986   0.7742

550    0.3257   0.6795

550    0.3091   0.4968

550    0.4785   0.4873

550    0.4905   0.4418

550    0.6018   0.4081

550    0.4522   0.2752

550    0.3934   0.3051

550    0.3490   0.3043

550    0.3124   0.4182

550    0.2046   0.4707

550    0.1321   0.3903

550    0.0446   0.3821

550    0.2094   0.2817

550    0.2638   0.2783

550    0.2421   0.1937

550    0.1812   0.0823

550    0.2986   0.1723

550    0.4624   0.0079

550    0.5707   0.0855

550    0.6095   0.2389

550    0.6112   0.2604

550    0.6458   0.2232

550    0.8409   0.3208

550    0.8060   0.4667

550    0.8367   0.6178

550    0.6674   0.7617

550    0.6431   0.7587

550    0.7054   0.8721

550    0.6564   0.7947

550    0.3306   0.9537

550    0.2389   0.9471

575    0.1226   0.8878

575    0.1215   0.8886

575    0.0986   0.7742

575    0.3257   0.6795

575    0.3091   0.4968

575    0.4785   0.4873

575    0.4905   0.4418

575    0.6018   0.4081

575    0.4522   0.2752

575    0.3934   0.3051

575    0.3490   0.3043

575    0.3124   0.4182

575    0.2046   0.4707

575    0.1321   0.3903

575    0.0446   0.3821

575    0.2094   0.2817

575    0.2638   0.2783

575    0.2421   0.1937

575    0.1812   0.0823

575    0.2986   0.1723

575    0.4624   0.0079

575    0.5707   0.0855

575    0.6095   0.2389

575    0.6112   0.2604

575    0.6458   0.2232

575    0.8409   0.3208

575    0.8060   0.4667

575    0.8367   0.6178

575    0.6674   0.7617

575    0.6431   0.7587

575    0.7054   0.8721

575    0.6564   0.7947

575    0.3306   0.9537

575    0.2389   0.9471

600    0.1226   0.8878

600    0.1215   0.8886

600    0.0986   0.7742

600    0.3257   0.6795

600    0.3091   0.4968

600    0.4785   0.4873

600    0.4905   0.4418

600    0.6018   0.4081

600    0.4522   0.2752

600    0.3934   0.3051

600    0.3490   0.3043

600    0.3124   0.4182

600    0.2046   0.4707

600    0.1321   0.3903

600    0.0446   0.3821

600    0.2094   0.2817

600    0.2638   0.2783

600    0.2421   0.1937

600    0.1812   0.0823

600    0.2986   0.1723

600    0.4624   0.0079

600    0.5707   0.0855

600    0.6095   0.2389

600    0.6112   0.2604

600    0.6458   0.2232

600    0.8409   0.3208

600    0.8060   0.4667

600    0.8367   0.6178

600    0.6674   0.7617

600    0.6431   0.7587

600    0.7054   0.8721

600    0.6564   0.7947

600    0.3306   0.9537

600    0.2389   0.9471

625    0.1226   0.8878

625    0.1215   0.8886

625    0.0986   0.7742

625    0.3257   0.6795

625    0.3091   0.4968

625    0.4785   0.4873

625    0.4905   0.4418

625    0.6018   0.4081

625    0.4522   0.2752

625    0.3934   0.3051

625    0.3490   0.3043

625    0.3124   0.4182

625    0.2046   0.4707

625    0.1321   0.3903

625    0.0446   0.3821

625    0.2094   0.2817

625    0.2638   0.2783

625    0.2421   0.1937

625    0.1812   0.0823

625    0.2986   0.1723

625    0.4624   0.0079

625    0.5707   0.0855

625    0.6095   0.2389

625    0.6112   0.2604

625    0.6458   0.2232

625    0.8409   0.3208

625    0.8060   0.4667

625    0.8367   0.6178

625    0.6674   0.7617

625    0.6431   0.7587

625    0.7054   0.8721

625    0.6564   0.7947

625    0.3306   0.9537

625    0.2389   0.9471

650    0.1226   0.8878

650    0.1215   0.8886

650    0.0986   0.7742

650    0.3257   0.6795

650    0.3091   0.4968

650    0.4785   0.4873

650    0.4905   0.4418

650    0.6018   0.4081

650    0.4522   0.2752

650    0.3934   0.3051

650    0.3490   0.3043

650    0.3124   0.4182

650    0.2046   0.4707

650    0.1321   0.3903

650    0.0446   0.3821

650    0.2094   0.2817

650    0.2638   0.2783

650    0.2421   0.1937

650    0.1812   0.0823

650    0.2986   0.1723

650    0.4624   0.0079

650    0.5707   0.0855

650    0.6095   0.2389

650    0.6112   0.2604

650    0.6458   0.2232

650    0.8409   0.3208

650    0.8060   0.4667

650    0.8367   0.6178

650    0.6674   0.7617

650    0.6431   0.7587

650    0.7054   0.8721

650    0.6564   0.7947

650    0.3306   0.9537

650    0.2389   0.9471

675    0.1226   0.8878

675    0.1215   0.8886

675    0.0986   0.7742

675    0.3257   0.6795

675    0.3091   0.4968

675    0.4785   0.4873

675    0.4905   0.4418

675    0.6018   0.4081

675    0.4522   0.2752

675    0.3934   0.3051

675    0.3490   0.3043

675    0.3124   0.4182

675    0.2046   0.4707

675    0.1321   0.3903

675    0.0446   0.3821

675    0.2094   0.2817

675    0.2638   0.2783

675    0.2421   0.1937

675    0.1812   0.0823

675    0.2986   0.1723

675    0.4624   0.0079

675    0.5707   0.0855

675    0.6095   0.2389

675    0.6112   0.2604

675    0.6458   0.2232

675    0.8409   0.3208

675    0.8060   0.4667

675    0.8367   0.6178

675    0.6674   0.7617

675    0.6431   0.7587

675    0.7054   0.8721

675    0.6564   0.7947

675    0.3306   0.9537

675    0.2389   0.9471

700    0.1226   0.8878

700    0.1215   0.8886

700    0.0986   0.7742

700    0.3257   0.6795

700    0.3091   0.4968

700    0.4785   0.4873

700    0.4905   0.4418

700    0.6018   0.4081

700    0.4522   0.2752

700    0.3934   0.3051

700    0.3490   0.3043

700    0.3124   0.4182

700    0.2046   0.4707

700    0.1321   0.3903

700    0.0446   0.3821

700    0.2094   0.2817

700    0.2638   0.2783

700    0.2421   0.1937

700    0.1812   0.0823

700    0.2986   0.1723

700    0.4624   0.0079

700    0.5707   0.0855

700    0.6095   0.2389

700    0.6112   0.2604

700    0.6458   0.2232

700    0.8409   0.3208

700    0.8060   0.4667

700    0.8367   0.6178

700    0.6674   0.7617

700    0.6431   0.7587

700    0.7054   0.8721

700    0.6564   0.7947

700    0.3306   0.9537

700    0.2389   0.9471

725    0.1226   0.8878

725    0.1215   0.8886

725    0.0986   0.7742

725    0.3257   0.6795

725    0.3091   0.4968

725    0.4785   0.4873

725    0.4905   0.4418

725    0.6018   0.4081

725    0.4522   0.2752

725    0.3934   0.3051

725    0.3490   0.3043

725    0.3124   0.4182

725    0.2046   0.4707

725    0.1321   0.3903

725    0.0446   0.3821

725    0.2094   0.2817

725    0.2638   0.2783

725    0.2421   0.1937

725    0.1812   0.0823

725    0.2986   0.1723

725    0.4624   0.0079

725    0.5707   0.0855

725    0.6095   0.2389

725    0.6112   0.2604

725    0.6458   0.2232

725    0.8409   0.3208

725    0.8060   0.4667

725    0.8367   0.6178

725    0.6674   0.7617

725    0.6431   0.7587

725    0.7054   0.8721

725    0.6564   0.7947

725    0.3306   0.9537

725    0.2389   0.9471

750    0.1226   0.8878

750    0.1215   0.8886

750    0.0986   0.7742

750    0.3257   0.6795

750    0.3091   0.4968

750    0.4785   0.4873

750    0.4905   0.4418

750    0.6018   0.4081

750    0.4522   0.2752

750    0.3934   0.3051

750    0.3490   0.3043

750    0.3124   0.4182

750    0.2046   0.4707

750    0.1321   0.3903

750    0.0446   0.3821

750    0.2094   0.2817

750    0.2638   0.2783

750    0.2421   0.1937

750    0.1812   0.0823

750    0.2986   0.1723

750    0.4624   0.0079

750    0.5707   0.0855

750    0.6095   0.2389

750    0.6112   0.2604

750    0.6458   0.2232

750    0.8409   0.3208

750    0.8060   0.4667

750    0.8367   0.6178

750    0.6674   0.7617

750    0.6431   0.7587

750    0.7054   0.8721

750    0.6564   0.7947

750    0.3306   0.9537

750    0.2389   0.9471

775    0.1226   0.8878

775    0.1215   0.8886

775    0.0986   0.7742

775    0.3257   0.6795

775    0.3091   0.4968

775    0.4785   0.4873

775    0.4905   0.4418

775    0.6018   0.4081

775    0.4522   0.2752

775    0.3934   0.3051

775    0.3490   0.3043

775    0.3124   0.4182

775    0.2046   0.4707

775    0.1321   0.3903

775    0.0446   0.3821

775    0.2094   0.2817

775    0.2638   0.2783

775    0.2421   0.1937

775    0.1812   0.0823

775    0.2986   0.1723

775    0.4624   0.0079

775    0.5707   0.0855

775    0.6095   0.2389

775    0.6112   0.2604

775    0.6458   0.2232

775    0.8409   0.3208

775    0.8060   0.4667

775    0.8367   0.6178

775    0.6674   0.7617

775    0.6431   0.7587

775    0.7054   0.8721

775    0.6564   0.7947

775    0.3306   0.9537

775    0.2389   0.9471

800    0.1226   0.8878

800    0.1215   0.8886

800    0.0986   0.7742

800    0.3257   0.6795

800    0.3091   0.4968

800    0.4785   0.4873

800    0.4905   0.4418

800    0.6018   0.4081

800    0.4522   0.2752

800    0.3934   0.3051

800    0.3490   0.3043

800    0.3124   0.4182

800    0.2046   0.4707

800    0.1321   0.3903

800    0.0446   0.3821

800    0.2094   0.2817

800    0.2638   0.2783

800    0.2421   0.1937

800    0.1812   0.0823

800    0.2986   0.1723

800    0.4624   0.0079

800    0.5707   0.0855

800    0.6095   0.2389

800    0.6112   0.2604

800    0.6458   0.2232

800    0.8409   0.3208

800    0.8060   0.4667

800    0.8367   0.6178

800    0.6674   0.7617

800    0.6431   0.7587

800    0.7054   0.8721

800    0.6564   0.7947

800    0.3306   0.9537

800    0.2389   0.9471

825    0.1226   0.8878

825    0.1215   0.8886

825    0.0986   0.7742

825    0.3257   0.6795

825    0.3091   0.4968

825    0.4785   0.4873

825    0.4905   0.4418

825    0.6018   0.4081

825    0.4522   0.2752

825    0.3934   0.3051

825    0.3490   0.3043

825    0.3124   0.4182

825    0.2046   0.4707

825    0.1321   0.3903

825    0.0446   0.3821

825    0.2094   0.2817

825    0.2638   0.2783

825    0.2421   0.1937

825    0.1812   0.0823

825    0.2986   0.1723

825    0.4624   0.0079

825    0.5707   0.0855

825    0.6095   0.2389

825    0.6112   0.2604

825    0.6458   0.2232

825    0.8409   0.3208

825    0.8060   0.4667

825    0.8367   0.6178

825    0.6674   0.7617

825    0.6431   0.7587

825    0.7054   0.8721

825    0.6564   0.7947

825    0.3306   0.9537

825    0.2389   0.9471

850    0.1226   0.8878

850    0.1215   0.8886

850    0.0986   0.7742

850    0.3257   0.6795

850    0.3091   0.4968

850    0.4785   0.4873

850    0.4905   0.4418

850    0.6018   0.4081

850    0.4522   0.2752

850    0.3934   0.3051

850    0.3490   0.3043

850    0.3124   0.4182

850    0.2046   0.4707

850    0.1321   0.3903

850    0.0446   0.3821

850    0.2094   0.2817

850    0.2638   0.2783

850    0.2421   0.1937

850    0.1812   0.0823

850    0.2986   0.1723

850    0.4624   0.0079

850    0.5707   0.0855

850    0.6095   0.2389

850    0.6112   0.2604

850    0.6458   0.2232

850    0.8409   0.3208

850    0.8060   0.4667

850    0.8367   0.6178

850    0.6674   0.7617

850    0.6431   0.7587

850    0.7054   0.8721

850    0.6564   0.7947

850    0.3306   0.9537

850    0.2389   0.9471

875    0.1226   0.8878

875    0.1215   0.8886

875    0.0986   0.7742

875    0.3257   0.6795

875    0.3091   0.4968

875    0.4785   0.4873

875    0.4905   0.4418

875    0.6018   0.4081

875    0.4522   0.2752

875    0.3934   0.3051

875    0.3490   0.3043

875    0.3124   0.4182

875    0.2046   0.4707

875    0.1321   0.3903

875    0.0446   0.3821

875    0.2094   0.2817

875    0.2638   0.2783

875    0.2421   0.1937

875    0.1812   0.0823

875    0.2986   0.1723

875    0.4624   0.0079

875    0.5707   0.0855

875    0.6095   0.2389

875    0.6112   0.2604

875    0.6458   0.2232

875    0.8409   0.3208

875    0.8060   0.4667

875    0.8367   0.6178

875    0.6674   0.7617

875    0.6431   0.7587

875    0.7054   0.8721

875    0.6564   0.7947

875    0.3306   0.9537

875    0.2389   0.9471

900    0.1226   0.8878

900    0.1215   0.8886

900    0.0986   0.7742

900    0.3257   0.6795

900    0.3091   0.4968

900    0.4785   0.4873

900    0.4905   0.4418

900    0.6018   0.4081

900    0.4522   0.2752

900    0.3934   0.3051

900    0.3490   0.3043

900    0.3124   0.4182

900    0.2046   0.4707

900    0.1321   0.3903

900    0.0446   0.3821

900    0.2094   0.2817

900    0.2638   0.2783

900    0.2421   0.1937

900    0.1812   0.0823

900    0.2986   0.1723

900    0.4624   0.0079

900    0.5707   0.0855

900    0.6095   0.2389

900    0.6112   0.2604

900    0.6458   0.2232

900    0.8409   0.3208

900    0.8060   0.4667

900    0.8367   0.6178

900    0.6674   0.7617

900    0.6431   0.7587

900    0.7054   0.8721

900    0.6564   0.7947

900    0.3306   0.9537

900    0.2389   0.9471

925    0.1226   0.8878

925    0.1215   0.8886

925    0.0986   0.7742

925    0.3257   0.6795

925    0.3091   0.4968

925    0.4785   0.4873

925    0.4905   0.4418

925    0.6018   0.4081

925    0.4522   0.2752

925    0.3934   0.3051

925    0.3490   0.3043

925    0.3124   0.4182

925    0.2046   0.4707

925    0.1321   0.3903

925    0.0446   0.3821

925    0.2094   0.2817

925    0.2638   0.2783

925    0.2421   0.1937

925    0.1812   0.0823

925    0.2986   0.1723

925    0.4624   0.0079

925    0.5707   0.0855

925    0.6095   0.2389

925    0.6112   0.2604

925    0.6458   0.2232

925    0.8409   0.3208

925    0.8060   0.4667

925    0.8367   0.6178

925    0.6674   0.7617

925    0.6431   0.7587

925    0.7054   0.8721

925    0.6564   0.7947

925    0.3306   0.9537

925    0.2389   0.9471

950    0.1226   0.8878

950    0.1215   0.8886

950    0.0986   0.7742

950    0.3257   0.6795

950    0.3091   0.4968

950    0.4785   0.4873

950    0.4905   0.4418

950    0.6018   0.4081

950    0.4522   0.2752

950    0.3934   0.3051

950    0.3490   0.3043

950    0.3124   0.4182

950    0.2046   0.4707

950    0.1321   0.3903

950    0.0446   0.3821

950    0.2094   0.2817

950    0.2638   0.2783

950    0.2421   0.1937

950    0.1812   0.0823

950    0.2986   0.1723

950    0.4624   0.0079

950    0.5707   0.0855

950    0.6095   0.2389

950    0.6112   0.2604

950    0.6458   0.2232

950    0.8409   0.3208

950    0.8060   0.4667

950    0.8367   0.6178

950    0.6674   0.7617

950    0.6431   0.7587

950    0.7054   0.8721

950    0.6564   0.7947

950    0.3306   0.9537

950    0.2389   0.9471

975    0.1226   0.8878

975    0.1215   0.8886

975    0.0986   0.7742

975    0.3257   0.6795

975    0.3091   0.4968

975    0.4785   0.4873

975    0.4905   0.4418

975    0.6018   0.4081

975    0.4522   0.2752

975    0.3934   0.3051

975    0.3490   0.3043

975    0.3124   0.4182

975    0.2046   0.4707

975    0.1321   0.3903

975    0.0446   0.3821

975    0.2094   0.2817

975    0.2638   0.2783

975    0.2421   0.1937

975    0.1812   0.0823

975    0.2986   0.1723

975    0.4624   0.0079

975    0.5707   0.0855

975    0.6095   0.2389

975    0.6112   0.2604

975    0.6458   0.2232

975    0.8409   0.3208

975    0.8060   0.4667

975    0.8367   0.6178

975    0.6674   0.7617

975    0.6431   0.7587

975    0.7054   0.8721

975    0.6564   0.7947

975    0.3306   0.9537

975    0.2389   0.9471

1000    0.1226   0.8878

1000    0.1215   0.8886

1000    0.0986   0.7742

1000    0.3257   0.6795

1000    0.3091   0.4968

1000    0.4785   0.4873

1000    0.4905   0.4418

1000    0.6018   0.4081

1000    0.4522   0.2752

1000    0.3934   0.3051

1000    0.3490   0.3043

1000    0.3124   0.4182

1000    0.2046   0.4707

1000    0.1321   0.3903

1000    0.0446   0.3821

1000    0.2094   0.2817

1000    0.2638   0.2783

1000    0.2421   0.1937

1000    0.1812   0.0823

1000    0.2986   0.1723

1000    0.4624   0.0079

1000    0.5707   0.0855

1000    0.6095   0.2389

1000    0.6112   0.2604

1000    0.6458   0.2232

1000    0.8409   0.3208

1000    0.8060   0.4667

1000    0.8367   0.6178

1000    0.6674   0.7617

1000    0.6431   0.7587

1000    0.7054   0.8721

1000    0.6564   0.7947

1000    0.3306   0.9537

1000    0.2389   0.9471

1025    0.1226   0.8878

1025    0.1215   0.8886

1025    0.0986   0.7742

1025    0.3257   0.6795

1025    0.3091   0.4968

1025    0.4785   0.4873

1025    0.4905   0.4418

1025    0.6018   0.4081

1025    0.4522   0.2752

1025    0.3934   0.3051

1025    0.3490   0.3043

1025    0.3124   0.4182

1025    0.2046   0.4707

1025    0.1321   0.3903

1025    0.0446   0.3821

1025    0.2094   0.2817

1025    0.2638   0.2783

1025    0.2421   0.1937

1025    0.1812   0.0823

1025    0.2986   0.1723

1025    0.4624   0.0079

1025    0.5707   0.0855

1025    0.6095   0.2389

1025    0.6112   0.2604

1025    0.6458   0.2232

1025    0.8409   0.3208

1025    0.8060   0.4667

1025    0.8367   0.6178

1025    0.6674   0.7617

1025    0.6431   0.7587

1025    0.7054   0.8721

1025    0.6564   0.7947

1025    0.3306   0.9537

1025    0.2389   0.9471

1050    0.1226   0.8878

1050    0.1215   0.8886

1050    0.0986   0.7742

1050    0.3257   0.6795

1050    0.3091   0.4968

1050    0.4785   0.4873

1050    0.4905   0.4418

1050    0.6018   0.4081

1050    0.4522   0.2752

1050    0.3934   0.3051

1050    0.3490   0.3043

1050    0.3124   0.4182

1050    0.2046   0.4707

1050    0.1321   0.3903

1050    0.0446   0.3821

1050    0.2094   0.2817

1050    0.2638   0.2783

1050    0.2421   0.1937

1050    0.1812   0.0823

1050    0.2986   0.1723

1050    0.4624   0.0079

1050    0.5707   0.0855

1050    0.6095   0.2389

1050    0.6112   0.2604

1050    0.6458   0.2232

1050    0.8409   0.3208

1050    0.8060   0.4667

1050    0.8367   0.6178

1050    0.6674   0.7617

1050    0.6431   0.7587

1050    0.7054   0.8721

1050    0.6564   0.7947

1050    0.3306   0.9537

1050    0.2389   0.9471

1075    0.1226   0.8878

1075    0.1215   0.8886

1075    0.0986   0.7742

1075    0.3257   0.6795

1075    0.3091   0.4968

1075    0.4785   0.4873

1075    0.4905   0.4418

1075    0.6018   0.4081

1075    0.4522   0.2752

1075    0.3934   0.3051

1075    0.3490   0.3043

1075    0.3124   0.4182

1075    0.2046   0.4707

1075    0.1321   0.3903

1075    0.0446   0.3821

1075    0.2094   0.2817

1075    0.2638   0.2783

1075    0.2421   0.1937

1075    0.1812   0.0823

1075    0.2986   0.1723

1075    0.4624   0.0079

1075    0.5707   0.0855

1075    0.6095   0.2389

1075    0.6112   0.2604

1075    0.6458   0.2232

1075    0.8409   0.3208

1075    0.8060   0.4667

1075    0.8367   0.6178

1075    0.6674   0.7617

1075    0.6431   0.7587

1075    0.7054   0.8721

1075    0.6564   0.7947

1075    0.3306   0.9537

1075    0.2389   0.9471

1100    0.1226   0.8878

1100    0.1215   0.8886

1100    0.0986   0.7742

1100    0.3257   0.6795

1100    0.3091   0.4968

1100    0.4785   0.4873

1100    0.4905   0.4418

1100    0.6018   0.4081

1100    0.4522   0.2752

1100    0.3934   0.3051

1100    0.3490   0.3043

1100    0.3124   0.4182

1100    0.2046   0.4707

1100    0.1321   0.3903

1100    0.0446   0.3821

1100    0.2094   0.2817

1100    0.2638   0.2783

1100    0.2421   0.1937

1100    0.1812   0.0823

1100    0.2986   0.1723

1100    0.4624   0.0079

1100    0.5707   0.0855

1100    0.6095   0.2389

1100    0.6112   0.2604

1100    0.6458   0.2232

1100    0.8409   0.3208

1100    0.8060   0.4667

1100    0.8367   0.6178

1100    0.6674   0.7617

1100    0.6431   0.7587

1100    0.7054   0.8721

1100    0.6564   0.7947

1100    0.3306   0.9537

1100    0.2389   0.9471

1125    0.1226   0.8878

1125    0.1215   0.8886

1125    0.0986   0.7742

1125    0.3257   0.6795

1125    0.3091   0.4968

1125    0.4785   0.4873

1125    0.4905   0.4418

1125    0.6018   0.4081

1125    0.4522   0.2752

1125    0.3934   0.3051

1125    0.3490   0.3043

1125    0.3124   0.4182

1125    0.2046   0.4707

1125    0.1321   0.3903

1125    0.0446   0.3821

1125    0.2094   0.2817

1125    0.2638   0.2783

1125    0.2421   0.1937

1125    0.1812   0.0823

1125    0.2986   0.1723

1125    0.4624   0.0079

1125    0.5707   0.0855

1125    0.6095   0.2389

1125    0.6112   0.2604

1125    0.6458   0.2232

1125    0.8409   0.3208

1125    0.8060   0.4667

1125    0.8367   0.6178

1125    0.6674   0.7617

1125    0.6431   0.7587

1125    0.7054   0.8721

1125    0.6564   0.7947

1125    0.3306   0.9537

1125    0.2389   0.9471

1150    0.1226   0.8878

1150    0.1215   0.8886

1150    0.0986   0.7742

1150    0.3257   0.6795

1150    0.3091   0.4968

1150    0.4785   0.4873

1150    0.4905   0.4418

1150    0.6018   0.4081

1150    0.4522   0.2752

1150    0.3934   0.3051

1150    0.3490   0.3043

1150    0.3124   0.4182

1150    0.2046   0.4707

1150    0.1321   0.3903

1150    0.0446   0.3821

1150    0.2094   0.2817

1150    0.2638   0.2783

1150    0.2421   0.1937

1150    0.1812   0.0823

1150    0.2986   0.1723

1150    0.4624   0.0079

1150    0.5707   0.0855

1150    0.6095   0.2389

1150    0.6112   0.2604

1150    0.6458   0.2232

1150    0.8409   0.3208

1150    0.8060   0.4667

1150    0.8367   0.6178

1150    0.6674   0.7617

1150    0.6431   0.7587

1150    0.7054   0.8721

1150    0.6564   0.7947

1150    0.3306   0.9537

1150    0.2389   0.9471

1175    0.1226   0.8878

1175    0.1215   0.8886

1175    0.0986   0.7742

1175    0.3257   0.6795

1175    0.3091   0.4968

1175    0.4785   0.4873

1175    0.4905   0.4418

1175    0.6018   0.4081

1175    0.4522   0.2752

1175    0.3934   0.3051

1175    0.3490   0.3043

1175    0.3124   0.4182

1175    0.2046   0.4707

1175    0.1321   0.3903

1175    0.0446   0.3821

1175    0.2094   0.2817

1175    0.2638   0.2783

1175    0.2421   0.1937

1175    0.1812   0.0823

1175    0.2986   0.1723

1175    0.4624   0.0079

1175    0.5707   0.0855

1175    0.6095   0.2389

1175    0.6112   0.2604

1175    0.6458   0.2232

1175    0.8409   0.3208

1175    0.8060   0.4667

1175    0.8367   0.6178

1175    0.6674   0.7617

1175    0.6431   0.7587

1175    0.7054   0.8721

1175    0.6564   0.7947

1175    0.3306   0.9537

1175    0.2389   0.9471

1200    0.1226   0.8878

1200    0.1215   0.8886

1200    0.0986   0.7742

1200    0.3257   0.6795

1200    0.3091   0.4968

1200    0.4785   0.4873

1200    0.4905   0.4418

1200    0.6018   0.4081

1200    0.4522   0.2752

1200    0.3934   0.3051

1200    0.3490   0.3043

1200    0.3124   0.4182

1200    0.2046   0.4707

1200    0.1321   0.3903

1200    0.0446   0.3821

1200    0.2094   0.2817

1200    0.2638   0.2783

1200    0.2421   0.1937

1200    0.1812   0.0823

1200    0.2986   0.1723

1200    0.4624   0.0079

1200    0.5707   0.0855

1200    0.6095   0.2389

1200    0.6112   0.2604

1200    0.6458   0.2232

1200    0.8409   0.3208

1200    0.8060   0.4667

1200    0.8367   0.6178

1200    0.6674   0.7617

1200    0.6431   0.7587

1200    0.7054   0.8721

1200    0.6564   0.7947

1200    0.3306   0.9537

1200    0.2389   0.9471

1225    0.1226   0.8878

1225    0.1215   0.8886

1225    0.0986   0.7742

1225    0.3257   0.6795

1225    0.3091   0.4968

1225    0.4785   0.4873

1225    0.4905   0.4418

1225    0.6018   0.4081

1225    0.4522   0.2752

1225    0.3934   0.3051

1225    0.3490   0.3043

1225    0.3124   0.4182

1225    0.2046   0.4707

1225    0.1321   0.3903

1225    0.0446   0.3821

1225    0.2094   0.2817

1225    0.2638   0.2783

1225    0.2421   0.1937

1225    0.1812   0.0823

1225    0.2986   0.1723

1225    0.4624   0.0079

1225    0.5707   0.0855

1225    0.6095   0.2389

1225    0.6112   0.2604

1225    0.6458   0.2232

1225    0.8409   0.3208

1225    0.8060   0.4667

1225    0.8367   0.6178

1225    0.6674   0.7617

1225    0.6431   0.7587

1225    0.7054   0.8721

1225    0.6564   0.7947

1225    0.3306   0.9537

1225    0.2389   0.9471

1250    0.1226   0.8878

1250    0.1215   0.8886

1250    0.0986   0.7742

1250    0.3257   0.6795

1250    0.3091   0.4968

1250    0.4785   0.4873

1250    0.4905   0.4418

1250    0.6018   0.4081

1250    0.4522   0.2752

1250    0.3934   0.3051

1250    0.3490   0.3043

1250    0.3124   0.4182

1250    0.2046   0.4707

1250    0.1321   0.3903

1250    0.0446   0.3821

1250    0.2094   0.2817

1250    0.2638   0.2783

1250    0.2421   0.1937

1250    0.1812   0.0823

1250    0.2986   0.1723

1250    0.4624   0.0079

1250    0.5707   0.0855

1250    0.6095   0.2389

1250    0.6112   0.2604

1250    0.6458   0.2232

1250    0.8409   0.3208

1250    0.8060   0.4667

1250    0.8367   0.6178

1250    0.6674   0.7617

1250    0.6431   0.7587

1250    0.7054   0.8721

1250    0.6564   0.7947

1250    0.3306   0.9537

1250    0.2389   0.9471

1275    0.1226   0.8878

1275    0.1215   0.8886

1275    0.0986   0.7742

1275    0.3257   0.6795

1275    0.3091   0.4968

1275    0.4785   0.4873

1275    0.4905   0.4418

1275    0.6018   0.4081

1275    0.4522   0.2752

1275    0.3934   0.3051

1275    0.3490   0.3043

1275    0.3124   0.4182

1275    0.2046   0.4707

1275    0.1321   0.3903

1275    0.0446   0.3821

1275    0.2094   0.2817

1275    0.2638   0.2783

1275    0.2421   0.1937

1275    0.1812   0.0823

1275    0.2986   0.1723

1275    0.4624   0.0079

1275    0.5707   0.0855

1275    0.6095   0.2389

1275    0.6112   0.2604

1275    0.6458   0.2232

1275    0.8409   0.3208

1275    0.8060   0.4667

1275    0.8367   0.6178

1275    0.6674   0.7617

1275    0.6431   0.7587

1275    0.7054   0.8721

1275    0.6564   0.7947

1275    0.3306   0.9537

1275    0.2389   0.9471

1300    0.1226   0.8878

1300    0.1215   0.8886

1300    0.0986   0.7742

1300    0.3257   0.6795

1300    0.3091   0.4968

1300    0.4785   0.4873

1300    0.4905   0.4418

1300    0.6018   0.4081

1300    0.4522   0.2752

1300    0.3934   0.3051

1300    0.3490   0.3043

1300    0.3124   0.4182

1300    0.2046   0.4707

1300    0.1321   0.3903

1300    0.0446   0.3821

1300    0.2094   0.2817

1300    0.2638   0.2783

1300    0.2421   0.1937

1300    0.1812   0.0823

1300    0.2986   0.1723

1300    0.4624   0.0079

1300    0.5707   0.0855

1300    0.6095   0.2389

1300    0.6112   0.2604

1300    0.6458   0.2232

1300    0.8409   0.3208

1300    0.8060   0.4667

1300    0.8367   0.6178

1300    0.6674   0.7617

1300    0.6431   0.7587

1300    0.7054   0.8721

1300    0.6564   0.7947

1300    0.3306   0.9537

1300    0.2389   0.9471

1325    0.1226   0.8878

1325    0.1215   0.8886

1325    0.0986   0.7742

1325    0.3257   0.6795

1325    0.3091   0.4968

1325    0.4785   0.4873

1325    0.4905   0.4418

1325    0.6018   0.4081

1325    0.4522   0.2752

1325    0.3934   0.3051

1325    0.3490   0.3043

1325    0.3124   0.4182

1325    0.2046   0.4707

1325    0.1321   0.3903

1325    0.0446   0.3821

1325    0.2094   0.2817

1325    0.2638   0.2783

1325    0.2421   0.1937

1325    0.1812   0.0823

1325    0.2986   0.1723

1325    0.4624   0.0079

1325    0.5707   0.0855

1325    0.6095   0.2389

1325    0.6112   0.2604

1325    0.6458   0.2232

1325    0.8409   0.3208

1325    0.8060   0.4667

1325    0.8367   0.6178

1325    0.6674   0.7617

1325    0.6431   0.7587

1325    0.7054   0.8721

1325    0.6564   0.7947

1325    0.3306   0.9537

1325    0.2389   0.9471

1350    0.1226   0.8878

1350    0.1215   0.8886

1350    0.0986   0.7742

1350    0.3257   0.6795

1350    0.3091   0.4968

1350    0.4785   0.4873

1350    0.4905   0.4418

1350    0.6018   0.4081

1350    0.4522   0.2752

1350    0.3934   0.3051

1350    0.3490   0.3043

1350    0.3124   0.4182

1350    0.2046   0.4707

1350    0.1321   0.3903

1350    0.0446   0.3821

1350    0.2094   0.2817

1350    0.2638   0.2783

1350    0.2421   0.1937

1350    0.1812   0.0823

1350    0.2986   0.1723

1350    0.4624   0.0079

1350    0.5707   0.0855

1350    0.6095   0.2389

1350    0.6112   0.2604

1350    0.6458   0.2232

1350    0.8409   0.3208

1350    0.8060   0.4667

1350    0.8367   0.6178

1350    0.6674   0.7617

1350    0.6431   0.7587

1350    0.7054   0.8721

1350    0.6564   0.7947

1350    0.3306   0.9537

1350    0.2389   0.9471

1375    0.1226   0.8878

1375    0.1215   0.8886

1375    0.0986   0.7742

1375    0.3257   0.6795

1375    0.3091   0.4968

1375    0.4785   0.4873

1375    0.4905   0.4418

1375    0.6018   0.4081

1375    0.4522   0.2752

1375    0.3934   0.3051

1375    0.3490   0.3043

1375    0.3124   0.4182

1375    0.2046   0.4707

1375    0.1321   0.3903

1375    0.0446   0.3821

1375    0.2094   0.2817

1375    0.2638   0.2783

1375    0.2421   0.1937

1375    0.1812   0.0823

1375    0.2986   0.1723

1375    0.4624   0.0079

1375    0.5707   0.0855

1375    0.6095   0.2389

1375    0.6112   0.2604

1375    0.6458   0.2232

1375    0.8409   0.3208

1375    0.8060   0.4667

1375    0.8367   0.6178

1375    0.6674   0.7617

1375    0.6431   0.7587

1375    0.7054   0.8721

1375    0.6564   0.7947

1375    0.3306   0.9537

1375    0.2389   0.9471

1400    0.1226   0.8878

1400    0.1215   0.8886

1400    0.0986   0.7742

1400    0.3257   0.6795

1400    0.3091   0.4968

1400    0.4785   0.4873

1400    0.4905   0.4418

1400    0.6018   0.4081

1400    0.4522   0.2752

1400    0.3934   0.3051

1400    0.3490   0.3043

1400    0.3124   0.4182

1400    0.2046   0.4707

1400    0.1321   0.3903

1400    0.0446   0.3821

1400    0.2094   0.2817

1400    0.2638   0.2783

1400    0.2421   0.1937

1400    0.1812   0.0823

1400    0.2986   0.1723

1400    0.4624   0.0079

1400    0.5707   0.0855

1400    0.6095   0.2389

1400    0.6112   0.2604

1400    0.6458   0.2232

1400    0.8409   0.3208

1400    0.8060   0.4667

1400    0.8367   0.6178

1400    0.6674   0.7617

1400    0.6431   0.7587

1400    0.7054   0.8721

1400    0.6564   0.7947

1400    0.3306   0.9537

1400    0.2389   0.9471

1425    0.1226   0.8878

1425    0.1215   0.8886

1425    0.0986   0.7742

1425    0.3257   0.6795

1425    0.3091   0.4968

1425    0.4785   0.4873

1425    0.4905   0.4418

1425    0.6018   0.4081

1425    0.4522   0.2752

1425    0.3934   0.3051

1425    0.3490   0.3043

1425    0.3124   0.4182

1425    0.2046   0.4707

1425    0.1321   0.3903

1425    0.0446   0.3821

1425    0.2094   0.2817

1425    0.2638   0.2783

1425    0.2421   0.1937

1425    0.1812   0.0823

1425    0.2986   0.1723

1425    0.4624   0.0079

1425    0.5707   0.0855

1425    0.6095   0.2389

1425    0.6112   0.2604

1425    0.6458   0.2232

1425    0.8409   0.3208

1425    0.8060   0.4667

1425    0.8367   0.6178

1425    0.6674   0.7617

1425    0.6431   0.7587

1425    0.7054   0.8721

1425    0.6564   0.7947

1425    0.3306   0.9537

1425    0.2389   0.9471

1450    0.1226   0.8878

1450    0.1215   0.8886

1450    0.0986   0.7742

1450    0.3257   0.6795

1450    0.3091   0.4968

1450    0.4785   0.4873

1450    0.4905   0.4418

1450    0.6018   0.4081

1450    0.4522   0.2752

1450    0.3934   0.3051

1450    0.3490   0.3043

1450    0.3124   0.4182

1450    0.2046   0.4707

1450    0.1321   0.3903

1450    0.0446   0.3821

1450    0.2094   0.2817

1450    0.2638   0.2783

1450    0.2421   0.1937

1450    0.1812   0.0823

1450    0.2986   0.1723

1450    0.4624   0.0079

1450    0.5707   0.0855

1450    0.6095   0.2389

1450    0.6112   0.2604

1450    0.6458   0.2232

1450    0.8409   0.3208

1450    0.8060   0.4667

1450    0.8367   0.6178

1450    0.6674   0.7617

1450    0.6431   0.7587

1450    0.7054   0.8721

1450    0.6564   0.7947

1450    0.3306   0.9537

1450    0.2389   0.9471

1475    0.1226   0.8878

1475    0.1215   0.8886

1475    0.0986   0.7742

1475    0.3257   0.6795

1475    0.3091   0.4968

1475    0.4785   0.4873

1475    0.4905   0.4418

1475    0.6018   0.4081

1475    0.4522   0.2752

1475    0.3934   0.3051

1475    0.3490   0.3043

1475    0.3124   0.4182

1475    0.2046   0.4707

1475    0.1321   0.3903

1475    0.0446   0.3821

1475    0.2094   0.2817

1475    0.2638   0.2783

1475    0.2421   0.1937

1475    0.1812   0.0823

1475    0.2986   0.1723

1475    0.4624   0.0079

1475    0.5707   0.0855

1475    0.6095   0.2389

1475    0.6112   0.2604

1475    0.6458   0.2232

1475    0.8409   0.3208

1475    0.8060   0.4667

1475    0.8367   0.6178

1475    0.6674   0.7617

1475    0.6431   0.7587

1475    0.7054   0.8721

1475    0.6564   0.7947

1475    0.3306   0.9537

1475    0.2389   0.9471

