9.4883
7.70107
6.51529
5.87028
5.6661
5.2661
4.95869
4.62009
4.40223
4.19633
4.18146
4.17216
3.91647
3.84473
3.83637
3.74513
3.62055
3.59912
3.46854
3.42761
3.45048
3.36678
3.13649
3.01639
2.85247
2.86975
2.90568
2.89308
2.90178
2.78344
2.77103
2.86931
2.94786
2.8485
2.87721
2.85459
2.85274
3.09822
3.08238
2.97198
2.92919
2.95917
2.89674
2.80607
2.79155
2.88556
2.93867
2.89135
2.9167
2.87423
2.80236
2.8689
2.91653
2.80177
2.92282
2.89278
2.86368
2.97472
2.9468
2.88872
2.99064
2.83386
2.92985
2.9924
2.86232
2.93931
2.96013
2.90572
2.96934
2.89584
2.92179
2.91637
2.81174
2.97143
2.95367
2.90421
2.91389
2.87876
2.95129
2.91341
2.876
2.98718
2.94504
2.9475
2.92521
2.91205
3.01495
2.99089
3.06557
2.98926
2.87102
2.91628
2.92682
3.1125
2.99479
2.99833
2.96018
3.0651
2.94677
2.984
2.98356
2.99824
2.95924
3.01115
3.09
2.99218
2.96275
2.98298
3.02879
2.97673
2.94599
2.99439
2.97264
2.92904
2.95775
2.94169
2.99963
2.93201
2.95757
2.96793
2.88999
2.99623
3.04617
3.02076
3.07076
3.00882
2.99623
2.99581
3.1234
2.983
2.92461
3.12365
3.00682
3.08859
3.03387
2.94677
3.0469
2.99995
2.96366
2.96211
2.98907
3.03704
3.04728
3.06771
2.99996
2.90851
2.90159
3.01105
2.98438
2.92367
2.99022
3.0247
3.04544
3.10823
2.99189
3.0933
3.08521
3.0132
2.93992
2.92718
2.94134
2.99304
3.0457
3.11567
3.02725
3.04299
3.18313
2.97267
2.99885
3.06622
3.15312
3.04953
3.03747
3.05604
3.11461
3.00024
3.07496
3.02086
3.07557
2.9942
3.06738
2.99233
3.09555
3.08039
3.01903
3.06028
3.23607
3.08236
3.08915
3.01464
3.04089
3.14856
3.08092
3.0162
3.12839
3.17908
3.12025
3.0436
3.01956
3.11726
3.00091
3.10032
3.12037
3.07399
3.04695
3.08343
3.08997
3.05982
3.0703
3.09141
3.08898
3.11613
3.17703
3.10993
3.14767
3.04557
2.95771
3.09073
3.13062
3.17428
3.15138
3.19202
3.13178
3.2207
3.10746
3.1429
3.10757
3.1881
3.09795
3.06327
3.19067
3.17679
3.14567
3.15712
3.11005
3.05805
3.09113
3.01902
3.14174
2.97006
3.09663
3.10155
3.18508
3.15083
3.01917
3.0005
2.95753
2.9747
3.01139
3.19727
3.07119
3.13567
3.11873
3.0588
3.07966
3.17461
3.12713
3.08956
3.09404
3.05917
3.02633
2.99475
3.07911
3.15596
3.12714
3.05471
3.15167
3.20113
3.08206
3.05902
2.98994
3.06856
3.12912
3.10186
3.14731
3.10568
3.07706
2.99674
3.13866
2.99132
3.12919
3.09569
2.9765
3.1384
3.12051
3.05664
3.22239
3.06574
3.11002
3.08594
3.10454
3.12836
3.29205
3.15022
3.24159
3.20633
3.1763
3.13829
3.04887
3.07614
3.19043
3.21766
3.14931
3.16324
3.11829
3.18404
3.1176
3.11979
3.03956
3.17215
3.14081
3.06628
3.09907
3.05387
3.06913
3.08228
3.04309
3.09037
3.11923
3.00767
3.20323
3.21358
3.15759
3.09118
3.07957
3.14098
3.11661
3.10221
3.12155
3.14891
3.14134
3.21453
3.17062
3.1062
3.17462
3.22018
3.20387
3.20072
3.13488
3.26327
3.08027
3.09578
3.10507
3.14533
3.07463
3.08235
3.22849
3.14826
3.17091
2.98581
3.08897
3.16809
3.1439
3.22678
3.23583
3.35722
3.02836
3.1385
3.1259
3.19017
3.18466
3.15946
3.18021
3.16022
3.29407
3.27397
3.2127
3.21263
3.15244
3.15923
3.1242
3.15848
3.13333
3.16515
3.17146
3.2134
3.19581
3.35796
3.20787
3.22095
3.15657
3.10763
3.16718
3.20363
3.21815
3.01031
3.22305
3.30141
3.08676
3.30687
3.25701
3.17963
3.32073
3.1361
3.32971
3.25394
3.20847
3.14767
3.18343
3.17915
3.29865
3.29884
3.19268
3.21076
3.25326
3.18427
3.01931
3.24638
3.11682
3.10708
3.11649
3.20302
3.18369
3.19359
3.28367
3.12784
3.18932
3.18437
3.23834
3.23807
3.26018
3.31407
3.26925
3.22438
3.17636
3.1789
3.12057
3.1365
3.14552
3.16214
3.18765
3.01645
3.15083
3.2254
3.17688
3.11042
3.12695
3.10973
3.14256
3.24282
3.17585
3.13444
3.28583
3.16521
3.11938
3.09695
3.25894
3.28682
3.31449
3.14329
3.29611
3.32447
3.2252
3.24091
3.27007
3.31479
3.27598
3.32264
3.21309
3.25659
3.24492
3.17311
3.28624
3.32771
3.33471
3.25577
3.18612
3.24003
3.23653
3.29392
3.25503
3.09948
3.21079
3.23652
3.24995
3.33824
3.31095
3.32001
3.31052
3.08565
3.28863
3.28707
3.19451
3.16274
3.30411
3.26511
3.20216
3.22267
3.23767
3.30088
3.29541
3.17303
3.18563
3.1817
3.29147
3.36972
3.25769
3.34371
3.34911
3.29296
3.18722
3.20274
3.30874
3.22929
3.24429
3.19951
3.19565
3.21652
3.29568
3.15375
3.30008
3.33054
3.1751
3.20038
3.21428
3.1392
3.27034
3.12916
3.30757
3.26263
3.1957
3.23167
3.24936
3.36757
3.33706
3.29871
3.42606
3.38004
3.32203
3.23207
3.26279
3.22386
3.33797
3.26393
3.35746
3.29096
3.21965
3.19575
3.13457
3.16975
3.20008
3.35092
3.24073
3.24499
3.32107
3.30141
3.21268
3.25767
3.07857
3.22373
3.18148
3.17098
3.3558
3.16297
3.19375
3.17535
3.23601
3.26827
3.1573
3.2542
3.235
3.22637
3.34468
3.19701
3.20607
3.22117
3.35366
3.24097
3.34194
3.39527
3.31109
3.44662
3.4815
3.3435
3.3267
3.28706
3.27612
3.30814
3.2111
3.22083
3.22791
3.12966
3.26996
3.2547
3.29315
3.31445
3.27543
3.2848
3.24019
3.18097
3.31174
3.29896
3.29333
3.18117
3.32661
3.35642
3.27699
3.31002
3.21597
3.16334
3.32562
3.33605
3.23416
3.2366
3.25096
3.27572
3.16562
3.3126
3.33883
3.31375
3.29458
3.1454
3.24396
3.21308
3.30928
3.26641
3.29495
3.38367
3.1971
3.17659
3.24568
3.25391
3.30251
3.32585
3.34681
3.26952
3.39192
3.41105
3.37176
3.27434
3.31531
3.31862
3.33759
3.40073
3.27827
3.41431
3.41122
3.20039
3.2864
3.26449
3.29088
3.20367
3.27855
3.32897
3.40443
3.33739
3.29325
3.39825
3.31955
3.23622
3.37446
3.27393
3.41853
3.28812
3.34524
3.42834
3.2437
3.39927
3.31564
3.27517
3.27471
3.33494
3.3363
3.35457
3.42189
3.32167
3.30541
3.33229
3.30166
3.38107
3.35613
3.42309
3.29049
3.24244
3.22647
3.34961
3.31185
3.34521
3.25065
3.43322
3.25522
3.34752
3.45408
3.26301
3.31227
3.29794
3.34209
3.3055
3.30863
3.29411
3.35296
3.42813
3.40271
3.34591
3.36438
3.33165
3.30509
3.39216
3.21131
3.41499
3.38612
3.34475
3.42226
3.38163
3.29184
3.31546
3.45987
3.47772
3.41627
3.31649
3.4062
3.30455
3.34786
3.46616
3.36599
3.34392
3.35505
3.28975
3.29655
3.45676
3.41692
3.34599
3.33696
3.3218
3.42232
3.44918
3.33781
3.36909
3.42405
3.42578
3.41646
3.33001
3.2512
3.1719
3.38243
3.27375
3.28314
3.2978
3.29023
3.41168
3.38199
3.27191
3.17779
3.35467
3.26276
3.31515
3.41836
3.4583
3.30732
3.46371
3.34396
3.40383
3.34303
3.36712
3.39436
3.3712
3.30051
3.32266
3.41863
3.28868
3.31985
3.33435
3.36353
3.44581
3.38768
3.32016
3.3798
3.3399
3.24062
3.3092
3.26611
3.44298
3.35574
3.26373
3.32214
3.41966
3.37305
3.29906
3.46642
3.42348
3.42953
3.2661
3.3601
3.53233
3.42899
3.37003
3.25551
3.2818
3.14266
3.42324
3.42682
3.3415
3.31307
3.24798
3.40794
3.30325
3.39206
3.47355
3.44442
3.39088
3.34707
3.413
3.44809
3.35695
3.30105
3.47181
3.385
3.37264
3.31963
3.32424
3.32057
3.35005
3.50236
3.4587
3.40987
3.46252
3.38202
3.45687
3.3097
3.2422
3.28533
3.25428
3.40893
3.42823
3.43208
3.40908
3.45269
3.41367
3.47374
3.45218
3.34022
3.48743
3.23189
3.29561
3.40009
3.33444
3.43466
3.3375
3.31751
3.37742
3.50685
3.35878
3.41861
3.46422
3.37553
3.35298
3.44384
3.3477
3.27794
3.41409
3.49118
3.43683
3.39665
3.38293
3.31735
3.3407
3.46012
3.4528
3.38991
3.27938
3.46434
3.29988
3.39146
3.33754
3.4254
3.39269
3.37467
3.41389
3.37618
3.40851
3.38277
3.31353
3.55314
3.2952
3.32848
3.40591
3.24108
3.30088
3.42022
3.3573
3.45887
3.26027
3.42946
3.40187
3.33741
3.37533
3.232
3.47986
3.51485
3.43855
3.43141
3.40085
3.40815
3.52029
3.50345
3.32196
3.25905
3.34165
3.27922
3.39454
3.45107
3.4488
3.36423
3.39817
3.44714
3.52393
3.42175
3.34892
3.42402
3.52598
3.47247
3.35934
3.33539
3.46143
3.43568
3.34743
3.4038
3.42304
3.49197
3.34671
3.37939
3.45827
3.42706
3.47307
3.40917
3.37284
3.33896
3.24813
3.37606
3.51517
3.5189
3.43959
3.25149
3.54766
3.43246
3.38504
3.35606
3.44811
3.44434
3.37752
3.33204
3.48606
3.31498
3.37196
3.39667
3.32264
3.42266
3.4955
3.47051
3.39057
3.35829
3.27725
3.48103
3.34229
3.46993
3.35338
3.4083
3.3918
3.31009
3.25546
3.34123
3.39646
3.42953
3.48607
3.51224
3.47053
3.45907
3.44471
3.43638
3.29958
3.44243
3.46082
3.36684
3.60593
3.40212
3.38769
3.30137
3.44667
3.48214
3.31961
3.38078
3.45956
3.49188
3.54401
3.51641
3.46652
3.34686
3.41116
3.47158
3.40086
3.39243
3.55244
3.33993
3.53845
3.38006
3.3535
3.41793
3.47726
3.37706
3.38062
3.45067
3.36821
3.41903
3.48857
3.36811
3.39609
3.51136
3.38699
3.3983
3.39722
3.43045
3.39335
3.45795
3.44162
3.54723
3.256
3.26462
3.40073
3.41243
3.48821
3.43502
3.60924
3.48289
3.40035
3.36043
3.35374
3.44525
3.42082
3.41577
3.46403
3.30212
3.41554
3.46032
3.43009
3.42583
3.48458
3.55675
3.43718
3.56287
3.39903
3.40595
3.34108
3.32018
3.32805
3.35449
3.48586
3.44771
3.5691
3.39686
3.65739
3.55224
3.38152
3.43595
3.47372
3.52888
3.46088
3.33891
3.40929
3.40783
3.36474
3.38321
3.40821
3.29929
3.4305
3.46242
3.40897
3.53648
3.5501
3.39647
3.46998
3.53074
3.28269
3.46546
3.50999
3.61631
3.3791
3.44483
3.49996
3.36713
3.40475
3.33149
3.43863
3.46384
3.32238
3.34951
3.44176
3.50146
3.45809
3.39855
3.54771
3.42116
3.48602
3.35957
3.42636
3.36441
3.39378
3.42261
3.54306
3.43803
3.4593
3.51455
3.51268
3.37352
3.4231
3.47129
3.5025
3.40283
3.45545
3.36898
3.43806
3.53388
3.50902
3.49203
3.34572
3.33838
3.52647
3.51426
3.47983
3.58511
3.50316
3.45985
3.44341
3.58284
3.48278
3.49895
3.38785
3.47587
3.50343
3.42109
3.32488
3.49196
3.3547
3.4422
3.426
3.43767
3.49731
3.476
3.55122
3.56253
3.5612
3.59484
3.55271
3.56405
3.45293
3.52997
3.29138
3.51094
3.42367
3.4884
3.41764
3.40241
3.52039
3.51937
3.58556
3.50871
3.61942
3.53222
3.53194
3.3857
3.47578
3.49389
3.41851
3.47128
3.40455
3.43527
3.43356
3.5821
3.59203
3.50854
3.51397
3.67841
3.55892
3.62868
3.3255
3.35913
3.50062
3.61319
3.43203
3.55122
3.44058
3.43375
3.48365
3.43274
3.50473
3.43546
3.5879
3.57303
3.36966
3.5102
3.58671
3.61352
3.70274
3.62746
3.61866
3.52338
3.53693
3.52086
3.60324
3.49757
3.61289
3.54629
3.60397
3.56704
3.60121
3.5647
3.5739
3.56487
3.52688
3.55194
3.49119
3.56323
3.5688
3.58648
3.54513
3.58787
3.6042
3.52799
3.39753
3.73812
3.51339
3.67638
3.63534
3.61841
3.55883
3.49209
3.60582
3.6193
3.68071
3.63362
3.56412
3.61563
3.572
3.53861
3.51935
3.62371
3.74024
3.63162
3.4954
3.53163
3.73147
3.50929
3.38303
3.4675
3.47355
3.72155
3.67521
3.74084
3.63384
3.6693
3.59779
3.48714
3.50267
3.57468
3.63027
3.56189
3.54794
3.56163
3.6322
3.50935
3.47071
3.63245
3.68312
3.73526
3.56246
3.42442
3.42213
3.56599
3.56009
3.5746
3.63974
3.62226
3.66555
3.56505
3.55256
3.55095
3.54373
3.60349
3.59094
3.60366
3.66749
3.7867
3.57265
3.71364
3.57996
3.58504
3.65162
3.46638
3.61878
3.50089
3.59835
3.65757
3.49191
3.61073
3.64607
3.57823
3.51812
3.55377
3.50269
3.61577
3.6762
3.54294
3.77176
3.63178
3.68745
3.46365
3.66174
3.47982
3.60998
3.64697
3.48961
3.50938
3.54579
3.56935
3.52243
3.47855
3.61187
3.64657
3.57077
3.51422
3.59269
3.59878
3.50941
3.62199
3.65502
3.54824
3.55819
3.49946
3.65365
3.57193
3.54168
3.59755
3.56054
3.48817
3.48778
3.61945
3.66411
3.68055
3.69969
3.67039
3.6755
3.71144
3.52318
3.55518
3.66397
3.65429
3.65032
3.56419
3.61815
3.52859
3.5576
3.49058
3.45413
3.59848
3.4914
3.49669
3.4648
3.58229
3.66864
3.61352
3.55967
3.54815
3.65075
3.61735
3.43611
3.60789
3.54916
3.67023
3.65644
3.48619
3.59133
3.56923
3.48012
3.45953
3.46544
3.53656
3.52367
3.53243
3.47688
3.54774
3.45251
3.37884
3.46657
3.53277
3.51472
3.60426
3.57811
3.47282
3.57372
3.62506
3.58331
3.56042
3.56583
3.5568
3.57343
3.59295
3.51866
3.61465
3.59006
3.4797
3.62232
3.56239
3.60809
3.46554
3.59004
3.48586
3.67921
3.64732
3.62494
3.46926
3.53288
3.65939
3.61157
3.60142
3.58217
3.56014
3.694
3.63291
3.43241
3.34896
3.53915
3.36545
3.55155
3.6227
3.69308
3.63498
3.6158
3.38249
3.53644
3.63324
3.51228
3.51289
3.67192
3.51868
3.5286
3.58748
3.49055
3.47481
3.44702
3.68075
3.57494
3.61247
3.57017
3.55564
3.57008
3.62843
3.54291
3.54463
3.50493
3.5903
3.58072
3.65036
3.6596
3.57315
3.56235
3.48038
3.49896
3.72927
3.6824
3.56511
3.53845
3.5772
3.68015
3.53021
3.51519
3.50237
3.63711
3.62575
3.68777
3.69769
3.52562
3.70999
3.70641
3.78042
3.57003
3.57535
3.76201
3.72239
3.50846
3.71222
3.73102
3.70548
3.71987
3.65716
3.54965
3.6037
3.72686
3.73773
3.63036
3.64715
3.54972
3.6265
3.54783
3.63029
3.53068
3.60901
3.64923
3.51752
3.52225
3.58739
3.63502
