9.33285
7.5728
6.45195
5.72596
5.31491
4.97664
4.70206
4.4482
4.31938
4.0401
3.82069
3.59167
3.42651
3.4548
3.24792
3.44063
3.41754
3.24435
3.09637
2.96393
2.9105
2.8718
2.89333
2.93165
2.8342
2.80085
2.83443
2.84895
3.03414
2.98424
2.87247
2.88815
2.92494
2.83178
2.91202
2.8772
2.98582
2.80736
2.82655
2.77637
2.83302
2.82286
2.80245
2.79005
2.84077
2.8957
2.89146
2.81777
2.7852
2.93846
2.90148
2.80659
2.8282
2.7834
2.8429
2.93716
2.91
2.7999
2.83962
2.89991
2.82425
2.85005
2.90233
2.89895
2.77409
2.87437
2.79353
2.88376
2.92993
2.97745
2.86238
2.85947
2.86155
2.89607
2.84335
2.88537
2.90164
2.91027
2.95673
2.92187
2.87219
2.85656
2.91502
2.79659
2.88232
2.79425
2.83447
2.86008
3.00719
2.86575
3.03501
3.00428
3.01532
2.9619
2.95442
2.98653
2.84552
2.83311
3.10485
3.08114
2.98319
2.87443
2.93682
3.09572
2.92402
2.9855
2.95529
2.84083
2.94699
3.01091
2.9821
2.94919
3.01179
3.00201
2.94274
2.99109
3.0015
2.91809
2.94311
2.89908
2.95174
2.87504
2.96293
2.90474
2.96116
2.94952
3.00811
2.91562
3.07698
3.14864
3.15591
2.97181
3.02429
3.08038
2.98932
2.99859
3.02197
3.14165
3.09338
2.99669
3.10726
2.97074
3.01525
2.97947
2.98163
3.03151
3.00764
3.04507
2.99842
3.06233
3.11237
2.97382
3.00236
2.99486
3.09092
3.06073
2.9616
2.95486
2.93341
3.00094
3.02379
2.9981
3.13625
3.18131
3.03792
3.06635
3.02349
3.01989
3.075
2.94912
3.05137
2.96659
3.17105
3.03868
3.12794
3.06573
3.00059
3.13991
3.03597
3.05472
3.06974
3.00973
3.00364
3.00039
3.08024
3.02647
3.02919
3.04294
3.0794
3.0187
3.07468
3.14867
3.07037
3.05391
3.07088
3.07124
3.12263
3.05402
3.12691
3.12005
3.09313
3.073
3.07088
3.10697
3.01097
3.01511
3.08064
3.13905
3.12064
3.03869
3.02937
3.04465
3.114
3.0885
3.13266
3.01909
3.08017
3.13073
3.10504
3.00088
3.03412
3.09454
3.11542
3.06438
3.04046
3.09619
3.06564
3.19409
3.13827
3.12863
3.05682
3.03388
3.22384
3.14808
3.06557
3.15306
3.14515
3.11086
3.16897
3.22682
3.17742
3.14023
3.18088
3.2535
3.17523
3.1662
3.03799
3.13534
3.08989
3.18232
3.26163
3.11794
3.0841
3.25908
3.18618
3.13137
3.12918
3.1481
2.9231
3.06889
3.1247
3.12979
3.01552
3.27055
3.10073
3.1208
3.15296
3.13962
3.06503
3.10341
3.09771
3.15135
3.16532
3.14833
3.19562
3.12468
3.13949
3.05285
3.07868
3.1323
3.16221
3.06605
3.0771
3.16198
3.11607
3.06634
3.1718
3.13413
3.13721
3.21465
3.19136
3.25324
3.15451
3.23918
3.20963
3.12534
3.16081
3.13779
3.04959
3.20492
3.22282
3.11032
3.16344
3.06238
3.17918
3.15681
3.36492
3.14893
3.15623
3.12482
3.28924
3.06133
3.15739
3.19807
3.21852
3.25261
3.23329
3.25456
3.1956
3.24972
3.1818
3.20045
3.1091
3.21524
3.24262
3.16724
3.09841
3.23957
3.25686
3.28585
3.17805
3.06257
3.11361
3.13485
3.12884
3.24005
3.29772
3.31821
3.29798
3.28674
3.16317
3.30246
3.20203
3.25967
3.14227
3.27727
3.36488
3.23909
3.24943
3.23504
3.29623
3.21187
3.22284
3.17976
3.18621
3.31243
3.20071
3.19136
3.09952
3.25323
3.26475
3.17781
3.24844
3.29532
3.08692
3.13919
3.19747
3.22233
3.25579
3.22137
3.14826
3.28142
3.3296
3.11768
3.14414
3.16496
3.23594
3.20276
3.17081
3.1868
3.1809
3.27944
3.27006
3.20821
3.21262
3.21108
3.17106
3.1046
3.22856
3.16737
3.21252
3.25777
3.18441
3.13323
3.28357
3.1455
3.19213
3.30391
3.18042
3.25959
3.24103
3.20133
3.26052
3.12483
3.25855
3.25664
3.05722
3.22226
3.39242
3.24077
3.21725
3.18003
3.26056
3.12951
3.32754
3.1974
3.25466
3.2887
3.15555
3.25215
3.3069
3.16387
3.22381
3.32581
3.2347
3.17737
3.20988
3.20501
3.18636
3.30972
3.21099
3.24699
3.32198
3.42828
3.31413
3.24729
3.21884
3.26707
3.3345
3.23544
3.30023
3.32872
3.23256
3.14372
3.08219
3.28735
3.27353
3.31799
3.26072
3.15223
3.25233
3.10872
3.14231
3.21308
3.21274
3.22645
3.2591
3.27413
3.16844
3.20448
3.28065
3.33854
3.12251
3.24239
3.42736
3.39883
3.24741
3.38523
3.33499
3.35912
3.28642
3.25344
3.25583
3.26306
3.32688
3.2707
3.43176
3.47087
3.27253
3.27648
3.3379
3.1825
3.25473
3.32446
3.25704
3.27189
3.4339
3.23504
3.23388
3.37484
3.34009
3.32555
3.41319
3.31791
3.26003
3.42373
3.42929
3.347
3.43715
3.43454
3.53608
3.16429
3.25092
3.29843
3.29652
3.24253
3.29887
3.41266
3.27951
3.28814
3.30467
3.27116
3.35859
3.38595
3.2213
3.30933
3.14426
3.30937
3.30674
3.45373
3.40885
3.45613
3.36945
3.37538
3.24685
3.38041
3.37426
3.27594
3.33033
3.32609
3.26182
3.37801
3.37182
3.35593
3.3085
3.27865
3.28957
3.3863
3.26743
3.39659
3.56924
3.44605
3.34431
3.49332
3.3176
3.43623
3.34631
3.34161
3.45891
3.33886
3.36985
3.41758
3.41911
3.20138
3.28563
3.23793
3.27588
3.21628
3.24232
3.39275
3.3214
3.33647
3.32456
3.36112
3.1971
3.30721
3.30122
3.21927
3.29007
3.18352
3.32097
3.3533
3.30493
3.36029
3.17634
3.30055
3.38518
3.31612
3.28953
3.33973
3.38197
3.39723
3.39973
3.50993
3.2854
3.2592
3.23728
3.23311
3.2808
3.31846
3.36575
3.30901
3.35616
3.23727
3.37538
3.27074
3.34898
3.29733
3.39199
3.40389
3.37185
3.31297
3.40947
3.24613
3.35004
3.31218
3.323
3.25218
3.25498
3.38685
3.42431
3.34955
3.34991
3.33586
3.46292
3.23322
3.37447
3.3171
3.19477
3.2386
3.30959
3.30446
3.3023
3.38848
3.3271
3.35054
3.51608
3.23495
3.46915
3.22647
3.31607
3.43399
3.34688
3.29717
3.33843
3.3826
3.34218
3.35566
3.28344
3.24753
3.23413
3.4031
3.28085
3.30055
3.50971
3.439
3.42763
3.34072
3.14966
3.19842
3.30828
3.23154
3.2225
3.31318
3.4869
3.35323
3.41718
3.30153
3.35771
3.48084
3.38861
3.42361
3.26273
3.32971
3.34879
3.3086
3.39587
3.33709
3.42468
3.36629
3.32966
3.25042
3.37108
3.23125
3.36171
3.30083
3.41412
3.27995
3.43302
3.39044
3.34636
3.41429
3.32045
3.41511
3.26468
3.257
3.32265
3.43876
3.42643
3.38056
3.42884
3.39822
3.37035
3.41466
3.40743
3.45912
3.38285
3.30928
3.3626
3.4642
3.38897
3.30802
3.325
3.41963
3.42473
3.19768
3.33784
3.27989
3.45929
3.45775
3.38788
3.39605
3.45591
3.22549
3.48829
3.45301
3.39755
3.43416
3.30467
3.37008
3.33055
3.40576
3.38628
3.27327
3.36322
3.32688
3.46699
3.28618
3.30058
3.29622
3.29443
3.32795
3.37471
3.42598
3.24868
3.52952
3.34783
3.43661
3.48993
3.52747
3.51534
3.43048
3.51249
3.45114
3.48423
3.37385
3.37022
3.45872
3.35055
3.4286
3.43901
3.44573
3.4325
3.36032
3.45529
3.47279
3.55507
3.34665
3.42199
3.39791
3.56423
3.38437
3.63546
3.37159
3.38278
3.37134
3.3817
3.4061
3.47619
3.27461
3.3724
3.44692
3.53291
3.47469
3.47136
3.5107
3.40729
3.49087
3.35332
3.39903
3.37618
3.56327
3.49598
3.4224
3.27642
3.20651
3.37965
3.33365
3.49066
3.58113
3.58556
3.47005
3.49493
3.45376
3.23342
3.54755
3.36894
3.37402
3.48623
3.58205
3.49257
3.47227
3.41411
3.44017
3.45301
3.26825
3.35294
3.37389
3.30519
3.23991
3.47603
3.38957
3.59335
3.51469
3.24669
3.32273
3.3021
3.51156
3.51036
3.40507
3.5119
3.44782
3.41249
3.25419
3.47165
3.39283
3.49249
3.4201
3.42488
3.45995
3.43818
3.42408
3.40235
3.43299
3.58865
3.41355
3.49397
3.36861
3.37563
3.527
3.55365
3.40804
3.38231
3.37388
3.30487
3.42115
3.44977
3.48504
3.38109
3.33325
3.35268
3.43739
3.39724
3.49967
3.43195
3.45623
3.40291
3.39766
3.45085
3.39112
3.40727
3.41147
3.55852
3.55803
3.45569
3.46647
3.49356
3.47955
3.62851
3.50001
3.53969
3.45525
3.44741
3.60769
3.53876
3.49382
3.44293
3.5942
3.49253
3.51202
3.43329
3.38271
3.36506
3.38157
3.38817
3.48144
3.55588
3.57833
3.53022
3.54601
3.46652
3.54429
3.52505
3.47681
3.27438
3.3621
3.39308
3.35981
3.3528
3.36666
3.39444
3.34801
3.48668
3.32943
3.31825
3.6065
3.46605
3.31912
3.33291
3.3214
3.52237
3.42494
3.37495
3.60192
3.50443
3.35535
3.51298
3.37841
3.34003
3.60026
3.40648
3.38049
3.33689
3.48494
3.54846
3.40705
3.62491
3.46249
3.31814
3.50645
3.64951
3.38519
3.46843
3.44666
3.61293
3.4766
3.45295
3.60902
3.4611
3.40212
3.46084
3.46674
3.48717
3.53567
3.35738
3.38286
3.46481
3.55823
3.50625
3.41673
3.57105
3.52916
3.53772
3.47003
3.54119
3.5008
3.53894
3.41523
3.32194
3.58408
3.44792
3.54979
3.4378
3.39981
3.38724
3.50303
3.38677
3.30499
3.5174
3.26927
3.41834
3.3769
3.47373
3.55765
3.51556
3.39275
3.32616
3.59337
3.37652
3.55954
3.47906
3.34451
3.49584
3.64145
3.51643
3.53679
3.56202
3.48811
3.44593
3.55302
3.47108
3.42896
3.46538
3.37505
3.37459
3.44665
3.49864
3.49146
3.39933
3.45368
3.42764
3.50014
3.4715
3.33313
3.35905
3.27344
3.36946
3.50924
3.50987
3.53661
3.61983
3.59301
3.57592
3.42513
3.37042
3.2966
3.49352
3.47542
3.37309
3.45893
3.53522
3.59737
3.43198
3.56548
3.48809
3.34764
3.40913
3.31223
3.55984
3.50673
3.49836
3.44469
3.30893
3.51764
3.48259
3.49332
3.5734
3.53939
3.60987
3.38412
3.49852
3.52281
3.41157
3.50266
3.53124
3.42824
3.57023
3.47413
3.47252
3.56647
3.49686
3.64906
3.55825
3.53424
3.62164
3.52609
3.34636
3.29943
3.30692
3.32523
3.40973
3.44634
3.41608
3.42514
3.46773
3.62031
3.54852
3.4086
3.47321
3.54269
3.45069
3.49817
3.31569
3.50633
3.39756
3.48758
3.44742
3.42485
3.54577
3.40819
3.37204
3.53703
3.49435
3.4479
3.56292
3.67045
3.45441
3.5873
3.42627
3.51546
3.57924
3.32561
3.54676
3.50642
3.49972
3.5381
3.54987
3.55832
3.61036
3.59764
3.56265
3.45457
3.50923
3.49507
3.38751
3.43651
3.50503
3.4763
3.42985
3.50398
3.63001
3.33498
3.50245
3.30966
3.48695
3.58702
3.65532
3.53546
3.73665
3.44424
3.4984
3.51779
3.43473
3.48254
3.62301
3.57884
3.61814
3.37485
3.53685
3.4677
3.6343
3.53612
3.59937
3.46368
3.30376
3.44575
3.61416
3.45257
3.50127
3.5004
3.50722
3.46729
3.49871
3.61482
3.55778
3.44975
3.48732
3.56924
3.51738
3.5675
3.52973
3.41994
3.59057
3.61863
3.41946
3.67017
3.60292
3.47682
3.49777
3.46531
3.61364
3.53724
3.5184
3.55386
3.55089
3.49543
3.48651
3.55717
3.55606
3.5643
3.42576
3.55361
3.62018
3.50452
3.47433
3.63281
3.62891
3.57119
3.46287
3.54482
3.55108
3.3609
3.39392
3.4105
3.25453
3.47453
3.51991
3.31121
3.40036
3.5614
3.64167
3.61267
3.65323
3.45305
3.49126
3.42144
3.51936
3.53995
3.50864
3.54004
3.46124
3.45589
3.52566
3.43133
3.55641
3.64964
3.65891
3.43067
3.54383
3.57568
3.64123
3.34941
3.42172
3.46077
3.48393
3.49127
3.45934
3.48311
3.45169
3.59536
3.63446
3.36048
3.51213
3.73952
3.58958
3.4606
3.60115
3.69969
3.47196
3.50934
3.49522
3.38098
3.40277
3.57395
3.5963
3.48631
3.50264
3.36077
3.6033
3.46881
3.46599
3.4925
3.49671
3.49083
3.5499
3.53124
3.48429
3.7841
3.40088
3.40857
3.53011
3.55163
3.4748
3.60062
3.62592
3.57619
3.47681
3.44909
3.32212
3.45848
3.53176
3.37111
3.60318
3.52896
3.55789
3.55799
3.42846
3.56498
3.59326
3.51482
3.58721
3.51847
3.56428
3.53018
3.33864
3.528
3.69126
3.61129
3.53321
3.49751
3.42257
3.49225
3.53171
3.54706
3.48724
3.61223
3.48944
3.42799
3.57107
3.46669
3.61781
3.57029
3.43488
3.43442
3.61332
3.43101
3.55275
3.63798
3.55583
3.4022
3.54183
3.51236
3.57637
3.48012
3.65562
3.61569
3.57864
3.60953
3.44276
3.3933
3.41466
3.5188
3.57929
3.45036
3.60671
3.58766
3.58893
3.35435
3.58865
3.55938
3.52901
3.56177
3.51065
3.40531
3.53369
3.48563
3.45709
3.59577
3.68365
3.47484
3.50906
3.44636
3.49591
3.37524
3.39685
3.60704
3.46372
3.58625
3.40376
3.48335
3.6796
3.628
3.43711
3.52639
3.6593
3.63859
3.72285
3.55091
3.47934
3.61014
3.53523
3.36558
3.55987
3.66296
3.44682
3.5962
3.45871
3.55696
3.61117
3.65156
3.54802
3.45724
3.74174
3.55002
3.40345
3.46652
3.45855
3.41924
3.42973
3.39736
3.55875
3.50509
3.50253
3.49942
3.55764
3.6149
3.51694
3.5006
3.5314
3.58217
3.7039
3.44969
3.56332
3.57535
3.54918
3.57281
3.47404
3.47725
3.45682
3.68831
3.64037
3.37486
3.49476
3.46466
3.63629
3.57888
3.42383
3.49303
3.50932
3.49139
3.50084
3.48848
3.54051
3.74692
3.48003
3.62963
3.70616
3.38551
3.60401
3.61176
3.50955
3.55904
3.28922
3.37931
3.55093
3.56106
3.47784
3.4321
3.50505
3.51501
3.77916
3.4099
3.55354
3.5121
3.51181
3.5295
3.57752
3.38242
3.48545
3.66862
3.55244
3.50329
3.46453
3.60918
3.50918
3.46391
3.36892
3.42309
3.46952
3.66589
3.56931
3.56636
3.44177
3.57427
3.47854
3.465
3.41319
3.62049
3.58452
3.47068
3.48151
3.51127
3.44777
3.56509
3.54847
3.42605
3.43626
3.42747
3.55957
3.69826
3.66328
3.61535
3.64136
3.72103
3.49498
3.48915
3.45613
3.64139
3.56855
3.65131
3.54722
3.63793
3.57432
3.53274
3.36357
3.43891
3.664
3.67503
3.5672
3.51016
3.57389
3.45321
3.48914
3.36094
3.44547
3.48268
3.4981
3.45771
3.53941
3.62534
3.59869
3.59045
3.48988
3.31161
3.45062
3.50503
3.43364
3.39807
3.41153
3.41265
