6.36175
4.96376
4.407
4.02971
3.6674
3.39334
3.10185
2.78997
2.5844
2.48624
2.41029
2.26628
2.18558
2.15634
1.96378
1.92038
1.89696
1.83861
1.94461
1.84282
1.86433
1.82813
1.78994
1.85807
1.85954
1.85337
1.78875
1.81602
1.89325
1.82481
1.83683
1.80826
1.80038
1.8002
1.76249
1.77073
1.80515
1.82194
1.8292
1.87191
1.80293
1.81518
1.76956
1.81006
1.86796
1.85959
1.81356
1.83685
1.77215
1.7773
1.867
1.79334
1.86259
1.85768
1.82324
1.79451
1.80486
1.80228
1.7926
1.80216
1.74042
1.83708
1.81415
1.82318
1.82676
1.80295
1.79894
1.7864
1.7794
1.85781
1.74417
1.71727
1.81832
1.81508
1.72547
1.69973
1.79126
1.82376
1.822
1.81381
1.81146
1.81042
1.76775
1.81211
1.83621
1.84071
1.81593
1.80988
1.83135
1.87239
1.81783
1.84702
1.77771
1.79794
1.81672
1.77959
1.87285
1.84521
1.85988
1.73767
1.79614
1.82511
1.81473
1.80151
1.84918
1.85638
1.91209
1.7796
1.8049
1.88155
1.7486
1.92142
1.87178
1.87778
1.80422
1.86529
1.84047
1.84398
1.83568
1.87408
1.88146
1.87308
1.77363
1.87098
1.7625
1.72515
1.87874
1.8802
1.88338
1.90426
1.87708
1.78184
1.83223
1.80306
1.90672
1.87584
1.85252
1.9097
1.87822
1.89802
1.85412
1.78845
1.8438
1.85383
1.95539
1.85528
1.83273
1.8513
1.89519
1.79346
1.83133
1.80521
1.83326
1.88418
1.88271
1.90918
1.8708
1.92459
1.86977
1.8775
1.83847
1.89316
1.86794
1.82947
1.90951
1.92667
1.84934
1.84778
1.7568
1.82663
1.85114
1.84658
1.90614
1.93515
1.82178
1.87188
1.90874
1.81111
1.93579
1.9432
1.94592
1.86415
1.87151
1.89973
1.828
1.92006
1.95238
1.8324
1.86322
1.84354
1.90925
1.8875
1.76523
1.87558
1.86974
1.8683
2.02506
1.79583
1.86948
1.80531
1.91383
1.93502
1.95087
1.87152
1.86984
1.95197
1.91309
1.95376
1.86356
1.89235
1.9819
1.88885
1.94399
1.87887
1.95171
2.03756
1.88988
1.93512
1.92371
1.93838
1.87476
1.9776
1.92549
1.83395
1.84948
1.96977
1.89948
1.80297
1.85289
1.90095
1.85277
1.94047
1.96936
1.84845
1.91229
1.98794
1.92352
1.90967
1.78709
1.89709
1.88349
1.93136
1.94996
1.94962
1.86577
1.9012
1.87236
1.81124
1.97376
1.89224
1.95864
1.87581
1.90401
1.97276
1.98406
1.9929
1.90379
1.92325
1.95268
2.01025
1.98673
1.95652
1.89185
1.95991
1.94016
1.92237
1.99095
1.94774
1.90572
1.93259
1.97017
1.92824
1.93745
1.892
1.92073
1.9401
1.92015
1.97666
1.90603
1.89319
1.93008
1.97946
1.9536
1.99952
1.95692
1.84238
1.94904
1.92546
1.93197
1.94878
1.88444
1.93991
1.93944
1.9141
1.9583
1.96249
1.92208
1.91869
2.00878
1.96275
1.99763
1.86233
1.93232
1.97159
1.93115
1.95517
1.96414
1.93699
2.04468
1.98256
2.02759
1.84851
1.95744
2.07012
1.96096
2.04064
1.9667
1.91826
1.90613
1.85773
1.9549
2.02062
1.98345
1.98045
1.97458
1.97569
1.97177
1.97202
1.90453
2.03451
1.84706
2.02834
1.99221
2.0144
1.98661
1.94946
1.88858
1.90816
1.98296
1.96432
1.93956
1.97282
1.97852
1.95014
1.87801
1.88477
1.98132
1.94024
2.0021
2.04362
1.94811
1.97841
2.05226
1.98859
1.99577
1.93799
2.02403
2.02412
1.96341
1.99252
1.98754
2.02492
1.96857
1.92751
1.89101
1.99229
2.06394
2.06186
2.02798
2.04317
1.97184
2.07242
1.99019
1.99346
1.91058
1.88173
2.01196
2.02297
2.04772
1.9475
1.9321
2.00726
2.15252
2.01214
1.98066
1.98169
2.01357
1.99374
1.99065
1.95678
1.8789
2.05257
1.92472
2.00272
2.03555
2.02811
2.00789
1.97952
1.90565
1.92777
2.01156
2.02649
2.00327
1.95091
1.95105
1.98983
1.97205
1.97682
1.92118
2.00134
1.97562
1.97675
2.01391
1.97255
1.98097
2.0311
2.02188
2.00424
1.94014
2.03944
2.0299
2.0501
1.98822
1.96528
1.99412
1.94721
1.97074
2.05138
1.94946
2.08403
2.0491
2.09465
2.01605
1.92115
1.91997
2.09474
2.05322
2.13258
2.06853
1.98647
1.99191
2.10006
2.01041
1.97986
2.04866
1.88521
2.06147
2.0321
1.82841
1.96546
1.98696
1.95121
1.96602
1.92566
2.02356
2.00706
2.08665
1.97527
1.98113
2.02536
1.96062
2.02468
2.00711
2.01501
2.02541
1.90991
1.92705
2.07343
2.00068
2.1099
2.15803
2.00849
1.96488
1.91223
2.026
2.07927
2.09955
1.98673
2.05205
2.00251
2.0338
1.99157
1.88875
2.00874
2.00701
2.00158
2.0335
2.01115
2.0004
1.95731
1.95533
2.00958
2.07939
2.09039
2.09057
2.06694
2.1006
2.06654
2.01157
2.0237
1.92997
2.11862
2.0818
1.97375
2.08404
2.05702
2.03674
2.11075
2.08972
2.06602
2.10063
2.05939
2.03393
1.97782
2.00939
2.01971
2.07349
2.06879
1.9899
2.06735
1.99189
2.0424
2.13075
1.91624
2.02805
1.99824
1.96189
2.01191
2.02533
2.00623
2.10458
2.0408
2.13114
2.06348
2.1637
2.0781
1.97228
2.00166
2.1373
2.08971
2.03874
2.06932
1.97464
1.99774
2.14799
2.02375
2.07944
2.1475
2.00456
2.07939
1.95931
2.14395
2.0865
2.12317
2.10863
2.08074
2.08608
2.02559
2.06644
1.94834
2.13072
2.02596
1.89063
1.98144
1.98081
2.03495
2.09198
2.15831
2.17594
2.15294
2.10421
1.94511
2.07069
2.10118
2.13906
2.0847
2.07713
2.0557
1.955
2.10739
2.06388
2.03067
2.05905
2.04468
2.06145
2.00938
2.11215
2.0444
2.03954
1.95051
2.03915
2.02952
2.09988
1.99169
2.17162
2.13483
2.10003
2.03142
2.07566
2.06582
2.03452
2.00938
2.05843
2.01373
2.04398
2.12054
2.01803
2.04186
2.10364
2.06862
1.9879
2.08686
1.97822
2.08524
2.02505
1.91109
1.97244
2.09473
2.14945
2.10122
2.05113
2.01987
1.96716
2.01753
2.01369
1.94262
2.08178
2.08832
2.03296
2.0614
2.02883
2.13461
2.12206
2.06242
2.15725
2.03167
2.12077
2.05608
2.03827
2.08312
1.99003
1.9278
2.11515
2.01921
1.99763
2.00344
2.17168
2.08986
2.04742
2.01316
2.05104
2.03539
2.08189
1.9757
2.0787
2.05201
2.10527
2.07928
2.03159
2.03997
2.05326
2.19916
2.11176
2.02522
2.02619
2.03347
2.06857
1.97533
2.13044
2.03663
2.12649
2.1045
1.98476
2.03639
1.93364
2.05204
2.08647
2.06522
2.09112
2.02466
2.09229
2.04661
2.06669
2.01209
2.08939
2.12563
1.99724
2.12918
2.05348
2.04186
2.10653
2.10414
2.09503
2.04133
1.99842
2.05274
2.11757
2.00451
2.03615
1.97255
2.04298
2.07746
2.14735
2.10785
2.02189
2.10133
2.03855
2.07207
2.09592
2.06285
2.1639
2.03479
2.04667
2.09644
2.08432
1.99969
1.99676
2.07288
2.05411
2.08094
2.1281
2.09045
2.07433
2.07489
2.09498
2.15952
2.10395
2.04926
2.03766
2.12993
2.038
2.12406
2.06353
2.09085
2.11614
2.08148
2.08823
2.13508
2.07966
2.00505
2.07103
2.02904
2.04551
2.09636
2.12422
2.04208
2.06819
2.03019
2.09787
2.10268
2.06597
2.05248
2.17703
2.1171
2.16523
2.06006
2.06625
2.13511
2.09826
2.15937
2.16468
2.14323
2.18992
2.15094
2.02843
2.06077
2.24005
2.16786
2.10194
2.07558
2.20446
2.00976
2.03082
2.07503
2.02399
2.08051
1.97456
2.06049
2.01236
2.08658
2.0679
2.12525
2.11559
2.10559
2.1304
2.0505
2.02226
2.04748
2.05671
2.0431
2.01332
2.02536
2.08222
2.04216
1.99064
2.09267
2.06587
2.10465
2.17696
2.02862
2.15212
2.01438
2.04433
2.14408
2.11946
2.02399
2.15912
2.2318
2.03982
1.99051
2.10077
2.03327
2.17897
2.15347
2.07086
2.09389
2.13089
2.16002
2.10161
2.0407
2.04758
2.10846
2.1151
2.17751
2.12853
2.17585
2.20704
2.14201
2.08983
2.06481
2.12276
2.12145
2.09025
2.07946
2.08982
2.10926
1.99387
1.95073
2.11354
2.08364
2.13704
2.05992
2.10383
2.28564
2.13676
2.06728
2.10113
2.05944
2.13708
2.18592
2.04612
2.09695
2.05198
2.115
2.08478
2.05999
2.09504
2.13499
2.03205
2.10375
2.20547
2.09565
2.07786
2.24627
2.14776
2.03139
2.04546
2.19143
2.17417
2.0724
2.09356
2.09598
2.10005
2.05217
2.06685
2.01153
2.01549
2.09276
2.08327
2.06263
2.1138
1.99808
2.13661
2.15305
2.06542
2.0893
2.25724
2.14537
2.06334
2.08329
2.13325
2.17869
2.10888
2.07704
2.13688
2.05511
2.0365
2.19185
2.08464
2.17388
2.11606
2.01483
2.08806
2.23742
2.24193
2.22248
2.21785
2.15284
2.03365
2.10946
2.15585
2.02208
2.19992
2.12242
2.1051
2.1235
2.17469
2.24537
2.12371
2.02691
2.05209
2.06015
2.11747
2.0645
2.11907
2.11314
2.15035
2.02025
2.15142
2.1426
2.01728
1.98841
2.0864
2.1205
2.00382
2.00713
2.07041
2.1611
2.06161
2.08735
2.17032
2.04496
2.04928
2.07521
2.15027
2.17217
2.09138
2.0769
2.13233
2.05751
2.10439
2.19721
2.08208
2.1572
2.09594
2.13387
2.17398
2.0349
2.13249
2.18904
2.17762
2.12318
2.22842
2.20108
2.11383
2.10688
2.23721
2.07839
2.12438
2.22375
2.06125
2.13361
2.22282
2.11851
2.20529
2.23648
2.15712
2.21611
2.21586
2.28272
2.11742
2.12662
2.22066
2.18393
2.04339
2.17932
2.13288
2.30611
2.17115
2.11509
2.20492
2.14887
2.13776
2.20578
2.04999
2.13716
2.20734
2.119
2.16768
2.12831
2.10344
2.13386
2.15437
2.18903
2.12191
2.07015
2.13484
2.15786
2.23466
2.18513
2.26428
2.22583
2.2001
2.14035
2.14435
2.11985
2.12648
2.12951
2.13592
2.12873
2.05292
2.13968
2.21232
2.12505
2.25913
2.19795
2.14538
2.08863
1.96113
2.08231
2.23342
2.10331
2.02851
2.08945
2.0826
2.1238
2.10317
2.17383
2.16356
2.22351
2.0637
2.14562
2.14117
2.13046
2.14883
2.23631
2.19964
2.15162
2.22644
2.12861
2.17004
2.22658
2.18559
2.19956
2.12854
2.0074
2.12149
2.14633
2.19301
2.17468
2.17109
2.14271
2.11464
2.09571
2.03235
2.15848
2.16425
2.2395
2.13993
2.23083
2.093
2.12905
2.08637
2.21568
2.11767
2.15648
2.18122
2.14321
2.1229
2.10905
2.1675
2.19141
2.06418
2.15137
2.22786
2.10189
2.07505
2.19885
2.12675
2.15436
2.15688
2.19235
2.10659
2.06078
2.22931
2.19705
2.11564
2.16622
2.18158
2.21612
2.23451
2.20702
2.1861
2.09052
2.23235
2.16053
2.23906
2.14294
2.1453
2.19188
2.23523
2.221
2.2537
2.27564
2.16061
2.1971
2.19578
2.1335
2.16982
2.13164
2.08583
2.11765
2.20326
2.0316
2.10435
2.25288
2.08022
2.07735
2.23814
2.0909
2.28854
2.01276
2.13277
2.16509
2.11416
2.2109
2.21806
2.10532
2.03374
2.15605
2.13169
2.13093
2.04019
2.26082
2.20498
2.11471
2.16938
2.12113
2.23772
2.19967
2.18718
2.18295
2.1615
2.19137
2.15752
2.31172
2.18683
2.16797
2.27749
2.27794
2.20039
2.11932
2.17893
2.25793
2.26216
2.23298
2.17276
2.20009
2.19725
2.1382
2.20164
2.18953
2.17357
2.20167
2.19423
2.15382
2.05932
2.08483
2.20445
2.31093
2.22129
2.26679
2.17105
2.28571
2.19593
2.2413
2.20185
2.1605
2.20573
2.23337
2.16921
2.20187
2.20896
2.24367
2.23332
2.22239
2.09378
2.23797
2.13357
2.1151
2.08228
2.25796
2.14136
2.18487
2.16683
2.24079
2.13063
2.13835
2.20805
2.21145
2.16167
2.16016
2.09761
2.06041
2.16413
2.13473
2.15127
2.18655
2.20599
2.13865
2.16929
2.18284
2.12476
2.0937
2.11308
2.17866
2.20269
2.11361
2.19892
2.10917
2.21647
2.11923
2.16818
2.1601
2.1471
2.02601
2.06795
2.21925
2.11304
2.1803
2.14429
2.0993
2.12793
2.17709
2.13909
2.26565
2.10482
2.20169
2.2527
2.18307
2.14
2.12753
2.11908
2.12786
2.14969
2.15176
2.22026
2.14334
2.22906
2.22069
2.13727
2.23653
2.21408
2.19036
2.16974
2.11496
2.10375
2.14635
2.16663
2.15118
2.17223
2.24811
2.20626
2.20669
2.15389
2.12774
2.17624
2.09334
2.05767
2.13072
2.18564
2.24477
2.10828
2.21196
2.15434
2.11527
2.11981
2.25834
2.08312
2.26685
2.15821
2.15712
2.11593
2.16054
2.10242
2.1739
2.15376
2.17623
2.24503
2.26369
2.21887
2.10373
2.18672
2.26928
2.16399
2.15298
2.19234
2.17343
2.16526
2.25268
2.07875
2.19293
2.0939
2.10085
2.16548
2.22203
2.23543
2.08212
2.20004
2.13524
2.09386
2.14152
2.16294
2.10094
2.2201
2.18241
2.27769
2.2362
2.22237
2.15346
2.15668
2.16042
2.11487
2.19622
2.05244
2.21782
2.14583
2.2283
2.09285
2.19717
2.2415
2.15812
2.11383
2.08415
2.07782
2.17298
2.09536
2.12888
2.16175
2.13886
2.09644
2.16633
2.15607
2.27801
2.14561
2.09318
2.11191
2.16608
2.20999
2.18152
2.27982
2.24368
2.28003
2.18187
2.2279
2.03602
2.15563
2.19838
2.18902
2.20603
2.17753
2.19033
2.15259
2.2115
2.19159
2.23328
2.24234
2.07858
2.15409
2.17421
2.14105
2.16181
2.20537
2.14526
2.21101
2.22485
2.12763
2.15302
2.18186
2.22952
2.28379
2.2039
2.13979
2.1241
2.09443
2.16679
2.2352
2.26105
2.16322
2.22297
2.20353
2.2032
2.10507
2.13803
2.13704
2.21584
2.20515
2.09794
2.11264
2.18491
2.15549
2.1719
2.25585
2.05258
2.16682
2.14307
2.14941
2.19894
2.21888
2.18071
2.1409
2.26024
2.12554
2.17035
2.2158
2.15504
2.25968
2.19806
2.14087
2.20544
2.24622
2.189
2.14372
2.20539
2.21102
2.19721
2.22331
2.19798
2.17357
2.21565
2.28016
2.19772
2.28075
2.23281
2.24009
2.16393
2.20467
2.19274
2.1843
2.23955
2.3064
2.15986
2.37396
2.2088
2.20336
2.13312
2.2341
2.21121
2.28719
2.14729
2.13911
2.25055
2.17419
2.16964
2.17201
2.12774
2.16269
2.09241
2.13239
2.15192
2.25419
2.21624
2.22164
2.26187
2.23705
2.21801
2.13959
2.09147
2.10098
2.18807
2.1824
2.15326
2.18758
2.13572
2.23771
2.19211
2.07065
2.22545
2.14469
2.09672
2.16903
2.15648
2.16848
2.31378
2.24906
2.24719
2.12494
2.20189
2.21912
2.22387
