8.95691
7.03367
5.92286
5.27058
4.81909
4.46933
4.26395
4.08413
3.82164
3.59706
3.31561
3.12111
2.94242
2.8545
2.73242
2.62865
2.62725
2.53248
2.56254
2.45956
2.54862
2.46914
2.50191
2.45594
2.56445
2.60861
2.39613
2.43008
2.46296
2.43722
2.48695
2.45346
2.35793
2.38829
2.36023
2.36559
2.41878
2.36084
2.41379
2.43902
2.4577
2.50899
2.40702
2.32858
2.44741
2.54073
2.39866
2.39908
2.40505
2.38894
2.39192
2.387
2.55405
2.42901
2.39566
2.40012
2.43438
2.49559
2.43932
2.52238
2.52301
2.4557
2.77447
2.56047
2.43033
2.34178
2.3948
2.37974
2.31985
2.35563
2.30441
2.38071
2.29368
2.30844
2.34094
2.3087
2.32388
2.28136
2.4157
2.33403
2.40681
2.34847
2.33708
2.27004
2.35033
2.25638
2.37602
2.30485
2.33602
2.27104
2.35484
2.42379
2.35315
2.39768
2.31428
2.36475
2.33802
2.35575
2.32034
2.28831
2.30662
2.3551
2.33024
2.32293
2.3088
2.37275
2.39122
2.33117
2.29844
2.40601
2.33679
2.36429
2.22151
2.35483
2.34673
2.35571
2.3508
2.42261
2.36598
2.46059
2.34125
2.3662
2.37726
2.35168
2.2992
2.35533
2.33598
2.26712
2.29008
2.15862
2.21369
2.25676
2.2053
2.13144
2.14364
2.16306
2.21481
2.23933
2.18202
2.13189
2.20727
2.06267
2.09417
2.16466
2.18978
2.15767
2.10928
2.1845
2.19662
2.19259
2.18872
2.14666
2.17036
2.11059
2.23091
2.16658
2.2185
2.09013
2.08341
2.12851
2.22853
2.03971
2.11693
2.14195
2.17589
2.04938
2.16424
2.13839
2.10891
2.0717
2.15326
2.11243
2.03083
2.06815
2.11801
2.15204
2.05734
2.13553
2.21897
2.2111
2.14922
2.11858
2.11996
2.07791
2.08575
2.1828
2.11128
2.06067
2.08998
2.20209
2.1049
2.08438
2.16192
2.18743
2.10543
2.14919
2.15718
2.15496
2.13984
2.23898
2.20199
2.07051
2.1689
2.18597
2.16091
2.07415
2.09865
2.16156
2.13092
2.15496
2.02218
2.11534
2.16067
2.14122
2.17179
2.20879
2.07501
2.14635
2.14582
2.18119
2.12038
2.16666
2.15554
2.02902
2.17163
2.05478
2.16531
2.11685
2.12258
2.18282
2.12744
2.18642
2.15992
2.12758
2.10208
2.12767
2.2586
2.22615
2.17314
2.17198
2.11559
2.18534
2.16683
2.08201
2.12716
2.23999
2.10393
2.1317
2.16116
2.14395
2.24227
2.10209
2.15206
2.10903
2.16573
2.10142
2.12943
2.14213
2.18151
2.11184
2.15806
2.21763
2.20458
2.16298
2.24631
2.14287
2.11263
2.11645
2.10467
2.18801
2.17151
2.16526
2.19415
2.09915
2.20848
2.12865
2.18979
2.23669
2.19466
2.17251
2.17046
2.08779
2.25527
2.1867
2.20432
2.24099
2.262
2.14397
2.14126
2.25949
2.147
2.1837
2.16669
2.16743
2.21328
2.13632
2.19269
2.12746
2.20055
2.26776
2.11721
2.1514
2.08899
2.08766
2.2125
2.19383
2.20096
2.22975
2.1766
2.16051
2.18158
2.19975
2.19063
2.17241
2.1089
2.17004
2.18142
2.21365
2.20298
2.15314
2.20534
2.24579
2.184
2.15259
2.20453
2.16857
2.13604
2.39137
2.21461
2.21569
2.16565
2.2102
2.2442
2.184
2.14433
2.11027
2.20667
2.1888
2.19032
2.31019
2.21425
2.30831
2.20371
2.18008
2.1985
2.10708
2.12825
2.07855
2.21153
2.25836
2.22859
2.17339
2.02482
2.16269
2.16926
2.23827
2.12579
2.26094
2.21833
2.19241
2.22882
2.20189
2.19026
2.11201
2.21915
2.17342
2.18899
2.22399
2.24917
2.09204
2.21893
2.18607
2.16897
2.27626
2.17934
2.184
2.149
2.27541
2.12499
2.22424
2.23558
2.21705
2.20914
2.22973
2.1043
2.18917
2.16792
2.18107
2.23295
2.18101
2.25737
2.28535
2.23365
2.15984
2.19405
2.143
2.28366
2.33569
2.24367
2.18368
2.23616
2.216
2.20912
2.07655
2.12885
2.17772
2.22288
2.16085
2.16614
2.22045
2.27284
2.14416
2.29247
2.20859
2.2128
2.1841
2.2374
2.2239
2.2174
2.16889
2.2124
2.126
2.22182
2.20628
2.17102
2.21849
2.21546
2.26678
2.23327
2.23149
2.21393
2.17416
2.19686
2.28947
2.26314
2.245
2.17641
2.26426
2.17091
2.27868
2.26478
2.24207
2.15593
2.19345
2.18946
2.17967
2.13224
2.21305
2.15299
2.20501
2.33058
2.22867
2.19872
2.14536
2.18942
2.22719
2.1669
2.2108
2.36292
2.23803
2.12163
2.16136
2.24492
2.23052
2.26338
2.27058
2.17708
2.18357
2.15394
2.16519
2.18768
2.2436
2.26406
2.25337
2.19856
2.15001
2.17484
2.14154
2.23693
2.191
2.29218
2.1633
2.25599
2.27147
2.16609
2.24812
2.18481
2.28463
2.18483
2.20395
2.20073
2.20308
2.24504
2.30109
2.18311
2.24839
2.22306
2.28936
2.21549
2.1904
2.27114
2.20708
2.26721
2.25394
2.25953
2.29155
2.3087
2.18268
2.26762
2.2722
2.28364
2.1519
2.25506
2.16034
2.17876
2.23513
2.28265
2.1936
2.24913
2.29333
2.23566
2.16784
2.21229
2.22186
2.27819
2.31569
2.22022
2.31482
2.15823
2.31496
2.23847
2.29929
2.1838
2.2297
2.25005
2.21993
2.1939
2.32548
2.30814
2.25234
2.28317
2.28546
2.30576
2.35022
2.22846
2.30904
2.12282
2.22685
2.30445
2.17821
2.21765
2.23753
2.32685
2.34063
2.22423
2.25517
2.26426
2.24891
2.15794
2.18065
2.23609
2.26445
2.28196
2.19068
2.17984
2.22266
2.24406
2.23069
2.28859
2.19247
2.26644
2.23489
2.20761
2.28458
2.22185
2.30167
2.22135
2.29004
2.31124
2.21606
2.27381
2.27784
2.18534
2.29414
2.23899
2.287
2.24682
2.2937
2.25239
2.33999
2.14618
2.25772
2.19831
2.29287
2.29557
2.24794
2.2474
2.24626
2.22204
2.30575
2.31155
2.2866
2.20712
2.29445
2.21476
2.21002
2.22465
2.17685
2.25358
2.22725
2.33445
2.35108
2.21285
2.21441
2.29673
2.23222
2.33418
2.19118
2.24875
2.26506
2.23918
2.24125
2.22847
2.19966
2.31027
2.26601
2.23053
2.2104
2.28628
2.26444
2.18301
2.2331
2.23858
2.27662
2.1956
2.30908
2.30571
2.20284
2.30414
2.36355
2.25478
2.26558
2.22122
2.26273
2.30787
2.23773
2.35967
2.24511
2.33626
2.22476
2.35375
2.19307
2.21727
2.22736
2.29712
2.2575
2.22359
2.34997
2.29631
2.20757
2.25543
2.33399
2.2903
2.23452
2.29514
2.32604
2.22554
2.24
2.30464
2.20003
2.24013
2.25938
2.31387
2.31198
2.34752
2.33657
2.35941
2.31613
2.25118
2.29221
2.23712
2.33582
2.30564
2.34776
2.37531
2.26072
2.29471
2.18233
2.2383
2.32558
2.3346
2.21556
2.23686
2.3285
2.21778
2.27578
2.37996
2.31255
2.23263
2.25512
2.18466
2.29881
2.34813
2.35683
2.31787
2.24545
2.26857
2.28822
2.35351
2.32569
2.20637
2.27083
2.23094
2.22521
2.31609
2.28017
2.30157
2.26074
2.36499
2.3682
2.35638
2.2493
2.27595
2.18436
2.28462
2.2841
2.27553
2.32642
2.42761
2.16263
2.22178
2.33685
2.24425
2.3369
2.19889
2.15234
2.35528
2.34111
2.19796
2.25046
2.33307
2.30516
2.34748
2.34332
2.25299
2.28113
2.32434
2.29464
2.37876
2.16649
2.28469
2.23251
2.26888
2.2978
2.23949
2.26374
2.3179
2.38771
2.43025
2.26237
2.20013
2.27442
2.30877
2.24756
2.26151
2.34119
2.30164
2.29269
2.3497
2.21336
2.36694
2.29823
2.40739
2.36805
2.27922
2.18868
2.27999
2.32354
2.3289
2.25943
2.30806
2.36219
2.27607
2.23632
2.28735
2.34352
2.30862
2.27178
2.33572
2.2325
2.37908
2.41344
2.34775
2.39954
2.37429
2.24141
2.28503
2.24799
2.32741
2.25528
2.34243
2.36403
2.4118
2.38789
2.20735
2.3059
2.29356
2.18747
2.21831
2.19783
2.39344
2.32259
2.3241
2.3509
2.32034
2.27067
2.31297
2.30539
2.23257
2.26949
2.24346
2.31681
2.29449
2.32699
2.30473
2.32146
2.23641
2.35006
2.29342
2.28917
2.39585
2.33139
2.32745
2.27621
2.31924
2.34652
2.35846
2.19358
2.27714
2.21
2.20844
2.33328
2.36535
2.2501
2.28623
2.32173
2.35744
2.19708
2.25358
2.22495
2.49517
2.32742
2.31874
2.36011
2.25719
2.35107
2.26225
2.3262
2.34244
2.33164
2.36616
2.32876
2.37431
2.35247
2.34823
2.27029
2.32067
2.22084
2.38255
2.29881
2.32872
2.43722
2.23132
2.24843
2.31212
2.30735
2.34967
2.28641
2.37343
2.38628
2.38693
2.31858
2.34033
2.28443
2.28973
2.37549
2.32058
2.25008
2.26331
2.35308
2.33045
2.34392
2.32596
2.28829
2.29502
2.21136
2.31416
2.35205
2.3831
2.45818
2.32542
2.28282
2.39951
2.50043
2.45852
2.29435
2.29792
2.35869
2.36854
2.34167
2.33726
2.37717
2.34643
2.36386
2.25806
2.28567
2.27302
2.27089
2.37391
2.33555
2.40961
2.34501
2.3314
2.44019
2.32413
2.26148
2.32065
2.22833
2.27411
2.31114
2.25169
2.44304
2.24929
2.35132
2.25859
2.30429
2.27229
2.27603
2.29704
2.33805
2.41563
2.40692
2.30815
2.31522
2.34921
2.45049
2.45007
2.26926
2.34842
2.3455
2.38997
2.24596
2.34251
2.42068
2.33502
2.32413
2.3896
2.3886
2.36506
2.2632
2.42884
2.37106
2.28202
2.33488
2.39189
2.31378
2.30409
2.54097
2.23345
2.44442
2.32014
2.42398
2.2591
2.42419
2.31078
2.26506
2.33955
2.25303
2.28977
2.34612
2.37689
2.42297
2.39814
2.24185
2.3945
2.46075
2.4345
2.26873
2.34251
2.30207
2.36495
2.36759
2.42925
2.4064
2.36069
2.25735
2.46901
2.40712
2.39629
2.27179
2.4059
2.41988
2.42554
2.2957
2.28491
2.26995
2.46616
2.37111
2.40748
2.37293
2.23904
2.40995
2.41097
2.43735
2.39636
2.28023
2.343
2.49549
2.35138
2.39328
2.43293
2.32654
2.31625
2.28032
2.42658
2.44234
2.25079
2.25988
2.36879
2.30728
2.3618
2.34081
2.39073
2.41338
2.34363
2.38945
2.29319
2.26813
2.28532
2.44679
2.39924
2.41511
2.34801
2.35591
2.26483
2.25288
2.37745
2.3811
2.31645
2.35557
2.29297
2.37366
2.39142
2.37564
2.31262
2.32317
2.3319
2.37184
2.38382
2.29559
2.45482
2.35045
2.34349
2.40571
2.22413
2.43294
2.36412
2.33434
2.29697
2.39145
2.3343
2.34267
2.48016
2.35742
2.22498
2.38829
2.33994
2.36269
2.42495
2.39146
2.4174
2.36606
2.30412
2.26422
2.43444
2.42623
2.50113
2.36507
2.29018
2.39531
2.46751
2.34526
2.3106
2.36371
2.306
2.36119
2.3485
2.37814
2.38281
2.39882
2.46332
2.38907
2.56157
2.33923
2.40734
2.3533
2.27832
2.34786
2.37251
2.47396
2.36214
2.40236
2.38797
2.42832
2.41028
2.31312
2.35767
2.37115
2.29843
2.33539
2.3481
2.41075
2.39504
2.35116
2.45673
2.42849
2.37288
2.34933
2.33932
2.32652
2.41083
2.27314
2.26487
2.31483
2.36474
2.35186
2.34037
2.29995
2.33189
2.35654
2.33407
2.44378
2.32377
2.26894
2.37265
2.34788
2.41601
2.35819
2.36497
2.3688
2.37159
2.4438
2.39682
2.32477
2.38697
2.32239
2.45349
2.31013
2.19197
2.31238
2.30061
2.43693
2.3432
2.35138
2.37848
2.40591
2.24593
2.42965
2.46386
2.39766
2.49889
2.36409
2.40683
2.34711
2.42726
2.47636
2.47451
2.38799
2.3198
2.40631
2.30663
2.42565
2.45487
2.39826
2.3606
2.4077
2.38865
2.29825
2.43328
2.42963
2.43186
2.40538
2.48165
2.38978
2.36578
2.39309
2.32731
2.42041
2.42808
2.42387
2.38204
2.41513
2.39601
2.40571
2.29033
2.32709
2.38005
2.43084
2.3775
2.39
2.5251
2.44511
2.36141
2.35552
2.41885
2.31405
2.36645
2.29308
2.39017
2.38727
2.37496
2.4589
2.45219
2.46477
2.37802
2.42269
2.36737
2.46461
2.40411
2.39472
2.33986
2.44856
2.31741
2.33684
2.49034
2.42825
2.35755
2.37216
2.43205
2.45784
2.49662
2.3939
2.4024
2.36163
2.41305
2.49967
2.37324
2.38694
2.37335
2.29364
2.31132
2.41651
2.39406
2.3851
2.37511
2.46473
2.34723
2.45727
2.37112
2.48601
2.49843
2.37708
2.47409
2.35461
2.38373
2.27272
2.42295
2.39821
2.38453
2.48116
2.34486
2.33632
2.48153
2.3505
2.4677
2.41645
2.45413
2.36572
2.2925
2.46472
2.36223
2.48723
2.37491
2.39964
2.39429
2.24354
2.33837
2.35482
2.37699
2.44075
2.48131
2.44543
2.30658
2.40598
2.3366
2.33153
2.33141
2.44026
2.48323
2.47656
2.25555
2.34831
2.27365
2.43018
2.42417
2.50255
2.39261
2.36102
2.38354
2.35464
2.46908
2.47324
2.37856
2.40593
2.45541
2.41235
2.51254
2.34004
2.35849
2.28452
2.41237
2.46192
2.43329
2.39111
2.37793
2.50782
2.318
2.43484
2.55857
2.51189
2.43146
2.37091
2.43724
2.40553
2.37176
2.44815
2.36629
2.3974
2.41986
2.48268
2.52296
2.38758
2.37468
2.37263
2.39717
2.50796
2.49941
2.37568
2.45054
2.46934
2.27294
2.41359
2.30235
2.39673
2.40012
2.46952
2.40678
2.509
2.60793
2.46204
2.39099
2.39399
2.46444
2.45564
2.52901
2.37889
2.44395
2.53414
2.48316
2.38717
2.37165
2.41844
2.47957
2.40565
2.42976
2.3641
2.33639
2.37924
2.44895
2.39847
2.31863
2.49548
2.38477
2.35805
2.28654
2.34869
2.49792
2.32848
2.39302
2.41333
2.52088
2.4394
2.42804
2.48547
2.31663
2.4542
2.36979
2.40847
2.44701
2.33102
2.39442
2.39006
2.33896
2.48049
2.54849
2.65169
2.39287
2.36316
2.41209
2.4518
2.47337
2.39913
2.37244
2.39914
2.42624
2.49953
2.41583
2.43746
2.41469
2.49026
2.43493
2.57248
2.3463
2.3445
2.26406
2.38004
2.39808
2.43019
2.45007
2.50399
2.50427
2.38168
2.38546
2.34774
2.41253
2.41358
2.45056
2.4769
2.35078
2.35782
2.35048
2.3755
2.39978
2.40013
2.33331
2.519
2.37612
2.28887
2.33431
2.3431
2.41808
2.46199
2.4353
2.40255
2.42286
2.38643
2.46714
2.388
2.52397
2.51084
2.5125
2.38426
2.33217
2.32597
2.38654
2.42958
2.34611
2.46157
2.40335
2.4169
2.43439
2.38113
2.39723
2.373
2.45528
2.4122
2.21246
2.40991
2.4055
2.26227
2.39783
2.36757
2.42341
2.43656
2.56193
2.3806
2.44896
2.49516
2.48392
2.47598
2.39076
2.42392
2.35781
2.3927
2.37307
2.41677
2.3456
2.4184
2.35291
2.40423
