9.48727
7.73669
6.59783
5.74223
5.43088
5.13245
4.67854
4.5135
4.36891
4.24749
3.99482
3.78358
3.57879
3.5373
3.64771
3.55823
3.43299
3.35782
3.28477
3.15525
3.14941
3.15568
3.27625
3.34256
3.05769
3.03603
3.11585
3.01657
2.90213
2.95514
2.98476
2.92726
2.90858
2.95787
2.94503
2.90046
2.92594
3.20237
3.02954
3.02104
3.05472
2.99058
3.02975
2.9853
2.96175
3.03588
3.04757
3.07762
2.9474
2.95797
2.91528
2.94975
3.10497
2.98431
2.95842
3.02524
3.06633
3.07202
3.01561
3.05054
2.96667
2.87529
2.90734
3.05351
2.97337
2.95907
3.01642
2.99202
3.0461
2.97679
2.95506
2.89526
2.92933
3.01749
2.98433
3.02262
2.94134
3.01052
3.09472
2.93969
2.99611
3.00298
3.00366
2.89085
2.93024
2.97201
2.988
3.12464
3.05223
3.00294
2.94134
3.00495
3.0178
3.16502
3.00563
2.96551
2.96989
2.93881
2.89934
2.90346
3.02202
2.87571
2.89429
3.0439
2.89951
2.88262
2.93299
3.02674
2.97154
2.9192
2.93557
2.88583
2.91967
2.91927
2.84679
2.92847
2.93687
2.88566
2.87597
2.9082
3.00113
3.02019
3.02663
3.01986
3.03515
2.92507
2.97487
2.98023
2.99173
2.93055
3.07195
2.9856
3.03583
2.95574
2.93828
2.96024
3.03552
2.93122
2.97918
2.91859
2.94863
3.02351
2.98228
3.01331
2.9274
2.90287
3.00279
2.92065
2.86715
2.93692
2.99037
3.0228
3.0932
2.95269
3.02974
3.05009
2.95485
2.89608
2.84875
2.93483
2.94251
3.03755
3.03346
3.05355
3.05924
2.98102
2.96489
3.05687
3.08785
3.05323
3.02421
3.04623
3.07565
3.05736
2.94024
2.98172
2.93948
2.99938
3.01596
3.10574
2.99917
3.01603
3.00514
2.96844
3.06806
3.12925
3.05115
3.04064
3.06021
3.09698
2.9694
3.02633
2.86256
2.9981
2.95793
3.04318
3.00371
3.0966
2.99075
2.99942
3.06726
3.05553
3.05112
2.96912
3.06276
2.98873
3.09718
3.05156
3.03552
3.11064
3.05562
3.09376
2.98511
2.99186
2.88439
3.00056
2.9238
3.04179
3.06727
3.16424
3.1191
3.05835
3.08607
3.09111
2.98912
3.09939
3.03163
2.91817
3.08394
3.03989
3.02173
3.06609
3.09303
3.04762
3.00453
3.04287
3.05511
3.0743
3.03903
3.0313
3.1182
3.18103
3.0401
2.98369
2.93363
2.91584
2.88782
3.09696
2.9293
3.18426
2.97302
3.03452
3.01806
3.05717
3.01144
3.01666
3.07209
3.02812
3.09396
2.95878
3.03256
3.08413
3.13861
3.06372
3.14457
3.07635
3.02141
3.05001
2.87287
2.97393
3.08598
3.15132
3.13937
3.09835
3.0467
2.9257
3.09704
3.07908
3.09312
3.20214
3.01258
3.13232
2.93436
3.05384
3.14173
3.0987
3.05355
3.06248
3.07111
3.10933
3.16901
3.11681
3.13145
3.13503
3.10217
3.15642
3.05717
3.0317
3.10006
3.08348
3.05633
3.0147
3.07853
3.06188
3.0325
2.97467
3.06445
3.09879
3.19276
3.08335
3.19612
3.09349
3.09235
3.09493
3.01451
3.07672
3.15498
3.05758
3.10866
3.16665
3.14139
3.04072
3.08706
3.11779
3.1256
3.18621
3.04289
3.13141
3.09871
3.17284
3.09867
3.0353
3.2009
3.1497
3.1396
3.10724
3.02383
3.13011
3.06903
3.17433
3.03046
3.11837
3.08561
3.02772
3.09717
3.1688
3.06328
3.09759
3.11632
3.22517
3.04522
3.23773
3.30062
3.15168
3.1474
3.10223
3.09209
3.18928
3.15891
3.18485
3.07521
3.20256
3.27199
3.19332
3.17118
3.23292
3.01063
3.12667
3.09988
3.04654
3.17004
3.18953
3.12554
3.21896
3.31797
3.21674
3.15414
3.15809
3.09899
3.14146
3.16317
3.16928
3.03631
3.08858
3.29033
3.05099
3.09058
3.24012
3.16124
3.25345
3.22674
3.22804
3.06045
3.05408
3.10097
3.0891
3.21346
3.24329
3.2685
3.11646
3.2056
3.14394
3.15318
3.20391
3.2022
3.08587
3.09214
3.02753
3.06865
3.08086
3.23543
3.17843
3.09709
3.13728
3.13999
3.16151
3.11732
3.22997
3.22971
3.25403
3.2179
3.16128
3.18641
3.18332
3.11193
3.15098
3.30186
3.20615
3.00896
3.22789
3.14081
3.18949
3.11741
3.18739
3.11992
3.08327
3.23329
3.1963
3.06786
3.10823
3.19993
3.05497
3.12402
3.19285
3.21653
3.1943
3.2068
3.20939
3.32806
3.19208
3.30896
3.27862
3.26145
3.24885
3.06591
3.21256
3.113
3.22056
3.23623
3.27202
3.331
3.36088
3.19381
3.18683
3.20447
3.19838
3.19988
3.20179
3.13181
3.18065
3.2241
3.24273
3.37157
3.33362
3.32725
3.20215
3.11739
3.20121
3.14456
3.1424
3.15595
3.07339
3.11601
3.18707
3.22774
3.1822
3.18953
3.16209
3.16902
3.13912
3.27188
3.30208
3.33341
3.25321
3.1847
3.29249
3.17553
3.1985
3.19612
3.2891
3.26073
3.23058
3.16845
3.25341
3.20297
3.15962
3.2298
3.2451
3.10745
3.08398
3.1325
3.24002
3.29689
3.20632
3.2366
3.24896
3.15154
3.14853
3.22415
3.32717
3.28615
3.25786
3.24682
3.26093
3.25151
3.14137
3.22775
3.27538
3.26964
3.24583
3.31584
3.31536
3.16997
3.10612
3.19029
3.10393
3.12366
3.18684
3.17652
3.14193
3.22715
3.33735
3.12897
3.17305
3.08842
3.14916
3.18951
3.16721
3.18422
3.15058
3.33927
3.22167
3.23366
3.17615
3.22943
3.24692
3.1893
3.19871
3.21582
3.17586
3.18358
3.16452
3.14792
3.15085
3.30258
3.33768
3.24347
3.28202
3.28424
3.28182
3.28604
3.27748
3.17566
3.29386
3.18141
3.17528
3.21322
3.28419
3.23484
3.28025
3.23043
3.21549
3.24179
3.22186
3.11609
3.10313
3.34273
3.30444
3.20144
3.27066
3.33449
3.2509
3.19112
3.21121
3.16052
3.08961
3.07627
3.20463
3.21052
3.22388
3.29038
3.21908
3.20023
3.28123
3.11792
3.30132
3.25004
3.18846
3.13364
3.17013
3.2264
3.43522
3.26688
3.29684
3.20748
3.19327
3.22747
3.25596
3.31398
3.31202
3.27977
3.31975
3.24774
3.24739
3.29082
3.27401
3.18975
3.24971
3.37878
3.24877
3.4509
3.25357
3.18202
3.22466
3.26796
3.33953
3.24107
3.17755
3.2418
3.38037
3.28264
3.28581
3.22041
3.24599
3.31315
3.2252
3.28297
3.31581
3.28459
3.31327
3.18844
3.2045
3.30257
3.19952
3.13092
3.27786
3.35146
3.14499
3.21139
3.22787
3.32374
3.29839
3.22524
3.36962
3.41386
3.34126
3.33177
3.23338
3.21414
3.22057
3.40211
3.27146
3.29871
3.23123
3.32945
3.23799
3.35996
3.33582
3.20942
3.28532
3.24008
3.25087
3.24758
3.32158
3.30654
3.36989
3.43716
3.25915
3.29731
3.19557
3.27284
3.29021
3.35746
3.19623
3.29147
3.24233
3.33894
3.19326
3.22589
3.30489
3.29929
3.35364
3.38321
3.2884
3.19489
3.25557
3.16567
3.28849
3.39833
3.26949
3.22063
3.282
3.23965
3.22168
3.40413
3.15039
3.23852
3.30627
3.30107
3.44206
3.19301
3.32383
3.37257
3.30022
3.29306
3.2135
3.26067
3.25674
3.27161
3.21821
3.16536
3.18873
3.36283
3.20154
3.25577
3.25453
3.21271
3.21282
3.25487
3.31025
3.26197
3.35284
3.23833
3.33255
3.27577
3.40062
3.25154
3.25308
3.35662
3.2957
3.2737
3.29677
3.37099
3.19512
3.38777
3.28128
3.22688
3.30805
3.33867
3.32225
3.32641
3.33835
3.09123
3.30178
3.23783
3.25073
3.27745
3.20189
3.19605
3.33419
3.33885
3.33084
3.24564
3.30751
3.25547
3.23004
3.32371
3.34237
3.43316
3.31472
3.23168
3.13298
3.16488
3.34176
3.2226
3.25427
3.1981
3.21083
3.28565
3.193
3.29207
3.36444
3.31701
3.32342
3.26236
3.31202
3.304
3.32757
3.20852
3.31576
3.32252
3.37448
3.29423
3.18853
3.35502
3.17707
3.41033
3.34551
3.29982
3.38117
3.38858
3.38267
3.19882
3.25174
3.2346
3.20951
3.28369
3.36925
3.3431
3.30342
3.4565
3.41443
3.33502
3.31751
3.28084
3.40266
3.19516
3.25196
3.28443
3.16097
3.36032
3.43013
3.32141
3.48397
3.31031
3.30706
3.43271
3.39833
3.2972
3.40699
3.22421
3.24732
3.21097
3.34579
3.34436
3.33993
3.18947
3.33826
3.28806
3.2688
3.17057
3.2904
3.20554
3.30586
3.18188
3.30405
3.29075
3.07183
3.36317
3.26116
3.32951
3.41025
3.23667
3.32419
3.32972
3.4257
3.3803
3.3398
3.38068
3.21901
3.31758
3.34827
3.2772
3.29329
3.36767
3.35251
3.3426
3.3391
3.37794
3.23026
3.20212
3.45771
3.42816
3.34787
3.38063
3.25277
3.39594
3.45653
3.35909
3.26893
3.37723
3.14498
3.36229
3.47841
3.45122
3.27253
3.14405
3.36436
3.41839
3.24317
3.2533
3.23194
3.37508
3.36408
3.27823
3.29749
3.27393
3.30157
3.15029
3.27838
3.31931
3.38243
3.41009
3.22735
3.37865
3.43739
3.39628
3.32407
3.27286
3.25419
3.30463
3.32536
3.41506
3.47424
3.25666
3.20438
3.38523
3.37799
3.32512
3.26596
3.32242
3.29831
3.24897
3.27991
3.36578
3.19894
3.30204
3.29824
3.27922
3.31891
3.40984
3.41965
3.37498
3.10112
3.2636
3.25647
3.18617
3.2882
3.41284
3.46538
3.29778
3.26054
3.16995
3.28159
3.26147
3.28701
3.39099
3.38702
3.33014
3.45816
3.30438
3.25432
3.29902
3.32347
3.34679
3.28543
3.44107
3.34157
3.29196
3.3519
3.43198
3.26712
3.23007
3.40454
3.45566
3.39702
3.42922
3.38636
3.29695
3.43142
3.41665
3.46059
3.28667
3.33935
3.25304
3.37499
3.50985
3.28786
3.19174
3.26988
3.43677
3.21374
3.32737
3.40111
3.32759
3.46163
3.33987
3.26795
3.44438
3.38146
3.36859
3.26461
3.32447
3.39387
3.36617
3.42184
3.38892
3.36521
3.28817
3.36969
3.40032
3.30029
3.44969
3.47837
3.43155
3.3425
3.22932
3.32325
3.32744
3.46748
3.34611
3.29651
3.26482
3.2826
3.34749
3.31102
3.3335
3.39957
3.44123
3.38109
3.48077
3.32565
3.35244
3.28109
3.21608
3.29701
3.27391
3.36425
3.24914
3.38427
3.42159
3.33858
3.41605
3.26979
3.32877
3.35691
3.3435
3.33695
3.31778
3.36358
3.40525
3.25014
3.17012
3.38429
3.424
3.19832
3.36212
3.30157
3.37361
3.32759
3.32307
3.40273
3.41778
3.256
3.36247
3.34159
3.45831
3.26593
3.30669
3.37433
3.20015
3.34939
3.22191
3.29865
3.25694
3.27546
3.3045
3.28285
3.3876
3.17339
3.29186
3.40471
3.25579
3.40641
3.30605
3.50728
3.34478
3.41117
3.39934
3.42419
3.29248
3.30805
3.40808
3.31812
3.34212
3.34096
3.38794
3.33447
3.29126
3.36625
3.2317
3.40723
3.47736
3.28519
3.26541
3.11759
3.50787
3.43248
3.37376
3.38115
3.39742
3.32386
3.46442
3.32792
3.41789
3.37567
3.30274
3.47684
3.42041
3.30367
3.21002
3.27449
3.40882
3.41693
3.32487
3.35262
3.2774
3.3792
3.4865
3.49129
3.46247
3.4315
3.4886
3.38101
3.33527
3.3016
3.25749
3.23124
3.25698
3.25477
3.27837
3.20918
3.34124
3.45083
3.29686
3.33423
3.30768
3.40146
3.28441
3.39838
3.36156
3.29103
3.38476
3.23184
3.26463
3.35814
3.27852
3.30866
3.48027
3.46095
3.43602
3.35725
3.38754
3.39074
3.25672
3.12587
3.45463
3.33497
3.33009
3.28202
3.35286
3.37932
3.30187
3.24171
3.39639
3.32962
3.27547
3.33965
3.36217
3.28382
3.39406
3.25853
3.49397
3.40341
3.35541
3.36492
3.35954
3.36306
3.38828
3.34738
3.36243
3.43592
3.40249
3.37982
3.49101
3.37172
3.40763
3.25639
3.32886
3.37858
3.38476
3.43428
3.13386
3.26665
3.43375
3.34521
3.43797
3.34721
3.36382
3.46251
3.2089
3.29843
3.35556
3.49876
3.4538
3.28359
3.36203
3.29647
3.39498
3.40136
3.3739
3.37094
3.28356
3.4279
3.3299
3.38124
3.42926
3.32588
3.22892
3.26571
3.47943
3.25832
3.34938
3.31166
3.40605
3.37037
3.56339
3.46818
3.45892
3.40931
3.37604
3.20104
3.32434
3.41135
3.40524
3.28855
3.39192
3.31387
3.40268
3.21704
3.4566
3.39434
3.48435
3.41963
3.20332
3.24665
3.30376
3.39465
3.34677
3.40341
3.28881
3.3298
3.51263
3.37681
3.3341
3.33803
3.35958
3.15011
3.45313
3.34584
3.53285
3.43277
3.27438
3.38115
3.45075
3.37545
3.43136
3.29757
3.31707
3.36904
3.39291
3.46942
3.43628
3.37906
3.31797
3.44939
3.23564
3.44749
3.36929
3.40762
3.29894
3.50065
3.4193
3.43741
3.32992
3.41699
3.3256
3.39926
3.43652
3.43595
3.31712
3.32714
3.51443
3.31257
3.249
3.4189
3.41321
3.37724
3.42644
3.44203
3.31108
3.36934
3.31279
3.3728
3.28822
3.3869
3.38781
3.43758
3.34033
3.30777
3.4196
3.3705
3.32863
3.3505
3.30483
3.46031
3.37884
3.38631
3.40855
3.50567
3.50013
3.41786
3.29582
3.48024
3.42117
3.4976
3.33371
3.26848
3.36732
3.37608
3.44267
3.40742
3.39609
3.34301
3.32387
3.30329
3.41427
3.40988
3.46212
3.37198
3.44744
3.50497
3.40244
3.34756
3.38753
3.5161
3.51929
3.46737
3.38644
3.53914
3.41232
3.39773
3.08878
3.33782
3.42401
3.32054
3.27618
3.34591
3.35836
3.15492
3.20611
3.35329
3.35327
3.41202
3.37142
3.40437
3.3994
3.41798
3.42711
3.45384
3.34197
3.33905
3.44234
3.38396
3.35008
3.37482
3.55711
3.35092
3.36997
3.47582
3.38486
3.42016
3.43475
3.29744
3.43482
3.38005
3.39346
3.37951
3.35487
3.32069
3.29084
3.24707
3.42217
3.21317
3.32645
3.33813
3.26897
3.29482
3.35891
3.19732
3.38348
3.37058
3.41318
3.47396
3.38326
3.2435
3.42861
3.35336
3.37942
3.35452
3.40404
3.34449
3.36815
3.43175
3.23694
3.4027
3.40956
3.40088
3.37602
3.29674
3.29032
3.33413
3.37264
3.47165
3.46266
3.26466
3.31844
3.47436
3.448
3.36092
3.44212
3.37256
3.41878
3.32396
3.28744
3.50092
3.44074
3.33834
3.15726
3.37991
3.42168
3.34513
3.15682
3.38256
3.4837
3.32521
3.32378
3.3952
3.44862
3.49231
3.48677
3.46518
3.22681
3.27212
3.51199
3.51535
3.25222
3.35393
3.49945
3.49884
3.47683
3.42084
3.38165
3.38296
3.47257
3.4492
3.49318
3.38648
3.25763
3.31817
3.3337
3.34104
3.30633
3.45631
3.36142
3.39282
3.29771
3.41013
3.31797
3.31728
3.45411
3.38347
3.38083
3.37189
3.39005
3.37902
3.33874
3.31671
3.29594
3.41751
