8.40323
6.39618
5.33366
4.53208
4.20392
3.84968
3.58588
3.33904
3.16637
3.04551
2.94132
2.9535
2.80686
2.7242
2.73504
2.60857
2.52419
2.52718
2.58529
2.47642
2.4767
2.22706
2.15679
2.05426
1.96288
2.08446
1.9779
1.99694
2.08258
1.9857
1.95478
1.90931
1.912
1.96549
1.92714
1.90325
1.97324
1.93093
1.94952
1.96051
2.02114
2.00686
1.92713
1.86323
1.86949
1.92297
1.88559
1.8838
1.93392
1.88098
1.89975
1.91385
2.04864
1.92391
1.89402
1.90387
1.93957
1.95192
1.95956
1.90452
1.95774
1.89477
1.97263
1.97613
1.97839
1.90633
1.9594
1.95841
1.85505
1.91557
1.8781
1.9387
1.88245
1.90134
1.92204
1.88132
1.88669
1.87616
1.92443
1.87509
1.95237
1.92583
1.88866
1.87272
1.91669
1.8507
1.95617
1.90145
1.90369
1.83936
1.88807
1.95668
1.86011
1.94556
1.89156
1.93852
1.91004
1.939
1.88147
1.88582
1.87261
1.91218
1.93083
1.91297
1.88936
1.95586
1.93248
1.90291
1.88725
1.94295
1.9004
1.89801
1.79333
1.91878
1.8905
1.9121
1.88049
1.93247
1.90684
2.01107
1.90655
1.95762
1.92307
1.93383
1.89526
1.90252
1.9495
1.89555
1.95645
1.93433
1.9038
1.96127
1.90496
1.84868
1.84993
1.83581
1.87945
1.9695
1.87477
1.87282
1.87062
1.78991
1.82566
1.91408
1.87413
1.84681
1.84011
1.89701
1.87208
1.85079
1.88024
1.86978
1.89517
1.86903
1.95068
1.81753
1.87341
1.83161
1.83905
1.88085
1.94161
1.85981
1.85724
1.86991
1.91948
1.83759
1.89121
1.87552
1.86892
1.85672
1.93324
1.85452
1.8204
1.83369
1.86304
1.88752
1.82048
1.87841
1.93465
1.90961
1.87371
1.86828
1.86464
1.86279
1.87233
1.92799
1.87854
1.83789
1.82472
1.92737
1.85116
1.85237
1.8864
1.91394
1.80786
1.8947
1.91471
1.91334
1.86232
1.92898
1.89402
1.80569
1.88837
1.88813
1.87969
1.81448
1.84171
1.87801
1.89076
1.88304
1.79993
1.84419
1.8849
1.84991
1.8768
1.91784
1.8033
1.86943
1.89849
1.86502
1.83655
1.88982
1.88359
1.80896
1.83407
1.76919
1.86115
1.86404
1.83372
1.88157
1.79687
1.87593
1.85938
1.87617
1.83578
1.82993
1.94555
1.91089
1.88564
1.86261
1.84484
1.86208
1.88965
1.8384
1.86325
1.89122
1.7975
1.8544
1.86908
1.86507
1.91082
1.84296
1.92066
1.78267
1.87707
1.83023
1.83077
1.86196
1.88484
1.85938
1.86267
1.91523
1.88955
1.85453
1.9394
1.8411
1.839
1.83083
1.83106
1.89385
1.89239
1.90164
1.90367
1.85405
1.96099
1.85453
1.875
1.91081
1.91434
1.88526
1.82351
1.84312
1.92241
1.90265
1.88738
1.98309
1.95666
1.88486
1.89202
1.97187
1.85776
1.90196
1.85623
1.89003
1.9462
1.85027
1.89256
1.82431
1.89309
1.92841
1.87174
1.86575
1.77503
1.78597
1.9307
1.88486
1.92896
1.89624
1.91077
1.8674
1.93044
1.89597
1.8713
1.91384
1.82072
1.86757
1.88955
1.9578
1.89891
1.89525
1.87515
1.87396
1.90498
1.87502
1.86804
1.8615
1.8126
2.00929
1.91671
1.91312
1.87369
1.90847
1.8817
1.86673
1.84839
1.80804
1.88645
1.90389
1.86969
1.94275
1.8682
1.95824
1.90328
1.86938
1.8684
1.81989
1.83875
1.79988
1.87939
1.85898
1.90081
1.86532
1.78156
1.85597
1.83292
1.892
1.84708
1.94546
1.88289
1.86916
1.86225
1.90191
1.88012
1.86595
1.92137
1.8597
1.84908
1.94096
1.92529
1.83381
1.91489
1.893
1.84692
1.92016
1.88206
1.88517
1.87768
1.90275
1.84939
1.90632
1.96115
1.91324
1.85494
1.91275
1.86611
1.90052
1.89864
1.8831
1.92815
1.86928
1.91837
1.95625
1.89912
1.83979
1.8948
1.8526
1.92854
1.95437
1.88065
1.86085
1.92949
1.89231
1.93743
1.83471
1.88736
1.8803
1.9004
1.86415
1.87541
1.91505
1.9793
1.84247
1.94322
1.90004
1.90305
1.88726
1.90843
1.90284
1.89343
1.88873
1.87928
1.85127
1.9087
1.9021
1.85329
1.88697
1.89514
1.90043
1.91784
1.94417
1.88301
1.8523
1.90659
1.89833
1.94011
1.92348
1.86265
1.94401
1.92226
1.93876
1.93672
1.93081
1.87333
1.87325
1.86929
1.84004
1.85841
1.90712
1.83935
1.88369
1.95857
1.86451
1.88226
1.87838
1.88993
1.92519
1.88899
1.90122
1.94421
1.93118
1.86481
1.8861
1.91251
1.96276
1.91044
1.96505
1.89673
1.90692
1.8502
1.86886
1.89395
1.89355
1.89781
1.95107
1.91086
1.86484
1.89081
1.86756
1.93389
1.84817
1.94544
1.86734
1.95042
1.91988
1.88727
1.9126
1.92189
1.93129
1.83376
1.89123
1.92986
1.92447
1.95462
1.94271
1.86314
1.89419
1.88123
1.9071
1.94308
1.87296
1.95936
1.86847
1.91363
1.9406
1.92157
1.96027
1.98123
1.86852
1.93778
1.98548
1.96267
1.83627
1.93387
1.80415
1.87797
1.90473
1.93273
1.84923
1.97845
1.95008
1.94308
1.90618
1.91351
1.9029
1.94975
1.96842
1.89695
1.97774
1.86784
2.00572
1.9766
1.96235
1.84931
1.91313
1.9509
1.90941
1.92705
1.93949
1.95795
1.9402
1.95359
1.91772
1.99693
1.96669
1.8985
1.96193
1.83993
1.92833
1.97928
1.90416
1.89364
1.9181
1.9482
2.0347
1.94937
1.95338
1.91369
1.92036
1.86331
1.87555
1.89724
1.95564
1.90334
1.85243
1.84481
1.88475
1.93771
1.94768
1.94785
1.90013
1.96282
1.93607
1.94162
1.97845
1.93084
1.95075
1.92392
1.93162
1.94994
1.91186
1.91452
1.95241
1.89903
1.99437
1.92433
1.93363
1.94341
1.92717
1.90326
1.97038
1.87232
1.9195
1.88703
1.98235
1.98247
1.87416
1.87362
1.90777
1.88571
1.98597
1.92173
1.92348
1.87484
1.94073
1.8906
1.89774
1.891
1.83324
1.92404
1.89241
1.96922
2.03544
1.88858
1.94457
1.94441
1.92488
1.95149
1.88757
1.91827
1.9278
1.90347
1.94303
1.87803
1.87032
1.92047
1.95746
1.90656
1.88027
1.9747
1.88323
1.8821
1.92657
1.89416
1.93763
1.87421
1.93869
1.97785
1.86314
1.93016
1.99727
1.95196
1.89175
1.92275
1.94413
1.96699
1.91643
1.96543
1.9325
2.01766
1.89451
1.97946
1.86468
1.84394
1.8892
1.88208
1.89649
1.92053
1.95349
1.90089
1.8406
1.90312
1.94631
1.88826
1.91445
1.91426
1.95327
1.87955
1.8993
1.96176
1.86474
1.91826
1.92912
1.91916
1.92101
1.95252
1.98385
2.01318
2.005
1.93858
1.88053
1.88537
1.95572
1.94792
1.9929
1.97103
1.9056
1.92554
1.84849
1.85314
1.98317
1.94264
1.88666
1.93218
1.96498
1.89287
1.9396
1.93137
1.93717
1.86294
1.91674
1.91315
1.94278
1.95001
1.99024
1.98315
1.93084
1.90877
1.91737
2.00312
1.95184
1.83084
1.95735
1.85643
1.94286
1.93415
1.95272
1.98334
1.97722
1.97738
1.99832
1.957
1.88466
1.91913
1.88716
1.96751
1.9458
1.93934
1.90962
2.0274
1.87538
1.93507
2.00696
1.93236
1.9578
1.83841
1.86547
1.9885
1.97742
1.91018
1.93696
1.92793
1.91324
1.96449
1.9642
1.93495
1.97418
1.97823
1.93155
2.00246
1.83074
1.92078
1.89253
1.90527
1.96181
1.88309
1.89789
1.9731
2.01613
2.01596
1.95175
1.90015
1.91548
1.94362
1.89279
1.92568
1.97548
1.9553
1.94241
1.99086
1.90387
2.0066
1.94665
1.97402
1.98564
1.92493
1.86566
1.95816
1.96075
1.93218
1.92383
1.96805
1.96064
1.95786
1.89032
1.92232
1.9531
1.95049
1.9635
1.96045
1.89735
2.02614
2.03598
1.95737
2.01832
2.01871
1.91672
1.90063
1.91001
1.95314
1.91172
1.97906
1.9624
2.02583
1.96174
1.84881
1.95659
1.88903
1.89505
1.92063
1.89449
2.02478
1.96068
1.95447
1.96191
1.92959
1.94355
1.94902
1.97529
1.92117
1.9426
1.88068
1.98406
1.96013
1.97466
2.00664
1.95909
1.90392
1.9772
1.95849
1.91512
2.07003
1.94902
1.96484
1.95556
1.98115
1.97423
1.92643
1.89536
1.92971
1.86035
1.89735
1.97473
2.02493
1.94937
1.94014
1.94164
1.96484
1.85973
1.95002
1.88532
2.06608
1.96779
1.94424
1.94705
1.90528
1.91024
1.90329
1.95671
2.02038
1.98135
1.98879
1.95652
1.97837
1.93759
1.99518
1.92497
1.96541
1.896
2.01251
1.91659
1.97554
2.05123
1.89157
1.9152
1.97231
1.95055
1.96192
1.93992
2.02823
2.03335
1.99645
1.94068
2.01195
1.96065
1.92059
2.00158
1.96829
1.90232
1.92421
2.01431
1.99957
1.9341
1.95016
1.90241
1.90017
1.9204
1.96604
1.97086
1.97639
2.02896
1.95736
1.90118
2.02377
2.07003
2.00629
2.00055
1.98575
1.975
1.95878
1.97946
1.97324
1.97946
1.9991
1.95244
1.86312
1.93661
1.89067
1.90969
2.01601
1.94299
2.00846
1.9553
2.00002
2.06424
1.91927
1.91796
1.89458
1.88833
1.937
1.95209
1.89812
2.01124
1.90046
2.0245
1.9619
1.94125
1.94138
1.95177
1.98714
1.9955
2.01502
1.98253
1.97193
2.00314
1.96629
2.06919
2.03442
1.93637
1.98426
1.97278
2.05851
1.93882
1.94056
1.99315
1.93132
1.97309
2.05037
2.03961
1.98729
1.94044
2.01584
1.9738
1.96263
2.00961
2.01826
1.97237
1.95952
2.10379
1.87763
2.02598
1.93735
2.02212
1.91657
2.05492
1.93584
1.95618
1.97077
1.93544
1.95376
1.96928
1.98029
2.01022
1.99197
1.89775
1.98879
2.03963
2.03657
1.91196
1.97898
1.94067
1.97738
2.003
2.08345
2.0597
1.97899
1.94621
2.04128
1.99697
1.97157
1.93721
2.03923
1.96188
1.95864
1.96042
1.92856
1.95368
2.00847
1.97336
2.04286
1.98752
1.88578
2.01532
2.00037
2.03609
2.03717
1.94377
2.00454
2.05416
1.94973
1.97549
1.9866
1.95015
1.91449
1.91497
1.99986
2.05139
1.91588
1.92916
1.96947
1.93347
2.00399
1.96347
1.99767
1.98715
1.97476
1.98285
1.93285
1.90794
1.94778
2.00791
1.9487
1.97798
1.97984
1.96809
1.91851
1.93266
1.9758
1.97637
1.93808
1.95717
1.91223
1.99479
2.01044
1.98038
1.97712
1.95473
1.98616
1.94504
2.00894
1.93496
2.0277
1.92773
1.92248
1.97383
1.92617
2.01671
1.98833
1.98057
1.92051
2.02386
1.95815
1.96079
2.03803
1.96455
1.90558
2.00554
1.99723
2.0098
1.99873
1.97759
1.98169
1.99827
1.94207
1.92221
2.06214
2.06179
2.02623
1.98303
1.94156
1.98329
2.0903
1.953
1.92475
1.95116
1.93325
2.00849
1.92827
2.02222
1.99399
2.0334
2.06027
1.95655
2.05916
1.96273
2.02178
1.92821
1.94856
1.9801
1.93872
2.02037
2.01154
1.96245
1.95768
1.982
1.98203
1.92748
1.99274
1.96161
1.98087
2.00746
1.94837
2.01559
1.97866
1.96349
2.06404
2.01551
1.98896
1.9824
1.96338
1.99301
2.05608
1.94041
1.97553
1.9967
2.01772
1.96071
1.9414
1.96085
1.94337
1.96356
1.93577
2.06672
1.93924
1.9275
1.95712
1.96152
1.96445
1.8809
1.93824
2.0149
1.9512
1.98054
1.98902
1.99876
1.94875
1.9414
2.03913
1.86953
1.87594
1.9408
1.92667
2.00055
1.98811
1.99361
1.95387
1.95173
1.91313
1.97506
2.01399
2.00476
2.08059
1.95681
2.01504
2.01868
2.0225
2.04777
2.05175
1.95385
1.95157
2.0426
1.94522
1.9943
2.02113
2.00989
1.9524
1.99352
1.96594
1.91358
2.02004
2.03562
2.00919
2.0156
2.03633
2.01085
1.98767
2.00451
1.9786
2.05972
2.03106
2.0241
2.01975
1.9919
2.01258
1.98304
1.92401
1.94521
1.9698
2.07468
2.02685
1.97734
2.06452
2.04776
1.96625
1.96514
2.07057
1.93781
2.01007
1.90239
2.00165
1.98616
2.00906
2.02866
2.03642
2.08071
2.07111
2.02586
2.00251
2.11399
2.04238
1.99178
2.01857
2.07606
1.91518
1.97917
2.04178
1.99949
1.96472
2.02184
2.04716
2.07866
2.06259
1.96496
2.01669
2.0231
2.03006
2.17002
2.01515
1.99587
2.02115
1.94913
1.93736
2.03905
2.05574
2.04873
2.05239
2.02884
1.95013
2.03973
2.02748
2.15982
2.07302
2.02857
2.00062
2.02774
2.01134
1.94044
2.09765
2.05897
2.04535
2.08997
2.00044
1.98531
2.09547
2.01923
2.11372
2.03912
2.01499
1.96733
1.94324
2.06899
2.04128
2.06561
2.03339
2.04649
1.98609
1.90173
1.98726
1.94842
2.01105
2.09366
2.04878
2.02942
1.96941
2.00973
1.96011
2.02587
1.98101
2.05922
2.10498
2.05511
1.90197
1.96552
1.96888
2.04519
2.04294
2.03946
2.02092
1.96693
2.02088
1.96168
2.07672
2.05422
1.99633
2.05197
2.1126
2.01479
2.10993
1.99395
2.01391
1.92234
2.00661
2.04884
2.03186
2.04659
2.01905
2.10829
1.96851
2.08186
2.07923
2.07022
2.07649
2.01904
2.11275
1.99785
2.00369
2.04254
1.98809
1.97586
2.03991
2.0648
2.05139
1.97143
1.94715
1.99716
1.99421
2.05174
2.0942
2.00237
2.05191
2.05429
1.92273
2.02333
1.96993
2.03343
2.06643
2.06124
2.00881
2.12937
2.11505
2.07363
2.00001
2.02449
2.04296
2.07895
2.13054
1.99382
2.01085
2.06187
2.09287
1.97439
1.98539
2.01698
2.02761
1.98058
2.04909
2.02277
1.97462
2.01495
2.05154
1.95281
1.97401
2.10545
1.99628
1.98779
1.88644
1.91708
2.03956
1.96908
2.05203
1.9636
2.10437
2.02352
2.04931
2.0456
1.95269
2.04508
1.94968
2.03454
2.02249
2.01824
1.999
2.03489
1.96734
2.10061
2.04189
2.17562
1.99592
1.98362
2.05104
2.10161
2.05241
2.02886
1.9588
2.02601
2.0489
2.11018
1.98044
2.06137
2.05191
2.06965
2.03205
2.0967
1.96093
1.96626
1.91495
1.99471
2.00543
2.02236
2.07332
2.06608
2.03149
2.02915
2.02765
1.99178
1.96877
1.96152
2.09116
2.11577
1.99425
1.98789
1.95003
2.01707
2.00057
2.01153
2.02438
2.12624
1.97724
1.92846
1.987
1.98461
2.08182
2.01466
2.04285
2.07915
2.06259
2.01137
2.08148
2.00428
2.08981
2.09047
2.09551
2.02356
1.94911
1.93247
2.04047
2.04428
1.97882
2.06532
1.99618
2.08406
2.05899
2.01721
2.02244
1.9799
2.03675
1.9838
1.90213
2.01702
2.04661
1.97938
2.01413
1.98953
2.03663
1.98182
2.10223
2.03672
2.02805
2.0617
2.08871
2.0541
1.97432
2.03756
1.89987
2.04749
2.04321
2.07176
1.9773
2.06091
2.00467
2.0146
