10.3358
9.04634
7.80321
7.09205
6.69954
6.43968
6.25383
6.06284
5.80895
5.57258
5.35821
5.21824
5.13537
5.15601
5.04676
5.00466
5.0199
4.9541
4.94621
4.87349
4.91281
4.75563
4.70245
4.61067
4.49965
4.58618
4.41754
4.47546
4.56324
4.5509
4.426
4.51885
4.32995
4.41246
4.33097
4.30107
4.47548
4.34711
4.4038
4.4167
4.33601
4.423
4.4046
4.3729
4.23612
4.30132
4.13557
4.04987
4.00659
4.00032
4.08595
4.13346
4.28011
4.26353
4.12641
4.16199
4.19759
4.1527
4.17478
4.26287
4.18111
4.19759
4.27254
4.1511
4.20064
4.22999
4.36309
4.18316
4.14138
4.18789
4.149
4.13832
4.03592
4.07259
4.12099
4.07116
4.07773
4.0868
4.26803
4.15789
4.17741
4.21223
4.13896
4.04693
4.24326
4.06577
4.22611
4.23365
4.07259
4.00971
4.11966
4.1365
4.17484
4.24099
4.17267
4.22293
4.12217
4.22665
4.22324
3.99568
4.08886
4.27461
4.21335
4.31988
4.33984
4.31727
4.29107
4.29132
4.19446
4.2712
4.21834
4.21586
4.03517
4.10055
4.16899
4.15465
4.09761
4.1992
4.14393
4.28539
4.14938
4.19688
4.28995
4.28212
4.12068
4.03901
4.11566
4.08294
4.23155
4.17684
4.33092
4.36327
4.27147
4.25171
4.31389
4.2007
4.34157
4.24775
4.18357
4.0862
4.37898
4.28469
4.25154
4.22235
4.3483
4.16508
4.12247
4.18302
4.29312
4.35015
4.25306
4.25417
4.31344
4.26151
4.2005
4.20531
4.37988
4.0877
4.1902
4.32562
4.54783
4.14149
4.3098
4.36037
4.47217
4.33486
4.37966
4.32865
4.34522
4.31851
4.24881
4.30815
4.19036
4.22715
4.27341
4.3702
4.26053
4.47499
4.49417
4.42783
4.39947
4.53764
4.38388
4.2695
4.34564
4.61002
4.42695
4.32298
4.34197
4.50853
4.32771
4.30191
4.44404
4.60804
4.2739
4.30777
4.47225
4.41948
4.36054
4.68041
4.55593
4.38147
4.43951
4.47964
4.53069
4.38484
4.43509
4.43113
4.32312
4.44163
4.31525
4.40965
4.44222
4.40124
4.49624
4.49345
4.34224
4.52901
4.60317
4.50958
4.41733
4.40439
4.35047
4.4162
4.51863
4.42465
4.55996
4.47421
4.46649
4.56138
4.38945
4.48696
4.42065
4.49322
4.57684
4.47084
4.55513
4.44996
4.49251
4.43676
4.37858
4.59288
4.45473
4.35718
4.4975
4.58462
4.40849
4.43343
4.45146
4.47404
4.55799
4.4887
4.48545
4.53801
4.62045
4.56174
4.51561
4.50453
4.51575
4.41795
4.5563
4.63874
4.61001
4.64353
4.64437
4.5458
4.47539
4.49876
4.4307
4.48831
4.64657
4.69641
4.48102
4.41548
4.62817
4.40219
4.55138
4.66356
4.5865
4.687
4.66861
4.54985
4.55237
4.51685
4.53304
4.40972
4.5338
4.51835
4.44905
4.77074
4.51123
4.6
4.48661
4.4916
4.56617
4.59332
4.45124
4.52563
4.687
4.74033
4.46128
4.53425
4.52542
4.40324
4.63278
4.6816
4.70387
4.51607
4.64576
4.7528
4.65806
4.64317
4.65622
4.70544
4.51671
4.59232
4.55227
4.56914
4.54999
4.56998
4.72569
4.73498
4.68101
4.58813
4.5969
4.62293
4.61238
4.84229
4.56057
4.50405
4.55529
4.49975
4.72112
4.64112
4.56984
4.50118
4.54583
4.45125
4.61397
4.73113
4.68878
4.71161
4.65573
4.60839
4.52456
4.45673
4.56567
4.53155
4.60711
4.8206
4.65926
4.55952
4.43459
4.57883
4.62534
4.68929
4.52706
4.79808
4.66593
4.54584
4.57805
4.61362
4.76099
4.7168
4.66253
4.74408
4.76006
4.69954
4.59549
4.55534
4.5923
4.61041
4.63143
4.85885
4.75867
4.75798
4.67638
4.74071
4.65315
4.72585
4.67774
4.69252
4.60736
4.75598
4.48568
4.60906
4.66286
4.70026
4.66179
4.64441
4.71841
4.72805
4.86309
4.63734
4.62371
4.48403
4.74114
4.91609
4.85698
4.59586
4.61926
4.6924
4.58033
4.45208
4.70853
4.63067
4.67129
4.66247
4.54797
4.67785
4.78381
4.58086
4.77924
4.78088
4.81914
4.78022
4.73912
4.70155
4.71705
4.64903
4.59937
4.52028
4.63673
4.67925
4.77498
4.77513
4.76672
4.77218
4.74399
4.76669
4.78144
4.77725
4.76365
4.70501
4.73859
4.80537
4.68683
4.66664
4.52649
4.79712
4.67396
4.7654
4.49473
4.80273
4.80598
4.63047
4.61504
4.82628
4.65205
4.76615
4.854
4.83918
4.73284
4.64608
4.66761
4.77747
4.59324
4.5248
4.82242
4.80526
4.72509
4.74713
4.78064
4.76047
4.89922
4.75308
4.60203
4.67582
4.64815
4.71624
4.67892
4.76788
4.85617
4.96171
4.74182
4.59921
4.73759
4.68079
4.72277
4.66429
4.85094
4.74258
4.77672
4.80521
4.68187
4.81118
4.75788
4.87563
4.82404
4.86603
4.87123
4.7181
4.84839
4.94386
4.70646
4.90243
4.76318
4.87229
4.78787
4.77775
4.77218
4.88948
4.82697
4.84081
4.78324
4.7366
4.93043
4.84848
4.86802
4.73729
4.68085
4.84385
4.9593
4.87999
4.75896
4.86433
4.91504
4.68042
4.79327
4.91009
4.76655
4.63574
4.81576
4.88397
4.96451
4.92491
4.81796
4.87318
4.62511
4.88704
4.86411
4.99737
4.93759
4.84824
4.82449
5.01765
4.88672
4.91337
5.00704
5.03343
4.88284
4.89554
4.94987
4.94872
4.93365
4.92847
4.71937
5.00693
5.05342
4.79481
4.72185
4.93399
4.77137
4.88691
4.82867
4.8361
4.85411
4.7038
4.56229
4.59743
4.7214
4.80797
4.91222
4.85062
4.85409
4.74957
4.58787
4.73156
4.79438
4.77948
4.87507
4.86681
4.81757
4.75826
4.82029
4.80321
4.74743
4.97044
4.9499
4.76764
4.79025
4.72694
4.78439
5.02214
4.86898
4.76464
4.83961
4.91583
4.74135
5.04377
4.70068
4.77883
4.80827
4.8596
4.88132
4.79127
4.85846
4.84422
4.71558
4.7706
4.81203
4.8216
4.76669
4.89688
4.80417
4.82923
4.73468
4.75801
4.76717
4.7479
4.91966
5.01079
4.71516
4.84408
4.81996
4.83676
4.96957
4.79554
4.77432
4.82795
4.91525
4.86227
4.76178
4.91359
4.75731
4.76358
4.74791
4.63568
4.75706
4.73425
4.82437
4.8022
4.81253
4.89448
4.70681
4.71237
4.65333
4.7972
4.80234
4.95433
4.86569
4.83544
4.74789
4.83886
4.67986
4.73518
4.76114
4.72459
4.79053
4.79801
4.9165
4.75612
4.69553
4.62222
4.72728
4.7986
4.61699
5.00076
4.79085
4.76974
4.79489
4.81383
4.97279
4.60967
4.7906
4.7808
4.7552
4.72502
4.87279
4.80379
4.79698
4.92458
4.83124
4.85284
4.94336
4.88468
5.00833
4.9026
4.75447
4.80402
4.76056
4.77458
4.98369
4.90614
5.00925
4.77395
4.98602
4.7296
4.86535
4.78438
4.92826
4.89367
4.83075
4.92463
4.81068
4.86358
5.01731
5.08672
4.931
4.713
4.63753
4.86645
4.91456
5.03167
4.98933
4.92209
4.94212
5.14942
5.05338
5.01068
4.84324
4.74945
4.89931
4.84467
4.93807
4.98406
4.9602
4.96038
4.92185
4.95451
5.02262
4.86611
4.88368
4.90737
5.00952
4.95796
4.88284
5.0621
4.93776
4.79035
4.90664
5.0999
5.11899
4.91783
4.89374
4.88312
4.98413
4.98063
4.85272
4.88667
4.85241
5.03284
5.00023
4.90814
4.88207
4.94949
4.94691
4.81197
4.97349
4.79514
4.89719
4.83925
5.02503
4.67703
4.72067
4.82617
5.04619
4.9582
4.98587
4.97267
4.87735
4.75884
4.88918
4.86929
4.74424
4.86759
4.82814
4.88497
4.90815
4.90451
5.02389
4.95456
5.06857
4.95853
4.89182
4.81724
4.79526
4.97978
4.96571
4.78264
4.93572
5.01093
4.88889
4.78505
4.78002
5.02643
4.87519
5.01387
4.9522
4.89122
4.98293
4.91259
5.11049
4.96753
4.80888
4.79718
4.89949
4.8223
5.05446
4.92054
5.02547
4.99436
5.07946
4.88631
4.67181
4.94044
4.92664
4.87187
4.88437
4.67135
5.0287
4.85948
4.96309
5.0121
4.96674
4.88473
4.91528
4.83494
4.93802
4.79272
4.80792
4.96404
4.94031
4.84653
4.74315
4.83914
4.79168
4.89867
4.94867
4.77842
5.0694
4.95235
4.86461
4.84659
4.99672
4.93691
4.94936
4.83539
4.91691
4.87693
4.84284
4.93192
4.98462
4.92254
4.80607
5.03575
5.1415
4.7534
4.92016
4.83966
5.07847
4.93077
4.86442
5.04721
4.89864
4.90871
4.86173
4.94145
4.98196
4.9435
4.94365
4.8149
5.06141
4.95136
4.98053
5.03976
5.01367
5.01496
5.04903
4.88219
4.99503
5.10664
5.05743
5.06229
5.04717
4.90312
4.89189
4.90002
4.92724
4.96479
5.16248
5.03001
5.04696
4.77688
4.82853
5.04173
5.04738
4.89701
5.0011
5.07357
5.05704
5.03556
4.88935
4.74799
4.8846
4.93541
4.99651
4.95758
4.97319
5.03163
5.03015
5.0678
5.1566
5.21525
4.99349
4.87428
4.82467
4.88318
4.89193
5.02686
4.94169
4.9041
4.95263
5.01385
4.88489
4.95933
4.96976
4.85966
4.98506
4.91197
5.20103
5.14523
5.06671
5.04179
4.93501
4.97959
4.79808
4.90963
4.9254
4.85343
4.92703
5.12038
4.97897
5.07562
5.01602
4.87037
4.78766
4.8015
4.66431
4.79968
4.98889
4.95677
4.87512
4.99349
5.05647
5.22366
5.08684
4.77653
5.02312
4.94382
5.05787
4.86244
4.92467
4.99678
4.78906
4.88955
5.01604
4.8152
4.91145
4.92397
4.94775
4.98432
4.90915
4.83665
4.98159
4.77182
4.935
5.07626
4.70884
4.96994
4.86301
5.02214
4.82265
4.94346
4.75852
4.7641
4.84577
4.90674
4.9412
4.69002
4.92838
4.84182
4.86623
4.78074
4.93074
4.98067
4.98882
4.84416
5.03163
4.79681
4.77362
4.89027
4.66302
4.85231
4.94026
4.78207
5.10916
4.93205
5.04915
4.91326
5.15134
5.1322
5.09686
4.95331
4.92499
4.84734
5.10228
5.04338
5.15141
5.08011
4.70102
5.07414
5.04807
5.03087
5.02063
4.94072
4.81982
5.16823
5.06828
5.11544
5.03894
5.05856
5.01996
4.96778
4.99402
5.06794
4.86636
4.78607
5.04895
5.05218
4.91125
5.05995
5.01359
5.19695
4.94055
5.03124
4.79514
4.81916
4.73213
5.00691
5.02459
5.21227
5.02511
4.92562
4.89659
4.78045
5.08027
4.98743
4.933
4.8528
4.82283
4.9194
4.9535
5.01749
4.96157
4.9513
4.96132
4.9702
4.91646
4.8928
4.94757
5.03115
4.94277
5.12469
4.83034
4.95405
4.92477
4.92632
4.94975
5.02086
4.90903
4.85561
4.9043
4.98366
4.69449
4.96009
4.99379
5.13599
4.94565
5.04048
5.00578
4.95688
4.87651
4.78964
5.17875
5.11335
5.09161
5.00883
4.80437
5.05693
5.14189
4.924
4.78441
5.03117
5.00119
5.07825
4.88948
4.99101
4.90395
4.89432
5.13909
5.06956
5.21559
5.00788
4.90115
5.05047
5.00962
5.01033
5.07823
5.0829
5.00155
5.1141
4.98014
4.98204
4.95061
4.87076
4.96618
5.11932
4.95884
4.92914
4.94485
5.11005
4.9965
5.05862
4.99043
5.05249
4.97021
5.09328
4.99681
4.88586
5.10713
4.86733
4.80893
4.90439
4.96277
4.91402
4.86126
4.9433
4.83699
4.9457
4.99677
5.00558
4.89072
4.76109
5.04047
5.06129
4.8801
4.93421
4.88698
4.8943
5.04279
5.05054
5.04011
5.00667
5.00958
4.88165
5.1453
4.98178
4.81984
4.88314
5.04515
5.15475
4.92427
4.89403
4.94894
5.11695
4.91637
4.9763
5.11673
4.8971
5.02173
4.89276
4.91781
4.89595
5.01574
5.13013
5.10309
5.11107
4.99401
5.04886
5.01814
5.06629
5.07795
5.08036
4.9697
4.9539
4.93726
4.93275
5.01624
5.11079
5.19534
4.93743
5.03489
4.94062
4.99199
4.83651
4.83554
4.96713
5.05752
4.99905
5.05364
4.91227
4.84931
4.88933
4.85532
4.93147
4.94561
4.96901
5.0654
5.10709
5.16697
5.17575
5.15504
4.93866
5.08575
5.02106
4.79383
4.91036
4.88634
5.03427
5.08528
5.0929
5.00544
5.04768
5.14164
5.25282
5.04306
5.06284
5.05721
5.04138
4.78476
4.96142
5.02568
5.19526
5.11894
5.12092
4.99026
5.04494
5.11063
5.0571
5.11519
5.05776
4.99976
4.90439
5.02481
5.22675
4.96469
4.89685
4.86933
4.92222
4.88939
5.02355
5.08282
5.04136
5.02906
5.04479
5.1382
5.19108
4.95154
4.87695
5.06088
4.92695
5.18357
5.03073
5.05217
4.80572
4.97112
4.91742
5.07503
5.0604
4.90263
5.16464
5.22307
5.06477
5.02384
4.96493
5.13066
5.03422
5.11421
5.07848
4.96272
4.91371
4.91825
5.08405
5.0186
4.92151
4.8369
4.949
5.15653
5.11852
5.18039
5.03309
5.02942
5.00696
4.94403
5.12574
4.95315
5.0393
4.99358
5.1324
4.80285
4.9023
4.93295
5.02697
5.04168
5.2945
4.9295
5.06358
5.07502
4.96665
5.02658
5.12097
5.09668
5.10419
4.98396
4.88987
5.04235
5.16347
5.15261
5.05283
5.15287
5.14066
5.11402
4.91781
4.9799
5.09871
4.86559
4.88075
5.16523
5.13515
5.0854
4.97323
5.1481
4.93021
5.02686
5.11917
5.13354
5.061
4.95307
5.12927
5.13983
5.01759
4.89863
4.87614
4.94324
5.071
5.14605
4.92064
4.87278
5.15723
4.82287
4.93461
4.91499
5.02016
4.99254
5.12168
5.05832
5.22749
5.26765
5.14306
5.02731
5.02078
4.9609
5.01692
5.19291
5.05147
4.94089
5.01306
5.13603
4.98027
4.95385
5.07043
5.10419
5.01618
5.00445
5.03588
4.87253
4.91891
5.12805
4.96338
4.88921
4.95592
4.91593
4.83494
4.87684
4.82589
5.07789
4.93884
4.92187
4.91416
5.09133
5.04983
4.98174
4.93932
4.82792
5.0813
4.90436
4.97279
4.92727
4.95925
4.94354
4.87398
4.87474
5.00367
4.99703
5.18148
5.05636
5.00914
4.98139
5.02668
5.18668
5.08187
4.97901
5.06893
4.91187
5.03853
5.07195
5.01145
5.10941
4.90436
5.03759
5.16513
4.77105
4.89449
4.9186
5.03122
4.8348
5.17557
5.08694
5.16169
5.01861
4.9111
4.87969
4.9906
5.07069
5.00048
5.01476
5.01737
4.94395
4.94356
4.78864
4.84559
4.92989
5.12476
4.92056
5.10457
4.94559
4.93859
4.96453
4.95856
5.17494
4.9735
5.05155
4.92358
5.10509
4.95289
5.14926
5.10807
5.12257
5.09753
5.28055
4.95262
4.94193
4.87849
4.89464
4.99963
4.92965
5.1819
5.05773
4.94004
5.15648
5.19756
5.00758
4.99353
5.20094
5.30613
5.05439
5.12363
5.21996
4.98255
5.20837
5.04383
5.1436
4.91783
5.1373
5.08014
5.10326
5.11771
5.20754
5.13479
5.01345
5.11287
5.16326
5.05492
5.02159
4.98588
5.08408
5.09431
5.17995
4.98
