9.34436
7.4875
6.25253
5.43373
4.92063
4.51021
4.23898
4.00169
3.87625
3.81673
3.76589
3.59708
3.64711
3.59463
3.51869
3.42517
3.30845
3.24855
3.28792
3.1482
3.10068
3.044
2.99849
3.00587
2.85884
2.85533
2.84756
2.70712
2.77731
2.8001
2.72745
2.66104
2.68876
2.67764
2.68814
2.70926
2.72327
2.77637
2.74386
2.82243
2.84411
2.79144
2.83141
2.72884
2.85394
2.7818
2.77001
2.79507
2.64784
2.71255
2.80053
2.88815
2.93057
2.86843
2.85815
2.75327
2.82946
2.76043
2.85135
2.79203
2.86614
2.80616
2.81948
2.74941
2.72648
2.82867
2.67048
2.64931
2.70361
2.74991
2.7699
2.72772
2.7259
2.72329
2.80026
2.7101
2.82806
2.84065
2.79076
2.85655
2.73577
2.82617
2.704
2.75501
2.89155
2.78701
2.76941
2.79247
2.73689
2.77041
2.7967
2.85967
2.77633
2.81886
2.8265
2.80646
2.82568
2.75712
2.83435
2.72915
2.73207
2.84665
2.9258
2.89375
2.8233
2.8739
2.81906
2.7664
2.82462
2.81383
2.87118
2.7759
2.84655
2.91073
2.80363
2.82149
2.90795
2.8438
2.92241
2.89832
2.78951
2.9015
2.91305
2.93062
2.79316
2.76218
2.79922
2.77279
2.76397
2.83982
2.96392
2.80675
2.86795
2.77185
2.88179
2.95443
2.79545
2.89904
2.79077
2.98081
2.85688
2.98461
2.88639
2.80347
2.95192
2.9243
2.76345
2.89241
2.93091
2.75122
2.93081
2.87238
2.8951
2.95241
2.95711
2.93704
2.90217
2.78892
2.82062
2.9883
2.94389
2.93082
2.8947
2.91677
2.85875
2.98406
2.98805
2.91602
2.91981
2.99825
2.79638
2.89732
2.92573
2.92049
2.92624
2.86075
2.87786
3.0505
3.00394
2.90922
2.96993
2.87313
2.9557
3.0003
3.12479
3.00068
2.8947
3.00111
2.9396
3.02361
2.9392
2.91114
3.01646
2.91052
3.00968
3.00754
2.907
2.90243
2.98336
3.0138
2.96219
2.99198
3.0108
2.841
2.96579
3.09287
2.92534
3.03263
2.97648
2.93176
3.09224
2.9264
2.97137
2.84355
2.86508
2.92381
2.85699
2.91003
2.92716
2.96258
2.98002
2.95606
2.89058
2.96561
2.98257
3.04082
2.98399
2.9788
3.06782
2.96908
2.95863
2.91455
3.01438
3.05067
3.0283
3.03631
3.06257
2.9963
2.95403
2.98145
3.05857
3.13782
3.0421
2.9997
2.94835
3.05712
2.98885
2.97422
3.01721
2.97967
3.05675
3.0146
2.98238
2.9798
2.92875
2.90196
2.94269
2.98877
2.95954
2.97198
2.95369
3.06595
3.11055
2.99858
2.98681
2.99086
3.03947
3.0002
3.0763
3.16729
2.99554
3.15235
2.98952
2.87965
3.091
3.03321
3.0326
3.07309
3.02053
3.0337
3.00725
3.03403
2.96227
3.00107
2.96801
2.98192
3.12238
3.0665
2.93903
3.1715
3.00207
3.05186
3.00611
2.956
3.06296
3.20581
2.98701
2.99647
3.08484
3.0503
3.04527
3.04402
3.01535
3.1037
2.99434
3.05676
2.98034
3.10121
3.00417
3.00487
3.10388
3.03542
3.00577
3.00006
3.03084
3.1933
3.15052
3.14653
3.08654
3.02772
3.11254
2.922
3.0505
2.99923
3.12528
2.93063
3.00501
3.10399
3.12703
3.09629
2.98022
2.95499
2.95468
3.14968
3.2705
3.23831
3.25811
3.13912
3.2328
3.02459
3.08058
3.01026
2.88543
3.1427
3.13081
3.17081
3.23481
3.01995
3.08722
3.09305
3.13154
3.07099
3.12365
3.17832
3.05519
3.06739
3.0055
3.14822
3.08973
3.07724
3.05226
3.14322
3.04333
3.21006
3.16142
3.10906
2.91882
3.04913
3.13918
3.02689
3.06541
3.21564
3.20499
3.10761
3.19026
3.20743
3.08615
3.0028
3.05243
3.19025
3.16714
3.13847
3.05562
3.20102
3.2428
3.12159
3.16423
2.96335
3.17032
3.21511
3.08802
3.18232
2.98382
3.09813
3.09874
3.277
3.17799
3.11537
3.15595
3.12073
3.05413
3.17505
3.08146
3.03285
2.93577
3.01021
2.93684
3.01979
3.0106
3.21377
3.12943
3.27025
3.11352
3.20569
3.2022
3.2268
3.11822
3.0726
3.23878
3.19269
3.0832
3.18325
3.02127
3.17588
3.28858
3.07296
3.12949
3.18233
3.08753
3.10716
3.19977
3.07139
3.27925
3.20217
3.081
3.10749
3.19641
3.05912
3.147
3.06398
3.02373
3.00608
3.19156
3.04647
3.05902
3.1857
3.19591
3.25658
3.22068
3.29428
3.1525
3.16118
3.23525
3.12292
3.14955
3.22985
3.10557
3.09132
3.11472
3.17923
3.21724
3.1681
3.16345
3.23372
3.19332
3.14921
3.21073
3.30551
3.1113
3.31445
3.27207
3.19783
3.22239
3.157
3.17002
3.19577
3.25397
3.16136
3.27034
3.23193
3.20303
3.25385
3.20862
3.29758
3.32444
3.279
3.36193
3.09183
3.2387
3.24417
3.33822
3.24468
3.33409
3.30885
3.32072
3.20908
3.28532
3.19071
3.15501
3.26043
3.17319
3.19769
3.36578
3.16134
3.19152
3.32454
3.38365
3.31129
3.26835
3.34778
3.07579
3.19292
3.21502
3.28291
3.30253
3.27286
3.30504
3.25089
3.24126
3.27282
3.15926
3.30472
3.2491
3.33021
3.26368
3.2062
3.24993
3.13275
3.27246
3.24882
3.17229
3.2572
3.245
3.29411
3.2294
3.28144
3.37672
3.39595
3.32763
3.3025
3.1497
3.18234
3.08956
3.21377
3.27508
3.21396
3.22334
3.16075
3.18338
3.28431
3.09128
3.30858
3.1841
3.17499
3.17743
3.07968
3.25419
3.18272
3.35002
3.17781
3.31013
3.31972
3.04028
3.14444
3.17439
3.32245
3.29714
3.08738
3.24892
3.25028
3.21238
3.14019
3.26239
3.24659
3.13076
3.17952
3.12659
3.3934
3.28369
3.23666
3.26813
3.22758
3.1096
3.19577
3.24304
3.22925
3.27395
3.18916
3.22157
3.16921
3.18744
3.21146
3.23792
3.07324
3.17704
3.19641
3.20767
3.29243
3.10946
3.38548
3.24769
3.06567
3.12184
3.32821
3.18579
3.06431
3.15594
3.2853
3.2797
3.29113
3.22112
3.22947
3.24887
3.26813
3.18287
3.22157
3.1826
3.23148
3.28084
3.18641
3.19911
3.30498
3.14711
3.14264
3.25642
3.12996
3.20314
3.11365
3.29251
3.17622
3.22746
3.20702
3.09974
3.28474
3.3203
3.26413
3.26826
3.30342
3.34247
3.19405
3.36193
3.33582
3.27573
3.34141
3.37093
3.17893
3.40967
3.30286
3.25021
3.31817
3.31669
3.36039
3.38729
3.207
3.3562
3.22068
3.24472
3.20443
3.0668
3.14135
3.2723
3.28906
3.29413
3.29305
3.20043
3.3265
3.26532
3.25544
3.27812
3.18453
3.17755
3.11162
3.16854
3.1991
3.17836
3.20447
3.18235
3.29733
3.31551
3.32004
3.19228
3.35625
3.20465
3.18931
3.17781
3.27827
3.34194
3.24455
3.25644
3.31834
3.24558
3.2561
3.23674
3.28052
3.25178
3.20168
3.31969
3.26719
3.31533
3.33752
3.30304
3.23888
3.31931
3.35996
3.17193
3.2244
3.19113
3.26968
3.12245
3.21979
3.28374
3.27544
3.20734
3.22582
3.2892
3.1882
3.19697
3.11056
3.2308
3.10052
3.20089
3.43359
3.33432
3.32096
3.2474
3.13432
3.31798
3.23582
3.12372
3.18738
3.26519
3.30695
3.33413
3.26149
3.36699
3.26207
3.14307
3.36537
3.27881
3.29318
3.3441
3.16993
3.42146
3.36667
3.16973
3.20926
3.32319
3.39486
3.17555
3.32061
3.41201
3.27252
3.28348
3.36959
3.19713
3.32017
3.15012
3.17992
3.3888
3.36779
3.3055
3.42024
3.42179
3.3071
3.37227
3.25741
3.34527
3.2997
3.21603
3.28805
3.24174
3.30455
3.14893
3.35566
3.27634
3.29729
3.15703
3.36449
3.27971
3.2838
3.20537
3.38847
3.2374
3.35711
3.38596
3.38126
3.16958
3.29087
3.18966
3.33446
3.35941
3.21153
3.25559
3.34362
3.22852
3.19839
3.36865
3.5457
3.33928
3.26884
3.28839
3.34332
3.26871
3.36288
3.29743
3.40084
3.25384
3.35131
3.257
3.3798
3.29354
3.10993
3.27086
3.29638
3.31137
3.41564
3.33621
3.36788
3.33449
3.31054
3.19269
3.28556
3.19761
3.11302
3.34456
3.35938
3.38529
3.47496
3.39543
3.43977
3.24459
3.17399
3.25332
3.15902
3.25717
3.32008
3.39256
3.35933
3.41551
3.4441
3.24643
3.3286
3.32547
3.17524
3.48749
3.29869
3.37648
3.39657
3.32045
3.17098
3.24083
3.2944
3.19124
3.32676
3.32427
3.32082
3.20415
3.33663
3.19708
3.27559
3.19722
3.47071
3.40672
3.34775
3.20396
3.25722
3.11677
3.27714
3.23805
3.28031
3.1766
3.25814
3.32142
3.3459
3.32984
3.22379
3.21305
3.4859
3.34628
3.3805
3.25577
3.27786
3.2561
3.28921
3.28796
3.33299
3.37698
3.29912
3.17637
3.41138
3.36739
3.35353
3.49095
3.32776
3.30927
3.32263
3.37947
3.4471
3.34292
3.22019
3.24036
3.29329
3.2934
3.34204
3.35433
3.41913
3.28845
3.28296
3.33972
3.14445
3.31928
3.26898
3.32429
3.24192
3.38277
3.33989
3.27628
3.30333
3.31464
3.32092
3.48136
3.47035
3.1737
3.31214
3.30408
3.36959
3.28096
3.33408
3.32671
3.29212
3.29321
3.32221
3.2584
3.27241
3.31638
3.3149
3.35006
3.24274
3.13623
3.15902
3.27145
3.26917
3.3776
3.38464
3.32581
3.44056
3.34114
3.2351
3.26923
3.20504
3.31228
3.22525
3.26137
3.36101
3.3536
3.3321
3.50345
3.23877
3.15549
3.41976
3.33942
3.19791
3.17885
3.27632
3.43693
3.28325
3.36681
3.13126
3.39309
3.33812
3.20445
3.29251
3.44048
3.32221
3.29897
3.4122
3.37029
3.39172
3.29158
3.44549
3.34354
3.41697
3.25346
3.55726
3.28336
3.34474
3.53429
3.38286
3.29872
3.3326
3.23845
3.28082
3.25636
3.46923
3.25166
3.31182
3.46474
3.33768
3.30839
3.44614
3.31208
3.319
3.23306
3.38316
3.31936
3.41149
3.35997
3.20721
3.33154
3.39434
3.24215
3.29351
3.5356
3.49329
3.33221
3.38699
3.31293
3.23645
3.2416
3.23723
3.21942
3.45447
3.37062
3.45122
3.37601
3.41464
3.25109
3.24505
3.25616
3.27522
3.28394
3.3453
3.44874
3.33546
3.37239
3.26707
3.33812
3.27072
3.47709
3.44232
3.3303
3.25147
3.31566
3.4516
3.40277
3.3348
3.28216
3.34208
3.44009
3.12445
3.15205
3.20421
3.25096
3.24347
3.34203
3.39727
3.35041
3.37014
3.4563
3.2873
3.3104
3.43809
3.33609
3.43091
3.48626
3.34509
3.35536
3.34515
3.34252
3.44311
3.2211
3.36513
3.27631
3.35692
3.49234
3.28547
3.40581
3.44708
3.41236
3.3313
3.55024
3.30635
3.26523
3.28854
3.37854
3.36686
3.29873
3.34248
3.27971
3.43739
3.26253
3.32019
3.31858
3.30956
3.33631
3.51048
3.28672
3.35891
3.50753
3.4305
3.29777
3.19487
3.40811
3.38735
3.26612
3.29707
3.3762
3.31789
3.34004
3.43474
3.33857
3.21624
3.32933
3.31806
3.26805
3.41673
3.35616
3.29494
3.39996
3.30099
3.33313
3.41902
3.44808
3.36602
3.18997
3.49338
3.29348
3.42989
3.40424
3.41448
3.25894
3.24578
3.37794
3.29657
3.3875
3.35822
3.42215
3.41471
3.3645
3.35642
3.24821
3.26893
3.31664
3.41466
3.36084
3.39788
3.52305
3.30468
3.21211
3.35103
3.25215
3.47544
3.41663
3.35675
3.45413
3.34109
3.39199
3.31296
3.40463
3.39027
3.40646
3.41845
3.40047
3.35581
3.43505
3.22846
3.33933
3.36173
3.35973
3.41361
3.27387
3.24077
3.1388
3.46388
3.33935
3.32491
3.47909
3.3332
3.43491
3.35094
3.30776
3.29036
3.42214
3.41972
3.28446
3.28011
3.50154
3.25353
3.4086
3.33036
3.37538
3.26009
3.35072
3.32564
3.2659
3.31651
3.2271
3.22776
3.30176
3.31768
3.43663
3.41983
3.53244
3.40959
3.43083
3.28359
3.17087
3.31959
3.35524
3.30762
3.40104
3.34052
3.31536
3.55588
3.49299
3.34805
3.30309
3.40144
3.4407
3.36929
3.23196
3.26906
3.24037
3.25868
3.4378
3.36355
3.33909
3.42128
3.37245
3.39585
3.4815
3.3017
3.3624
3.23891
3.38453
3.44853
3.20363
3.20172
3.34223
3.34072
3.14372
3.45352
3.33955
3.42699
3.35707
3.38529
3.30981
3.46965
3.4074
3.45715
3.26436
3.2171
3.28921
3.3321
3.30604
3.41505
3.2618
3.2025
3.28227
3.34734
3.28889
3.34256
3.46256
3.3896
3.29118
3.45547
3.40487
3.29051
3.23288
3.31377
3.30353
3.40836
3.42914
3.37656
3.38752
3.42168
3.2536
3.3158
3.30086
3.23974
3.31543
3.43817
3.27744
3.29012
3.26643
3.27066
3.22164
3.51458
3.43759
3.35894
3.2803
3.29639
3.53373
3.28173
3.61779
3.46811
3.45976
3.2915
3.29757
3.39708
3.34955
3.45265
3.41471
3.3398
3.33247
3.37556
3.29249
3.28786
3.31201
3.37044
3.32824
3.31779
3.35145
3.30481
3.44844
3.18801
3.22702
3.31911
3.41665
3.25283
3.36935
3.48268
3.30736
3.25644
3.14151
3.37042
3.44963
3.24918
3.28028
3.44095
3.3857
3.31871
3.45457
3.34194
3.34609
3.40903
3.50918
3.34154
3.42685
3.46806
3.50358
3.2916
3.3966
3.29436
3.486
3.49824
3.51932
3.59231
3.42004
3.42384
3.29583
3.18556
3.27455
3.30864
3.32822
3.3758
3.35022
3.26832
3.29253
3.36753
3.36821
3.53996
3.40515
3.34909
3.49202
3.32543
3.2527
3.41888
3.35381
3.28214
3.41764
3.38594
3.39352
3.47459
3.27557
3.29702
3.20173
3.34411
3.28959
3.34059
3.29666
3.29264
3.39047
3.41995
3.38158
3.35107
3.24803
3.48085
3.31198
3.39905
3.4664
3.45664
3.35403
3.3798
3.3116
3.30443
3.3828
3.4717
3.37725
3.44389
3.33673
3.3395
3.28432
3.32088
3.39723
3.38146
3.59169
3.30789
3.29257
3.2932
3.41066
3.40518
3.48908
3.26963
3.34143
3.24215
3.33942
3.39952
3.4263
3.5043
3.30936
3.26314
3.3155
3.32104
3.44576
3.59973
3.46135
3.21606
3.31639
3.27795
3.33167
3.38068
3.32639
3.40097
3.45379
3.47027
3.32807
3.24105
3.22081
3.43278
3.34278
3.23695
3.29423
3.52592
3.47455
3.42338
3.29488
3.35396
3.50403
3.40635
3.46263
3.37349
3.32526
3.31443
3.33227
3.26978
3.28624
3.26972
3.19404
3.15506
3.34784
3.30451
3.35089
3.38343
3.39097
3.45231
3.52368
3.27168
3.392
3.28438
3.38478
3.32112
3.48183
3.29528
3.39506
3.53509
3.31619
3.28375
3.25335
3.33799
3.36702
3.36306
3.31995
3.29973
3.43871
3.46591
3.49271
3.37811
3.33889
3.25251
3.33807
3.34817
3.37936
3.49963
3.54716
3.38748
3.31601
3.22968
3.20646
3.35311
