17854.8
14185.2
11958.1
10413.2
9525.67
8658.88
8037.1
7452.15
7062.34
6713.62
6363.9
6247.24
5939.62
5323.31
5135.22
4769.19
4620.21
4400.73
4509.6
4509.05
4555.61
4232.05
4218.87
4246.92
4088.85
4017.49
4055.79
3764.23
3890.34
3806.95
3813.24
3903.96
3763.05
3798.65
3726.43
3658.64
3573.89
3653.43
3568
3721.52
3646.56
3647.44
3640.08
3703.42
3509.37
3711.39
3699.94
3622.67
3708.21
3613.57
3588.6
3657.13
3707.87
3697.79
3647.94
3676.85
3549.41
3646.83
3651.02
3783.51
3659.07
3668.02
3507.53
3628.6
3617.34
3793.34
3633.35
3656.87
3708.58
3640.01
3566.53
3580.3
3722.45
3612.67
3686.71
3607.62
3579.22
3646.39
3682.72
3668.85
3706.78
3725.97
3684.06
3895.34
3671
3692.93
3482.62
3661.97
3573.34
3770.51
3656.66
3598.49
3653.23
3529.13
3712.9
3573.81
3666.84
3651.12
3658.72
3722.03
3632.27
3747.91
3635.17
3661.54
3636.65
3506.89
3618.5
3750.77
3570.82
3660.32
3697.57
3552.05
3579.16
3605.17
3665.11
3685.63
3614.59
3586.86
3782.77
3705.58
3678.5
3589.13
3727.7
3574.78
3637.97
3639.56
3699.29
3606.83
3574.9
3595.01
3676.78
3723.1
3740.73
3606.22
3599.92
3674.4
3554.68
3695.17
3787.48
3736.84
3636.83
3750.06
3796.01
3733.47
3783.39
3736.64
3638.82
3652.15
3623.35
3811.67
3554.84
3426.88
3742.46
3736.27
3627.94
3660.7
3730.1
3653.08
3684.18
3698.85
3802.53
3659.31
3679.72
3892.53
3749.15
3636.57
3733.11
3568.58
3692.23
3800.93
3807.58
3737.87
3648.81
3568.67
3770.99
3675.56
3541.19
3691.31
3640.22
3663.04
3725.02
3571.59
3649.96
3741.88
3585.57
3739.1
3843.12
3737.91
3718.82
3655.17
3730.98
3766.23
3591.62
3703.73
3707.41
3856.2
3714.13
3654.86
3939.05
3724.64
3723.93
3590.31
3624.82
3658.02
3699.31
3757.84
3851.78
3709.12
3769.87
3645.08
3594.88
3674.66
3718.89
3776.11
3764.75
3722.58
3822.76
3818.98
3820.87
3760.38
3757.93
3704.3
3720.15
3694.75
3701.02
3868.13
3640.12
3669.64
3692.97
3881.86
3590.49
3781.27
3852.24
3677.9
3601.35
3699.46
3801.24
3700.02
3620.77
3762.1
3684.58
3773.79
3678.2
3833.09
3724.03
3732.8
3768.63
3797.68
3756.17
3722.54
3756.73
3768.23
3823.79
3801.61
3778.15
3785.35
3752.44
3700.78
3718.94
3836.96
3663.14
3698.2
3803.66
3809.91
3694.16
3815.29
3769.74
3791.92
3835.49
3877.43
3846.4
3914.42
3851.6
3666.39
3748.76
3733.24
3873.13
3781.67
3784.89
3585.93
3733.59
3758.49
3652.31
3764.31
3746.26
3808.45
3801.67
3786.84
3759.22
3749.2
3721.97
3809.05
3766.85
3794.93
3859.28
3687.95
3732.96
3758.76
3772.81
3710.72
3884.95
3778.62
3730.97
3677.71
3665.54
3959.99
3689.77
3808.41
3710.84
3688.94
3740.01
3724.2
3734.41
3665.81
3743.76
3662.98
3754.68
3744.5
3850.2
3886.82
3791.67
3758.23
3822.6
3819.86
3803.5
3797.16
3682.45
3812.74
3807.04
3767.41
3786.51
3753.38
3828.65
3685.4
3757.36
3785.55
3795.56
3894.16
3910.24
3860.85
3825.15
3880.16
3801.34
3750.68
3787.26
3841.04
3785.7
3741.56
3902.57
3696.35
3761.62
3909.51
3849.25
3842.7
3939.65
3682.16
3724.09
3806.38
3779.78
3953.34
3715.72
3663.17
3814.57
3878
3734.47
3839.5
3800.3
3626.4
3927.86
3699.76
3851.98
3925.29
3706.18
3847.66
3739.37
3768.36
3792.38
3730.05
3960.35
3850.66
3754.41
3729.77
3817.84
3826.89
3775.31
3932.17
4032.63
3815.46
3796.59
3804.76
3860.29
3752.37
3839.47
3822.19
3735.99
3984.92
3915.46
3753.62
3748.94
3811.92
3963.77
3977.97
3754.7
3730.79
3703.79
3897.73
3894.05
3837.79
3857.7
3705.98
3812.52
3798.35
3850.19
3789.64
3778.5
3909.1
3820.19
3901.75
3743.15
3693.73
3727.19
3808.93
3816.96
3755.66
3779.21
3977.02
3914.06
3879.07
3856.15
3893.31
3891.43
3905.23
3885.04
3833.94
3884.2
3963.99
3734.26
3805.8
3813.4
3913.51
3902.45
3772.19
3891.59
3795.52
3921.1
3858.04
3803.6
3662.1
3905.65
4091.94
3809.51
4083.71
3938.26
3894.6
3929.23
3901.21
3957.5
3772.22
3773.64
3932.81
4047.75
4038.42
3867.27
3768.55
3894.77
3913.95
3892.18
3794.07
3802.75
3895.45
4046.62
3895.67
4067.64
3959.67
4059.21
3972.6
4016.92
3959.8
4073.61
3870.63
4084.11
3890.09
3977.02
4130.3
3929.78
3990.38
3992.95
3819.62
3856.59
3903.93
4126.97
3875.51
4096.25
3943.89
3929.44
3921.81
4084.71
3973.09
4196.84
3950.55
4075.93
3921.07
3848.88
4126.86
4017.12
3952.51
4100.26
3954.3
4093.52
3993.79
4007.41
3905.96
4095.26
3743.13
3917.97
3925.42
4111.74
3966.3
3829.73
3937.26
4122.21
3989.07
3794.05
4030.73
3969.49
4038.46
4076.84
3978.87
3986.44
3949.98
3948.99
4035.2
4007.39
3936.92
3991.22
3963.12
4066.33
3835.9
3965.93
4050.71
4050.53
3913.45
4162.83
4121.59
3966.56
3995.81
4024.9
3969.7
4037.84
3999.59
4127.49
4062.5
3981.24
3923.2
4139.56
3984.69
4001.21
4018.95
3988.54
3871.45
3991.93
3965.11
4116.43
4029.85
3864.81
3915.43
3842.98
4011.96
3884.22
3849.49
4036.45
3851.76
4002.99
4067.02
3942.63
4085.82
4001.56
4010.89
4059.9
3761.5
4009.8
3906.67
4033.05
3943.44
4039.16
4086.43
3977.32
4168.85
4074.27
3956.12
3958.48
4113.87
3980.35
3901.83
4138.05
4064.93
4118.47
3980.85
4059.55
4110.67
4034.81
4014.03
3899.35
3981.25
4128.66
4180.98
3986.03
4037.63
3899.65
4040.95
4153.64
4185.17
4151.07
4052.83
4086.88
4049.12
3970.29
4129.46
4048.35
4191.74
4136.88
4020.19
4234.27
3997.14
3959.38
4000
4059.68
4187.14
4088.61
4122.34
4162.83
4160.78
3953.42
4040.57
4182.92
4042.47
4120.07
4111.12
4087.15
4072.71
4092.49
4047.34
4003.29
4060.91
4101.27
4259.38
4053.38
4002.78
4035.19
4294.78
3960.81
4051.68
4185.74
3988.98
4003.66
4239.73
4173.81
4168.98
4191.47
3946.5
4255.04
4088.74
4266.35
4101.3
4309.01
4169.41
4096.38
4156.61
4123.88
4157.27
4182.41
4089.41
4182.66
4264.83
4200.4
4001.8
3980.7
4139.22
4294.91
4291.17
4149.53
4210.29
4240.06
4301.6
4263.16
4056.26
4238.38
4212.01
4042.12
4149.27
4142.16
3997.52
3970.35
4154.21
4107.05
4245.04
4255.63
4146.89
4096.5
4106.59
4106.88
4135.99
4492.83
4124.59
4204.09
4191.38
4173.46
4240.95
4212.49
4223.08
4384.71
4087.37
4010.29
4110.78
4351.05
4180.33
4148.24
4132.05
4183.96
4042.19
4086.42
4139.04
4165.25
3981.95
4085.18
4247.92
4203
4216.97
4216.73
4392.36
4281.73
4016
4151.34
4125
4116.67
4198.51
4119.77
4222.99
4010.05
3962.38
4104.58
4260.8
4252.86
4341.82
4373.29
4153.37
4134.95
4100.72
4141.2
4183.3
4135.89
4202.34
4132.65
4183.12
4110.64
4180.77
4067.12
4158.84
4199.59
4334.4
4359.87
4217.9
4375.64
4250.97
4314.19
4090.36
4059.37
4016.84
4216.31
4281.23
4016.89
4054.01
4174.06
4198.6
4216.89
4134.54
4075.58
4140
4313.3
4229.17
4064.09
4199.26
4249.52
4115.27
4305.14
4196.06
4327.83
4149.17
4206.44
4186.83
4146.76
4024.11
4219.07
4418.76
4194.19
4174.14
4264.48
4305.49
4390.31
4290.02
4070.41
4358.35
4229.55
4333.9
4168.29
4249.56
4176.56
4326.01
4224.63
4306.89
4224.89
3970.17
4231.59
3980.17
4305.98
4213.07
4200.99
4378.79
4166.42
4157.89
4273.24
4118.54
4355.19
4277.29
4123.49
4113.59
4278.57
4201.58
4117.43
4183.21
4193.22
4323.73
4339.23
4230.44
4052.39
4056.66
4082.09
4137.07
4308.77
4275.03
4342.78
4171.41
4196.47
4181.6
4198.8
4276.52
4244.98
4577.25
4138.67
4268.94
4371.92
4256.06
4223.24
4062.63
4334.48
4260.29
4393.5
4306.83
4319.1
4170.82
4114.33
4142.03
4041.1
4185.97
4152.93
4164.56
4174.68
4389.74
4091.8
4197.16
4031.94
4132.7
4245.75
4154.22
4418.04
4275.58
4143.47
4154.19
4156.76
4213.01
4259.53
4175.01
4230.29
4267.99
4295.9
4317.62
4284.97
4216.79
4253.17
4333.49
4120.79
4291.03
4255.46
4116.81
3829.57
4192.04
4310.24
4471.39
4121.92
4137.94
4198.07
4320.51
4107.75
4126.53
4191.37
4219.01
4142.61
4150.82
4383.22
4252.73
4266.22
4210.77
4170.62
4316.92
4217.16
4229.06
4135.3
4093.37
4157.15
4170.66
4261.99
4300.66
4169.94
4252.13
4302.07
4099.62
4082.52
4293.24
4316.94
4444.54
4186.02
4340.03
4165.1
4301.77
4287.32
4208.54
4236.92
4011.04
4342.62
4210.21
4209.93
4120.59
4168.52
4300.16
4173.32
4146.71
4343.68
4276.93
4332.4
4183.23
4246.76
4321.86
4218.28
4344.73
4092.85
4395.11
4085.72
4216.83
4348.24
4457.98
4218.78
4298.37
4328.6
4311.48
4315.51
4113.08
4166.22
4214.57
4214.15
4355.14
4189.78
4050.7
4135.2
4089.83
4087.06
4213.84
4027.16
4116.18
4284.13
4162.16
4234.1
4435.12
4132.65
4116.68
3961.52
4111.44
4043.35
4117.99
4275.44
4232.56
3987.7
4233.25
4199.35
4184.21
4176.29
4305.54
4113.08
4443.09
4135.52
4379.68
4254.75
4242.63
4318.24
4267.55
4144.24
4217.78
4309.14
4180.03
4368.17
4208.98
4251.25
4190.84
4333.05
4331.39
4151.32
4110.56
4032.67
4354.69
4229.7
4368.61
4225.88
4223.81
4230.97
4115.92
4119.39
4283.84
4132.75
4185.12
4241.16
4396.73
4229.93
4190.49
4350.86
4256.07
4393.23
4170.61
4422.68
4184.05
4270.02
4194.31
4154.11
4326.83
4230.06
4114.03
4371.49
4181.21
4231.28
4266.94
4351.75
4087.72
4335.33
4192.86
4156.42
4264.02
4208.21
4183.7
4330.02
4212.56
4276.61
4456.49
4236.4
4409.12
4389.8
4238.79
4159.92
4228.49
4343.37
4270.57
4099.14
4303.05
4200.39
4200.93
4164.55
4261.67
4154.62
4175.29
4338.61
4243.05
4198.42
4211.14
4160.55
4149.38
4044.62
4114.14
4229.01
4197.85
4262.23
4489.87
4390.55
4353.05
4274.46
4371.35
4346.48
4334.09
4184.36
4282.31
4328.48
4091.38
4240.77
4258.99
4379.77
4287.67
4431.81
4408.17
4290.28
4264.89
4416.1
4223.88
4486.77
4188.22
4432.28
4225.44
4321.66
3966.87
4330.73
4252.06
4336.59
4352.86
4340.95
4359.48
4188.99
4294.86
4371.79
4432.69
4409.26
4192.45
4360.94
4335.51
4243.2
4362.22
4476.15
4099.39
4278.17
4287.72
4310.74
4369.76
4297.21
4407.48
4307.68
4330.57
4323.55
4391.99
4319.9
4263
4344.31
4496.42
4361.74
4164.73
4294.09
4233.23
4264.93
4455.08
4256.58
4274.35
4503.33
4395.61
4323.73
4284.43
4304.71
4342.77
4328.02
4293.79
4213.37
4325.78
4383.96
4479.11
4323.73
4426.18
4156.05
4214.4
4239.75
4244.94
4248.56
4364.68
4342.36
4239.17
4268.53
4308.46
4226.25
4374.28
4329.29
4214.65
4453.54
4535.6
4274.48
4270.31
4229.63
4398.91
4300.54
4233.01
4289.93
4290.33
4186.68
4195.59
4366.18
4362.31
4316.9
4141.36
4172.15
4233.29
4282.84
4429.31
4356.08
4319.75
4318.76
4289.27
4208.96
4391.6
4436.8
4313.13
4490.52
4243.47
4306.83
4182.91
4212.94
4280.03
4166.29
4240.37
4441.92
4461.48
4187.98
4107.77
4377.76
4134.76
4195.82
4215.05
4148.17
4317.87
4556.71
4211.49
4211
4206.2
4219.97
4383.56
4297.84
4218.27
4439.06
4239.05
4301.07
4281.99
4170.39
4343.8
4289.46
4299.35
4327.14
4326.48
4301.89
4388.69
4193.17
4198.77
4232
4079.72
4289.25
4402.11
4218.23
4330.51
4234.75
4261.48
4331.76
4331.41
4452.75
4358.52
4369.13
4384.03
4348.41
4386.52
4478.5
4442.29
4436.75
4264.38
4327.6
4286.56
4275.03
4317.1
4323.17
4168.35
4115.45
4153.3
4176.48
4387.91
4177.03
4339.62
4333.07
4214.65
4202.65
4263.26
4118.22
4295.12
4296.49
4216.54
4253.15
4246.88
4020.65
4119.81
4327.23
4292.06
4174.04
4239.32
4396.63
4135.69
4263.89
4316.86
4368.14
4172.64
4266.05
4279.03
4495.87
4138.12
4339.16
4340.62
4195.67
4308.78
4305.39
4359.27
4465.06
4556.08
4321.73
4293.69
4498.4
4440.22
4199.97
4438.74
4350.4
4206.36
4482.59
4201.8
4301.85
4205.17
4179.91
4396.18
4405.29
4361.15
4236.45
4396.66
4345.27
4266.39
4191.44
4317.79
4266
4178.93
4195.95
4151.48
4340.17
4437.26
4480.14
4343.36
4290.67
4222.7
4096.83
4217
4439.91
4429.11
4488.09
4467.29
4260.23
4370.45
4172.41
4307.52
4300.99
4171.82
4397.54
4387.3
4473.55
4304.4
4272.29
4417.49
4306.15
4324.04
4224.19
4368.65
4359.4
4546.09
4375.06
4445.46
4390.28
4667.94
4385.58
4257.5
4368.56
4416.12
4319.51
4346.2
4412.17
4344.81
4494.13
4454
4387.21
4375.54
4428
4313.57
4520.75
4425.06
4442.34
4432.96
4526.35
4309.89
4275.11
4288.94
4425.82
4340.78
4419.71
4380.15
4385.59
4414.3
4417.14
4366.33
4471.61
4354.92
4370.56
4175.83
4501.13
4348.53
4245.61
4298.26
4291.4
4404.53
4501.09
4306.33
4453.95
4450.68
4539.61
4413.63
4368.24
4421.43
4389.75
4354.9
4165.21
4387.9
4483.54
4273.29
4329.94
4303.8
4307.33
4272.43
4487.1
4355.39
4511.17
4407.8
4351.89
4344.11
4537.96
4392.04
4392.12
4530.84
4385.77
4335.98
4361.15
4365.8
4345.19
4306.11
4325.33
4491.12
4334.46
4490.83
4411.55
4194.69
4496.91
4368.78
4277.31
4409.15
4286.04
4545.71
4323.27
4326.25
4350.4
4243.18
4457.24
4557.87
4448.77
4224.08
4585.24
4438.04
4114.81
4268.56
4187.69
4363.55
4392.01
4226.91
4519.22
4387.46
4566.39
4385.54
4489.91
4285.59
4387.18
4465.41
4449.19
4401.54
4541.23
4337.62
4461.2
4338.38
4484.35
4400.62
4445.08
4260.53
4334.4
4380.82
4309.74
4408.69
4393.54
4317.35
4290.28
4341.16
4543.97
4434.56
4312.34
4558.95
4236.52
4274.22
4290.87
4352.12
4386.09
4265.66
4525.08
4442.69
4411.36
4413.98
4398.69
4234
4283.92
4542.27
4487
4181.96
4360.95
4346.59
4367.93
4345.87
4523.94
4452.39
4168.64
4330.63
4258.74
4253.81
4403.9
4297.28
4318.02
4433.26
4273.54
4380.1
4373.11
4571.79
4431.06
4399.3
4434.64
4371.04
4377.45
4120.93
4436.87
4468.79
4185.58
4360.04
4225.05
4405.71
4442.79
4294.88
4193.89
4449.41
4447.52
4525.75
4268.45
4334.44
4227.07
4154.18
4228.26
4487.53
4332.98
4466.15
4262.36
4268.33
4457.12
4427.69
4262.38
4416.17
4229.37
4323.28
4430.64
4405.39
4435.02
4446.79
4362.86
4447.55
4333.39
4302.9
4434.24
4472.86
4541.68
4289.18
4343.07
4439.76
4485.11
4313.48
4341.87
4283.77
4317.47
4355.37
4312.05
4318
4197.24
4213.97
4317.18
4465.54
4440.58
4214.71
4189.23
4431.93
4438.39
4384.27
4373.05
4446.04
4258.85
4449.93
4327.83
4368.3
4471.62
4393.2
4422.09
4389.58
4368.9
4430.43
4386.4
4341.22
4367.5
4303.5
4403.33
4440.43
4430.43
4281.46
4148.57
4360.14
4498.92
4278.87
4383.58
4203.58
4270.51
4375.4
4519.35
4295.88
4354.94
4459.09
4465.51
4335.8
4340.09
4563.27
4285.02
4423.48
4568.23
4305.72
4340.9
4245.68
4489.35
4329.25
4350.42
4342.13
4441.16
4304.81
4362.99
4224.19
4237.17
4353.59
4352.55
4337.82
4332.81
4299.86
4612.88
4377.95
4472.6
4333.33
4368.49
4277.38
4427.24
4365.25
4342.47
4415.49
4315.48
4406.64
4587.54
4292.48
4428.84
4405.24
4427.15
4480.11
4348.35
4349.21
4449.1
4476.53
4487.65
4427.25
4345.39
4424.79
4265.28
4310.57
4292.82
4134.71
4406.07
4503.49
4421.1
4573.51
4400.3
4334.91
4339.52
4326.8
4363.08
4407.09
4312.81
4287.76
4325.3
4367.41
4340.71
4259.42
4217.89
4160.49
4231.66
4400.53
4502.88
4403.58
4330.23
4418.08
4425.76
4260.67
4469.54
4437.57
4468.16
4408.35
4425.7
4474.68
4487.1
4412.62
4487.3
4593.37
4323.63
4286.9
4275.05
4305.48
4420.77
4436.96
4558.71
4453.84
4416.59
4567.59
4495.87
4453.82
4168.09
4347.25
4378.52
4533.16
4323.02
4194.37
4453.71
4306.97
4477.09
4435.99
4420.98
4405.85
4389.75
4279.49
4434.45
4318.55
4434.59
4458.46
4391.38
4377.63
4409.23
4276.37
4380.45
4385.97
4409.47
4640.32
4253.36
4319.89
4375.01
4514.91
4442.1
4288.47
4387.38
4368.82
4412.9
4361.5
4189.87
4420.75
4275.79
4388.79
4330.72
4280.25
4524.77
4521.06
4400.98
4300.68
4370.71
4433.16
4335.74
4349.03
4357.09
4289.5
4323.5
4520.09
4630.43
4344.47
4316.46
4457.56
4210.99
4390.58
4234.04
4382.38
4381.5
4356.14
4461
4363.68
4325.63
4318.83
4407.95
4373
4505.68
4260.29
4256.76
4417.61
4533.25
4200.92
4439.2
4439.76
4496.74
4385.44
4278.16
4428.74
4343.91
4280.59
4290.27
4319.6
4238.78
4391.49
4382.46
4220.19
4573.53
4373.05
4424.8
4492.08
4304.68
4276.33
4271.66
4360.13
4568.97
4458.2
4428.26
4376.18
4568.03
4359.62
4349.68
4364.21
4314.74
4389.3
4368.89
4404.46
4436.5
4439.58
4452.77
4370.99
4598.33
4349.82
4352.25
4410.86
4370.93
4360.38
4436.64
4439.9
4449.45
4662.79
4317.11
4402.21
4485.92
4550.08
4309.18
4213.34
4299.65
4355.4
4219.73
4326.21
4412.7
4409.19
4161.87
4356.64
4422.38
4404.04
4359.84
4464.01
4223.01
4221.83
4273.6
4403.38
4509.06
4490.07
4589.56
4651.35
4464.28
4265.57
4263.42
4194.21
4529.34
4370.61
4288.82
4624.77
4469.6
4140.71
4422.52
4407.15
4414.73
4486.27
4569.7
4490.23
4279.47
4265.83
4332.37
4374.95
4354.55
4362.79
4394.9
4329.53
4544.58
4323.62
4174.04
4352.06
4334.69
4264.39
4353.8
4309.92
4377.03
4436.94
4215.15
4153.7
4241.52
4308.3
4539.01
4422.71
4218.8
4456.83
4235.31
4266.08
4176.32
4424.61
4480.08
4502.46
4211.26
4324.57
4431.29
4483.13
4374.54
4343.29
4389.23
4412.1
4360.1
4564.39
4530.23
4344.47
4157.38
4405.84
4291.25
4387.49
4271.74
4183.26
4273.75
4426.56
4311.91
4430.87
4378.04
4201.08
4217.6
4183.63
4208
4223.63
4238.77
4588.58
4329.86
4462.04
4574.35
4342.34
4442.15
4403.78
4396.37
4512.2
4441.46
4427.41
4501.25
4464.08
4402.31
4375.87
4280.24
4325.51
4330.19
4473.87
4416.85
4320.76
4256.94
4360.22
4376.31
4306.92
4199.03
4229.6
4206.43
4321.18
4257.71
4228.87
4518.57
4397.43
4451.52
4307.33
4441.82
4342.54
4506.55
4379.55
4306.67
4583.05
4493.06
4322.51
4478.37
4217.37
4333.67
4212.69
4447.16
4349.25
4397.44
4468.79
4397.39
4491.85
4370.94
4444.41
4386.65
4407.96
4513.95
4362.57
4549.18
4484.92
4442.76
4412.31
4447.61
4381.18
4459.38
4614.95
4373.91
4297.37
4271
4501.2
4236.91
4458.34
4474.26
4440.09
4463.75
4576.73
4472.41
4372.87
4551.03
4552.2
4544.51
4516.52
4359.44
4568.75
4441.67
4552.78
4579.1
4400.73
4462.95
4483.64
4409.24
4458.74
4526.98
4282.59
4345.15
4213.19
4441.22
4513.29
4499.15
4396.67
4396.1
4507.2
4448.52
4351.44
4379.34
4459.29
4375.87
4419.22
4470.8
4362.87
4537.44
4351
4362.39
4385.44
4413.45
4117.28
4389.7
4325.71
4357.67
4400.43
4073.92
4316.84
4509.82
4350.71
4259.46
4274.9
4470.6
4279.13
4360.26
4436.21
4309.05
4442.7
4555.45
4503.66
4386.19
4335.39
4326.21
4216.5
4493.23
4445.03
4295.44
4462.01
4554.76
4334.16
4359.91
4327.12
4513.99
4527.08
4390.43
4322.35
4213.4
4258.16
4535.99
4433.96
4641.6
4254.98
4435.22
4693.66
4357.68
4382.84
4335
4230.97
4423.22
4250.43
4324.04
4460.34
4387.27
4433.96
4248.53
4509.83
4407.59
4477.53
4437.4
4323.49
4190.04
4275
4283.41
4454.4
4329.29
4554.7
4168.77
4527.38
4450.24
4415.41
4481.55
4294.44
4271.73
4443.05
4436.55
4494.86
4437.42
4510.49
4360.75
4466.35
4244.88
4544.99
4601.13
4553.36
4487.08
4534.74
4443.11
4403.65
4274.23
4426.51
4360.18
4517.3
4269.51
4257.08
4232.7
4276.38
4349.64
4618.23
4361.73
4411.75
4334.26
4228.43
4499.08
4422.16
4449.03
4402.35
4381.47
4320.96
4511.8
4516.3
4359.83
4462.18
4388.9
4570.17
4519.83
4381.07
4400.16
4268.48
4227.4
4450.64
4306.25
4361.87
4323.73
4398.24
4199.58
4264.18
4238.29
4376.95
4381.1
4320.51
4427.78
4384.73
4431.09
4494.47
4641.62
4418.87
4356.96
4276.47
4359.05
4319.49
4324.93
4274.31
4247.35
4314.05
4129.92
4253.09
4344.43
4365.2
4329.61
4270.15
4342.95
4381.19
4439.02
4388.49
4318.44
4331.9
4410.04
4484.04
4448.16
4399.75
4570.46
4381.16
4315.69
4236.1
4527.37
4398.29
4410.51
4187.46
4556.24
4534.62
4347.89
4234.44
4406.26
4634.84
4460.1
4348.18
4243.76
4294.03
4399.05
4394.39
4394.24
4355.25
4367.01
4319.38
4240.46
4278.84
4445.58
4469.39
4458.71
4410.58
4291.56
4362.96
4522.53
4393.08
4386.04
4338.21
4393.84
4380.77
4366.57
4344.66
4214.47
4212.04
4500.34
4218.77
4385.35
4399.85
4192.66
4277.64
4289.65
4145.76
4294.34
4380.2
4486.22
4410.1
4573.45
4461.73
4318.53
4260.86
4722.57
4198.73
4338.7
4467.65
4432.47
4275.31
4353.52
4517.17
4360.41
4417.92
4262.61
4570.75
4483.87
4394.22
4476.36
4275.81
4122.16
4282.69
4438.91
4261.02
4430.27
4315.56
4636.16
4485.13
4466.03
4454.52
4337.52
4222.35
4428.8
4474.61
4308.34
4356.8
4278.04
4457.52
4367.05
4237.37
4504.11
4260.93
4524.75
4535.43
4263.32
4290.38
4587.49
4358.99
4372.98
4349.42
4409.76
4377.98
4473.48
4413.3
4252.07
4460.71
4320.7
4387.68
4357.8
4209.68
4258.15
4134.25
4450.47
4363.11
4331.08
4492.97
4594.78
4369.88
4489.26
4153.22
4411.65
4368.8
4445.54
4290.37
4160.35
4388.64
4371.88
4303.01
4405.91
4183.79
4202.38
4321.5
4269.64
4282.15
4214.46
4395.04
4556.66
4364.57
4336.36
4350.27
4182.65
4341.62
4400.14
4492.21
4307.32
4135.77
4449.75
4323.34
4462.48
4399.01
4397.28
4449.04
4302.83
4504.54
4326.63
4442.5
4291.68
4184.05
4408.68
4296.46
4198.63
4274.89
4105.7
4055.15
4150.18
4528.88
4517.25
4445.4
4428.75
4247.44
4413.7
4361.91
4260.1
4347.25
4309.6
4410.66
4242.98
4431.84
4437.78
4309.53
4429.36
4460.26
4169.76
4521.13
4405.84
4405.82
4353.56
4396.62
4083.82
4169.81
4248.79
4232.71
4364.72
4442.23
4291.12
4286.8
4482.17
4394.78
4445.38
4500.89
4401.98
4453.69
4486.9
4351.82
4418.65
4315.64
4414.11
4305.17
4119.95
4226.58
4312.65
4284.35
4312.95
4443.64
4325.11
4354.87
4250.73
4512.44
4485.63
4387.82
4452.51
4267.28
4279.92
4268.19
4333.99
4292.05
4308.61
4188.05
4412.47
4226.88
4268.73
4369.37
4155.57
4451.61
4444.59
4340.5
4310.62
4256.34
4386.87
4564.07
4493.73
4361.12
4287.35
4469.65
4378.23
4436.27
4376.27
4323.96
4423.31
4357.96
4294.61
4142.09
4224.13
4296.82
4306.38
4211.74
4222.04
4176.41
4190.06
4499.49
4206.66
4364.03
4250.19
4167.08
4324.42
4324.32
4299.06
4318.6
4517.68
4357.28
4314.96
4438.16
4458.17
4195.02
4226.67
4331.12
4161.92
4397.29
4117.64
4309.6
4337.66
4395.55
4105.27
4037.16
4410.53
4308.34
4375.64
4137.19
4311.11
4304.34
4101.33
4213.9
4311.12
4266.98
4293.57
4338.82
4457.02
4375.08
4239.25
4135.8
4275.89
4374.89
4398.67
4372.16
4591.99
4319.87
4316.89
4398.38
4289.96
4392.46
4183.16
4283.85
4326.84
4298.72
4472.29
4378.91
4230.37
4224.67
4213.16
4125.82
4393.31
4413.92
4271.78
4332.57
4450.86
4265.05
4212.38
4459.77
4358.36
4324.02
4314
4242.69
4054.81
4432.62
4157.38
4166.35
4294.36
4360.43
4289.76
4391.15
4579.44
4336.99
4312.07
4214.58
4048.32
4283.35
4252.33
4367.14
4369.93
4370.24
4470.23
4357.33
4344.82
4250.55
4286.82
4071.29
4353.03
4258.68
4323.67
4433.49
4218.04
4362.18
4377.73
4287.38
4276.62
4069.03
4139.75
4179.89
4197.9
4214.62
4232.49
4277.82
4265.41
4258.75
4112.87
4017.14
4316.24
4289.78
4332.97
4493.39
4177.37
4318.57
4169.29
4315.13
4429.68
4393.42
4326.86
4397.28
4357.51
4286.53
4310.27
4163.25
4243.01
4251.67
4305.26
4371.17
4266.26
4283.42
4386.85
4255.99
4467.7
4550.94
4397.91
4072.31
4234.39
4388.86
4394.06
4343.75
4351.88
4266.47
4084.7
4549.34
4380.2
4347.28
4233.55
4411.84
4306.86
4357.74
4363.79
4298.27
4340.06
4241.02
4182.81
4282.91
4373.51
4189.78
4356.72
4320.05
4260.67
4345.64
4199.64
4379.3
4205.65
4492.42
4416.26
4317.98
4252.07
4055.02
4237.04
4399.96
4239.24
4330.84
4505.74
4333.78
4155.83
4406.66
4377.08
4449.14
4292.97
4309.65
4113.83
4085.33
4220.15
4332.39
4261.74
4416.26
4325.17
4297.23
4081.97
4224.47
4217.1
4120.29
4383.57
4352.2
4417.68
4300.78
4345.69
4394.26
4574.81
4348.99
4433.71
4350.68
4547.83
4100.94
4264.18
4395.02
4507.92
4189.5
4486.06
4590.58
4552.42
4531.06
4393.82
4418.44
4485.23
4497.91
4314.27
4271.83
4471.59
4416.11
4244.23
4210.27
4232.58
4268.75
4332.54
4366.79
4471.14
4159.69
4170.8
4219.84
4223.01
4381.6
4506.82
4407.94
4559.6
4229.45
4329.71
4266.56
4230.79
4428.78
4378.22
4349.35
4313.87
4437.27
4352.1
4222.95
4205.45
4307.14
4389.58
4159.76
4199.16
4329.67
4484.06
4374.65
4280.11
4185.45
4429.77
4438.11
4426.98
4336.14
4246.57
4365.96
4237.65
4164.26
4143.64
4380.11
4317.77
4361.99
4403.2
4132.18
4266.98
4354.97
4427.68
4455.47
4377.34
4294.44
4462.66
4282.03
4425.63
4201.3
4303.3
4377.56
4213.24
4342.61
4287.17
4283.38
4577.21
4337.37
4404.08
4440.22
4412.86
4331.38
4130.63
4299.31
4363.82
4325.96
4268.54
4278.25
4225.36
4227.99
4437.91
4330.53
4290.34
4267.69
4267.19
4410.95
4432.49
4372.38
4290.98
4566.89
4479.83
4450.68
4573.02
4199.12
4199.92
4321.11
4102.47
4414.19
4578.25
4390.11
4186.95
4189.95
4302.43
4327.95
4472.38
4364.53
4201.68
4487.79
4236.54
4374.38
4384.36
4411.5
4274.75
4320.41
4264.58
4257.87
4250.19
4216.26
4487.23
4396.59
4292.69
4524.59
4443.77
4338.21
4366.5
4414.79
4629.95
4373.56
4240.56
4287.92
4328.68
4482.27
4443.84
4585.76
4198.04
4270.39
4369.93
4339.16
4463.4
4329.37
4160.24
4470.68
4466.9
4146.28
4393.4
4357.18
4453.75
4465.24
4229.9
4109.7
4241.41
4308.32
4293.68
4232.94
4466.26
4282.41
4293.95
4199.4
4400.54
4256.43
4489.41
4514.02
4370.7
4194.13
4429.95
4473.38
4421.37
4257.95
4466.1
4305.72
4316.09
4288.45
4395.22
4384.57
4397.52
4211.7
4148.43
4157.96
4282.3
4454.18
4194.55
4174.25
4500.93
4198.04
4251.25
4180.28
4225.6
4391.75
4330.37
4273.19
4338.75
4300.3
4192.4
4239.42
4219.08
4220.52
4339.09
4448.98
4314.43
4154.44
4332.72
4320.93
4262.97
4463.35
4331.95
4296.85
4385.09
4300.98
4234.9
4274.17
4330.86
4266.01
4320.89
4200.1
4291.36
4373.75
4188.46
4365.19
4440.2
4244.7
4226.43
4075.42
4363.61
4324.22
4212.25
4125.01
4301.03
4449.33
4393.3
4261.68
4150.76
4260.94
4282.53
4280.11
4311.79
4286.32
4327.29
4406.64
4515.12
4358.08
4334.1
4161.43
4302.49
4173.1
4088.03
4315.72
4250.28
4228.24
4213.2
4267.84
4463.67
4296.52
4293.13
4343.36
4359.9
4342.54
4431.3
4388.15
4366.9
4349.96
4368.68
4500.96
