9.44294
7.6417
6.47475
5.75646
5.24133
4.83079
4.72469
4.52566
4.19552
3.85179
3.66229
3.41204
3.19113
3.07711
3.11732
3.03837
2.98546
3.04614
2.88227
2.93552
3.00454
2.89099
2.82122
2.88272
2.72889
2.75726
2.84923
2.91589
2.81582
2.83252
2.78859
2.83817
2.91459
2.91572
2.83005
2.79539
2.84991
2.95645
2.85822
2.90682
2.88174
2.99967
2.87709
2.85419
2.89077
2.88844
2.9168
2.93044
2.90771
2.98447
2.8882
2.76047
2.9578
2.95727
2.90275
2.9375
2.948
2.94328
2.94111
2.86629
3.00886
2.8919
2.85361
2.88577
3.0282
2.95232
2.89762
2.90356
2.98934
2.95186
2.90652
2.88403
2.8691
2.86601
3.02193
2.99675
3.04873
2.90203
2.94019
2.99067
2.95837
2.91653
2.99466
2.95336
3.00021
2.88162
3.01396
3.02462
3.04423
2.93576
2.9825
2.95362
2.94266
2.88854
3.19483
3.07496
2.94111
3.05402
2.95568
2.98152
2.94978
2.99939
2.96455
2.96601
3.00431
3.07093
2.98614
3.04143
3.04353
3.12298
3.10688
3.04026
3.01495
3.15477
3.04526
3.10594
2.95031
3.04493
2.91568
2.96414
2.97639
2.9791
3.03298
3.03799
3.0655
3.08364
2.96373
3.07685
3.03585
3.16502
3.0481
3.02965
3.16138
3.05805
3.11213
3.00274
3.01815
3.09452
3.04706
3.05891
3.07832
3.10563
3.03233
3.056
3.20215
3.0745
3.09285
3.06646
3.20919
3.09843
3.01574
3.00782
3.09475
3.08211
3.01286
3.11854
3.14885
3.24524
3.0753
3.0644
2.98622
3.06224
3.08491
2.98674
3.09245
3.19844
3.0492
3.09692
3.06748
3.06834
3.09423
3.16768
3.13886
3.19535
3.11533
3.12201
3.16642
3.07391
3.18197
3.08486
3.14569
3.0921
3.14019
3.14337
3.11519
3.13626
3.02102
3.18692
3.30505
3.23446
3.04986
3.17049
3.25595
3.24404
3.09155
3.01962
3.14201
3.09313
3.05163
3.03222
3.19123
3.00771
3.0561
3.09858
3.25882
3.11326
3.11606
3.15677
3.13225
3.25837
3.13741
3.13509
3.02314
3.18957
3.15961
3.11717
3.18835
3.08531
3.1757
3.22084
3.31046
3.18358
3.26904
3.25264
3.18039
3.17773
3.23427
3.18884
3.25946
3.23949
3.14572
3.12219
3.25921
3.28647
3.17649
3.16368
3.1899
3.18769
3.19137
3.11058
3.16379
3.12486
3.15933
3.19506
3.20519
3.15778
3.10802
3.08983
2.93331
3.10642
3.0853
3.16148
3.17694
3.27194
3.12277
3.12865
3.1247
3.15498
3.27707
3.2223
3.19855
3.13314
3.11796
3.06834
3.21084
3.16993
3.19912
3.1189
3.26381
3.1704
3.22475
3.2518
3.08869
3.1699
3.24054
3.18286
3.15642
3.17827
3.28022
3.12116
3.2529
3.13094
3.26616
3.31735
3.08166
3.13766
3.2389
3.1751
3.28207
3.18979
3.19297
3.24164
3.17174
3.16021
3.32549
3.22404
3.20365
3.30901
3.27152
3.15983
3.24429
3.11419
3.30496
3.24621
3.25799
3.22491
3.24319
3.26858
3.17944
3.15515
3.18657
3.17385
3.25208
3.2458
3.35462
3.20849
3.18033
3.14677
3.28768
3.1701
3.25611
3.13591
3.3444
3.31914
3.28385
3.22228
3.14464
3.04476
3.26318
3.13999
3.21212
3.15852
3.23079
3.26485
3.30055
3.28923
3.25066
3.25651
3.41908
3.29097
3.24117
3.21769
3.38992
3.2138
3.28977
3.31084
3.23952
3.24655
3.24091
3.26741
3.22848
3.2412
3.18402
3.26794
3.29371
3.31463
3.28287
3.33992
3.43428
3.19475
3.11142
3.26345
3.29975
3.27953
3.30247
3.23398
3.20837
3.35591
3.3891
3.18584
3.33389
3.38456
3.24426
3.18483
3.12539
3.27967
3.25581
3.28902
3.23982
3.34095
3.37001
3.41552
3.29252
3.27259
3.21966
3.12417
3.36994
3.30361
3.10917
3.34662
3.26373
3.21484
3.44471
3.31799
3.34682
3.39868
3.26582
3.26351
3.35936
3.30303
3.20628
3.26071
3.25856
3.38196
3.30201
3.21457
3.29448
3.36904
3.16189
3.06678
3.3569
3.25843
3.13616
3.32954
3.17604
3.17953
3.317
3.358
3.19062
3.28408
3.27049
3.42025
3.28858
3.33235
3.42353
3.41895
3.17348
3.1574
3.23851
3.32137
3.33007
3.38172
3.28571
3.21796
3.16601
3.20649
3.22388
3.25986
3.22302
3.31518
3.23343
3.15921
3.2755
3.29795
3.31525
3.34836
3.41204
3.30568
3.26056
3.3071
3.2543
3.41018
3.25453
3.38858
3.32357
3.42518
3.25575
3.4264
3.32156
3.38241
3.30487
3.31775
3.41998
3.23431
3.28398
3.38216
3.31363
3.35937
3.38675
3.24096
3.16693
3.35392
3.40887
3.23612
3.23855
3.13933
3.26891
3.22591
3.26022
3.47442
3.35576
3.35053
3.21732
3.17221
3.36297
3.28153
3.35388
3.25987
3.19466
3.33836
3.30349
3.27273
3.35816
3.40344
3.18472
3.22409
3.24559
3.32668
3.39411
3.33647
3.45673
3.35391
3.46191
3.33209
3.3012
3.31126
3.34209
3.32659
3.3018
3.24732
3.28144
3.31564
3.32058
3.39389
3.42687
3.36335
3.22264
3.3464
3.27537
3.32084
3.40661
3.30185
3.42513
3.37259
3.33905
3.35072
3.38567
3.36286
3.44193
3.42262
3.41891
3.47752
3.30668
3.3438
3.28174
3.25862
3.36763
3.31122
3.46966
3.43202
3.30628
3.42269
3.23213
3.22957
3.28865
3.36779
3.38417
3.32685
3.39789
3.40774
3.30679
3.33556
3.25
3.294
3.35719
3.29232
3.34869
3.21593
3.25669
3.42115
3.32884
3.35823
3.51765
3.32443
3.24376
3.30941
3.35617
3.29297
3.35884
3.36757
3.40518
3.3439
3.37917
3.5511
3.50429
3.38172
3.44342
3.39042
3.29505
3.40217
3.39568
3.3753
3.30103
3.28217
3.40038
3.22996
3.3114
3.34796
3.43154
3.26871
3.46154
3.42585
3.26757
3.18311
3.3618
3.35804
3.41004
3.29064
3.31491
3.46179
3.35739
3.31989
3.38327
3.17128
3.34868
3.43767
3.33148
3.45272
3.36384
3.34962
3.32146
3.26631
3.31918
3.31588
3.33996
3.31573
3.31866
3.44036
3.37521
3.46001
3.30243
3.3411
3.38845
3.26265
3.37562
3.38563
3.34263
3.32899
3.26816
3.4879
3.43323
3.37634
3.32486
3.37877
3.30368
3.42881
3.32625
3.36109
3.46099
3.38254
3.40146
3.3906
3.33068
3.42757
3.37557
3.31853
3.27475
3.35686
3.40305
3.49157
3.43204
3.26834
3.39819
3.4077
3.35786
3.4229
3.28324
3.32753
3.33135
3.34991
3.47213
3.33122
3.38461
3.38656
3.2872
3.31806
3.38741
3.35751
3.39012
3.33966
3.28732
3.37404
3.36658
3.36447
3.4841
3.39997
3.39497
3.33437
3.31265
3.25476
3.35019
3.4586
3.44316
3.2266
3.48314
3.33354
3.39283
3.51183
3.32214
3.38362
3.36899
3.48791
3.40536
3.34863
3.35246
3.43506
3.39692
3.44209
3.37241
3.33884
3.3423
3.30739
3.44931
3.37276
3.39421
3.37601
3.3787
3.40704
3.38362
3.39035
3.42574
3.6039
3.46228
3.42669
3.35836
3.45917
3.36252
3.31113
3.34224
3.4005
3.4639
3.36152
3.44969
3.39981
3.28341
3.37071
3.40379
3.25297
3.38395
3.41625
3.50144
3.42677
3.32827
3.34219
3.354
3.34947
3.40314
3.37073
3.36008
3.26221
3.32551
3.35248
3.40608
3.46365
3.27816
3.4666
3.258
3.22703
3.17443
3.29705
3.40505
3.30955
3.55692
3.3708
3.42966
3.27202
3.25773
3.38367
3.40638
3.34976
3.4423
3.33505
3.28776
3.31537
3.37298
3.52454
3.38597
3.37939
3.39373
3.30224
3.54562
3.35417
3.43819
3.2682
3.24096
3.36654
3.35091
3.45555
3.39741
3.30666
3.38592
3.41775
3.41235
3.31543
3.43781
3.36344
3.26094
3.43093
3.36965
3.47211
3.44945
3.35977
3.2578
3.27903
3.29569
3.50626
3.42072
3.36416
3.32287
3.36102
3.5419
3.27627
3.45417
3.53789
3.47568
3.48772
3.2833
3.32336
3.49484
3.42373
3.32089
3.3995
3.41273
3.46563
3.42147
3.35928
3.32935
3.37338
3.4635
3.44316
3.49137
3.50655
3.33785
3.41198
3.44989
3.34385
3.28185
3.29796
3.34514
3.48322
3.43281
3.47156
3.40651
3.47853
3.53818
3.46856
3.48337
3.49763
3.44819
3.26393
3.30509
3.39222
3.36201
3.4414
3.339
3.29542
3.37092
3.34418
3.47197
3.2953
3.37669
3.44824
3.33861
3.41643
3.24207
3.40982
3.42515
3.41939
3.38908
3.35055
3.34224
3.30462
3.34361
3.44178
3.43224
3.42078
3.30223
3.25621
3.31071
3.36225
3.12637
3.47248
3.32996
3.28693
3.34127
3.23875
3.32139
3.35579
3.27947
3.36419
3.30125
3.47776
3.23857
3.24624
3.35496
3.48745
3.37809
3.33162
3.38665
3.53206
3.40192
3.31198
3.25333
3.21927
3.379
3.46392
3.39198
3.32749
3.37546
3.35743
3.37646
3.37308
3.30903
3.33655
3.21415
3.34544
3.30921
3.43589
3.36285
3.41466
3.3462
3.41456
3.38859
3.29
3.27935
3.3863
3.40958
3.30084
3.31672
3.3474
3.43289
3.33307
3.30216
3.27102
3.38208
3.40313
3.29172
3.11292
3.39488
3.37467
3.3421
3.36316
3.28317
3.26236
3.1757
3.27913
3.47333
3.44871
3.35098
3.16579
3.40602
3.29171
3.31851
3.28779
3.35423
3.28857
3.32488
3.26523
3.33398
3.2445
3.25837
3.25043
3.34129
3.35361
3.35091
3.36574
3.36484
3.24318
3.21769
3.38377
3.31224
3.35184
3.30473
3.28247
3.40527
3.31272
3.30837
3.41912
3.33333
3.24996
3.42574
3.56511
3.36671
3.39793
3.54481
3.38925
3.2277
3.42004
3.32014
3.32214
3.37774
3.43873
3.2617
3.31046
3.27834
3.44884
3.35085
3.26061
3.33706
3.41906
3.45146
3.3421
3.5048
3.24955
3.23491
3.43246
3.41617
3.41996
3.52908
3.45766
3.41618
3.57591
3.26718
3.37463
3.38725
3.45113
3.30127
3.30422
3.27967
3.33015
3.37006
3.52297
3.18574
3.35211
3.47065
3.42589
3.25061
3.3218
3.43136
3.2543
3.42141
3.33547
3.41727
3.19812
3.15258
3.40251
3.30394
3.40177
3.30886
3.41982
3.38096
3.24275
3.29605
3.23119
3.41069
3.28339
3.31132
3.37361
3.29643
3.43075
3.2898
3.35897
3.39536
3.4549
3.47539
3.35509
3.47863
3.23959
3.30137
3.3088
3.1346
3.21348
3.30345
3.32772
3.30942
3.37226
3.28701
3.39777
3.38525
3.28506
3.30471
3.36808
3.42879
3.32342
3.25181
3.41421
3.39239
3.33883
3.44826
3.4065
3.22547
3.29084
3.33927
3.44457
3.41406
3.45852
3.41236
3.3572
3.41999
3.29622
3.22648
3.21006
3.33388
3.35621
3.39294
3.3263
3.27943
3.27523
3.30392
3.42887
3.49668
3.25681
3.21013
3.25028
3.4275
3.47988
3.5042
3.32639
3.3218
3.34605
3.34892
3.3935
3.32796
3.36172
3.37958
3.34538
3.4442
3.45423
3.33078
3.37275
3.35295
3.43173
3.44479
3.3268
3.37771
3.32867
3.36373
3.30442
3.31164
3.40083
3.46826
3.24738
3.28154
3.3405
3.43038
3.3964
3.44676
3.481
3.49479
3.37616
3.2544
3.32069
3.3694
3.44391
3.35443
3.42267
3.47249
3.53672
3.23205
3.36146
3.36696
3.36757
3.26528
3.33817
3.29039
3.47563
3.43984
3.55241
3.43128
3.30696
3.40062
3.41526
3.27769
3.34322
3.24769
3.42067
3.35896
3.3705
3.25033
3.43984
3.44536
3.38322
3.24656
3.41623
3.48253
3.3144
3.35826
3.34057
3.37974
3.28268
3.39318
3.35326
3.31868
3.20096
3.36175
3.32714
3.45317
3.44471
3.3458
3.47157
3.48219
3.47254
3.2294
3.20957
3.3846
3.35589
3.25771
3.34921
3.31306
3.39279
3.37714
3.30225
3.25971
3.25737
3.44455
3.2749
3.30862
3.27774
3.40604
3.4465
3.49592
3.40657
3.42634
3.39559
3.26287
3.36913
3.47939
3.32755
3.35918
3.3593
3.2566
3.41059
3.35183
3.27415
3.27617
3.42296
3.30542
3.40931
3.30555
3.21897
3.27186
3.3864
3.37951
3.26393
3.36981
3.40495
3.08159
3.26532
3.36895
3.35573
3.29717
3.43058
3.447
3.21362
3.28377
3.37148
3.39882
3.40864
3.34398
3.29589
3.30012
3.35513
3.39493
3.33206
3.36768
3.44247
3.48303
3.34184
3.38866
3.35759
3.3238
3.37825
3.28471
3.45451
3.47316
3.56359
3.51165
3.25532
3.4978
3.33649
3.42818
3.27458
3.4874
3.42451
3.27538
3.39463
3.38371
3.26813
3.30165
3.4319
3.43539
3.48177
3.34665
3.29954
3.25372
3.42588
3.42748
3.39069
3.39063
3.3534
3.40521
3.30983
3.40006
3.32024
3.3926
3.25343
3.29278
3.38563
3.4491
3.40471
3.49012
3.4099
3.33256
3.46854
3.26184
3.53495
3.34364
3.45021
3.29196
3.32614
3.38794
3.21099
3.51313
3.33404
3.4762
3.34404
3.36192
3.25931
3.30208
3.47618
3.42458
3.44958
3.50422
3.39497
3.25267
3.34836
3.31755
3.27572
3.39389
3.36761
3.26093
3.4021
3.39137
3.30551
3.33133
3.35606
3.30127
3.24505
3.30943
3.4406
3.41467
3.45077
3.46302
3.43347
3.30901
3.32343
3.29326
3.42101
3.3645
3.36907
3.4113
3.44916
3.41164
3.37741
3.31143
3.45284
3.40066
3.31962
3.43796
3.43615
3.48752
3.2967
3.37605
3.41771
3.3578
3.33946
3.47979
3.51867
3.25826
3.34853
3.357
3.27283
3.43819
3.37221
3.35466
3.2915
3.35687
3.33533
3.42447
3.34486
3.42963
3.38013
3.39933
3.20028
3.31649
3.36057
3.40853
3.33271
3.42396
3.43581
3.46206
3.39155
3.32987
3.33937
3.30319
3.40786
3.33453
3.25217
3.30569
3.35189
3.30475
3.2574
3.31616
3.25748
3.40261
3.4035
3.24795
3.41407
3.4401
3.50851
3.344
3.28774
3.33124
3.46061
3.36319
3.41771
3.41836
3.54936
3.41378
3.40199
3.63592
3.33791
3.43653
3.3881
3.20186
3.35142
3.51191
3.37813
3.41515
3.31499
3.38333
3.36468
3.30802
3.47929
3.38427
3.53115
3.46733
3.41071
3.31765
3.32804
3.29084
3.15253
3.3814
3.31012
3.41889
3.34673
3.27998
3.22395
3.35774
3.3173
3.29468
3.31578
3.45098
3.20133
3.36635
3.40719
3.30912
3.40349
3.34479
3.47566
3.41584
3.36175
3.32654
3.25022
3.41645
3.42386
3.35159
3.32816
3.32113
3.39764
3.38443
3.43759
3.34074
3.46519
3.44699
3.38859
3.40544
3.45168
3.39266
3.37503
3.28384
3.47126
3.4647
3.37761
3.42013
3.31916
3.35104
3.38752
3.38427
3.47275
3.30349
3.3652
3.50664
3.45039
3.3655
3.35355
3.40147
3.41175
3.22488
3.39238
3.39605
3.50912
3.35579
3.46051
3.3981
3.40016
3.38025
3.4435
3.44794
3.27619
