9.37232
7.6071
6.60714
6.01563
5.4534
5.09834
4.7971
4.46798
4.2432
3.87223
3.60437
3.46816
3.36741
3.25381
3.254
3.19268
3.10141
3.03469
2.88645
2.96501
3.00415
2.99876
2.95011
2.93439
2.84247
2.83478
2.81354
2.90493
2.87878
2.89472
2.83099
2.87536
2.85046
2.89896
2.87745
2.87786
2.89093
2.9552
2.99127
2.97965
3.00184
2.93645
2.88298
2.88384
2.90823
2.97026
2.89057
2.97312
3.06084
2.97277
2.99558
2.82246
2.92845
2.97421
2.92131
2.94042
2.94246
2.95858
3.04172
2.91848
2.92888
3.01998
2.8966
2.95204
2.95382
2.93456
2.93053
3.02453
3.0017
3.04921
2.96323
2.9631
2.96222
2.9327
3.05077
3.05124
3.02796
3.05358
2.92348
2.9825
3.09864
2.94813
2.96732
2.86867
2.97872
3.04227
3.02808
3.0978
3.04457
3.04605
3.08535
3.01372
2.97473
2.91791
2.99982
3.14812
3.10419
2.98919
3.07334
3.06666
3.07101
3.05449
3.03972
3.05074
3.0217
3.06392
3.07766
3.00045
3.12407
3.13552
3.03428
3.11611
3.10849
3.12794
3.0528
3.10869
3.05216
2.94014
3.09943
2.94512
3.02854
3.04642
3.04262
3.02021
3.06499
3.14478
3.17796
3.06964
3.16031
3.0985
3.10927
2.97371
3.08756
3.13484
3.10056
3.14988
3.02007
3.0115
3.09987
3.06638
3.09337
3.1087
3.16312
3.07951
3.19366
3.19634
3.04129
3.05818
3.07855
3.26455
3.10415
3.06405
3.02452
3.09362
3.09503
3.03132
3.18383
3.2093
3.21881
3.07462
3.06375
2.98687
2.94394
3.13754
3.07438
3.16348
3.19876
3.11192
3.10025
3.12918
3.11201
3.12266
3.1184
3.30418
3.20449
3.20074
3.17941
3.10515
3.05698
3.12819
3.08037
3.17762
3.20057
3.18954
3.17359
3.13188
3.09312
3.18099
3.15914
3.23986
3.23791
3.13875
3.06841
3.28276
3.25864
3.19429
3.04494
3.2058
3.12452
3.08707
3.06139
3.1322
3.13002
3.0402
3.11745
3.25888
3.20809
3.1378
3.20723
3.27089
3.23564
3.2469
3.16767
3.2083
3.16864
3.20218
3.19276
3.15054
3.17538
3.09678
3.17046
3.23744
3.23149
3.17151
3.27721
3.31086
3.2373
3.2268
3.27717
3.2836
3.26618
3.20753
3.27563
3.3171
3.28131
3.28653
3.27353
3.26042
3.23583
3.20027
3.16904
3.10809
3.19282
3.27253
3.24176
3.30032
3.26871
3.25306
3.13044
3.16362
2.95894
3.15841
3.08056
3.19846
3.26663
3.34626
3.11851
3.22677
3.21487
3.17728
3.36167
3.16098
3.26851
3.27619
3.347
3.27299
3.18065
3.15687
3.13504
3.19716
3.36264
3.1691
3.22704
3.34707
3.11694
3.2401
3.21691
3.23213
3.12562
3.19756
3.42003
3.16766
3.24083
3.26508
3.30155
3.33017
3.15603
3.21941
3.21253
3.10811
3.21628
3.23797
3.2261
3.21831
3.20708
3.27975
3.29783
3.32003
3.20907
3.24199
3.2584
3.25214
3.26289
3.21409
3.30085
3.36798
3.27854
3.21124
3.27672
3.34992
3.28986
3.30005
3.14094
3.21423
3.26336
3.31491
3.27626
3.31043
3.19048
3.25666
3.15878
3.19695
3.22728
3.18548
3.2309
3.36622
3.28046
3.26792
3.29984
3.22427
3.22234
3.28012
3.20602
3.27878
3.18302
3.28656
3.35269
3.28358
3.15667
3.32442
3.30734
3.41926
3.24626
3.18827
3.41813
3.38255
3.30765
3.28838
3.37435
3.324
3.25235
3.2277
3.31608
3.32231
3.28363
3.197
3.28161
3.23097
3.26636
3.24341
3.39528
3.21961
3.21204
3.19468
3.30815
3.31924
3.28622
3.30642
3.2749
3.30719
3.36971
3.29789
3.18568
3.31101
3.29973
3.19726
3.3667
3.18384
3.32835
3.28065
3.35398
3.20399
3.35713
3.33048
3.30032
3.28667
3.19155
3.18802
3.09225
3.32214
3.30211
3.13337
3.40568
3.31171
3.25521
3.39735
3.3879
3.39057
3.36555
3.40879
3.34837
3.37464
3.22167
3.22312
3.22496
3.27863
3.36806
3.40474
3.17923
3.3653
3.41439
3.25348
3.06604
3.37693
3.32114
3.29144
3.29214
3.24667
3.35837
3.24231
3.40485
3.25646
3.36979
3.27144
3.3966
3.22908
3.39591
3.38174
3.44017
3.20383
3.32021
3.34421
3.32547
3.17632
3.30698
3.28977
3.26677
3.18569
3.16918
3.35275
3.20425
3.28677
3.29721
3.31461
3.23782
3.28938
3.34023
3.40175
3.19163
3.37945
3.3381
3.33739
3.21768
3.3502
3.45076
3.25646
3.37518
3.34369
3.30564
3.36977
3.30176
3.43461
3.33395
3.39238
3.27443
3.31716
3.3844
3.30198
3.35961
3.26171
3.34608
3.3652
3.34981
3.2619
3.34712
3.37309
3.31996
3.31173
3.26733
3.21667
3.41318
3.31065
3.40319
3.48309
3.49486
3.37771
3.25359
3.22297
3.36256
3.29518
3.33174
3.40362
3.24287
3.42738
3.35422
3.30306
3.43571
3.43847
3.29066
3.34803
3.3873
3.31747
3.28467
3.40997
3.39803
3.43474
3.4172
3.32006
3.31135
3.37618
3.43154
3.48976
3.40208
3.31212
3.33177
3.35556
3.33561
3.45507
3.46681
3.42858
3.28193
3.32329
3.28348
3.38305
3.4326
3.41368
3.36683
3.41651
3.2758
3.3749
3.43789
3.41562
3.41315
3.39008
3.35887
3.54429
3.35952
3.33319
3.31986
3.36799
3.3865
3.30826
3.45399
3.41896
3.27073
3.40622
3.20047
3.22196
3.36759
3.37807
3.25931
3.39297
3.42505
3.53174
3.4487
3.4463
3.3675
3.24086
3.32698
3.28732
3.34643
3.36286
3.35958
3.3996
3.33963
3.43157
3.43524
3.27808
3.35922
3.38304
3.3141
3.35262
3.30969
3.36652
3.5002
3.33774
3.43687
3.40855
3.55113
3.32295
3.38016
3.41025
3.35046
3.32697
3.45415
3.39836
3.36846
3.29358
3.41402
3.36548
3.32204
3.45361
3.30869
3.42
3.41657
3.38338
3.44512
3.26684
3.43349
3.33771
3.43307
3.40442
3.4427
3.53276
3.4984
3.4058
3.43676
3.5249
3.32084
3.39555
3.43661
3.32111
3.42949
3.45556
3.35013
3.28967
3.42423
3.34104
3.35804
3.47123
3.31274
3.40886
3.33912
3.40122
3.49677
3.4276
3.32944
3.44576
3.38482
3.33612
3.37235
3.33167
3.44834
3.3845
3.6374
3.4142
3.48375
3.36466
3.40057
3.35577
3.44085
3.3639
3.47794
3.44177
3.41278
3.50806
3.42693
3.42254
3.50383
3.36859
3.40919
3.25271
3.32453
3.4064
3.56243
3.42771
3.34437
3.45641
3.45097
3.38991
3.50946
3.35832
3.42263
3.30123
3.32774
3.31077
3.46276
3.38316
3.43376
3.36956
3.36805
3.29821
3.39302
3.46399
3.47895
3.31314
3.41279
3.4339
3.4582
3.57085
3.43001
3.34113
3.48119
3.47835
3.34292
3.34643
3.44636
3.48539
3.36561
3.57198
3.41089
3.38934
3.55899
3.44399
3.36867
3.38595
3.41585
3.63714
3.34868
3.44547
3.49145
3.43104
3.40729
3.42232
3.54838
3.42996
3.46955
3.36898
3.44238
3.45409
3.53007
3.43125
3.49112
3.4759
3.46665
3.5035
3.58349
3.56067
3.54659
3.47886
3.37889
3.47253
3.27232
3.38366
3.52676
3.47795
3.52645
3.52157
3.49087
3.4528
3.48537
3.37621
3.42559
3.42266
3.45658
3.4564
3.46872
3.4473
3.42101
3.47445
3.35785
3.29126
3.47338
3.39057
3.4111
3.44592
3.32436
3.43153
3.59384
3.41687
3.48043
3.51386
3.40711
3.31449
3.41434
3.34493
3.49638
3.51074
3.58557
3.42347
3.52474
3.38767
3.45231
3.35749
3.52146
3.59394
3.55931
3.44806
3.41555
3.44731
3.38578
3.50557
3.52732
3.471
3.46079
3.42798
3.43458
3.58038
3.53259
3.37748
3.37501
3.3748
3.43785
3.5251
3.41044
3.47411
3.43202
3.4655
3.54799
3.4426
3.54173
3.43032
3.47183
3.44373
3.42275
3.42312
3.59529
3.40254
3.28839
3.38098
3.32003
3.57289
3.55351
3.43031
3.51958
3.41551
3.53056
3.33137
3.50991
3.59629
3.54959
3.53128
3.41194
3.52912
3.4876
3.48043
3.47846
3.38833
3.38797
3.54739
3.57102
3.44658
3.43187
3.35713
3.44782
3.55442
3.50601
3.52574
3.34556
3.6033
3.5155
3.46875
3.50479
3.26476
3.36897
3.39899
3.45283
3.48515
3.49784
3.54816
3.5337
3.60184
3.50042
3.48454
3.63514
3.32716
3.38107
3.60925
3.46613
3.53612
3.54647
3.38873
3.4668
3.56309
3.44338
3.3948
3.3155
3.52577
3.46073
3.47484
3.51916
3.33962
3.57085
3.54679
3.50978
3.47142
3.43818
3.36586
3.42829
3.58572
3.5485
3.40976
3.30706
3.4691
3.23937
3.36342
3.27526
3.43303
3.39927
3.3892
3.52655
3.35881
3.41273
3.46403
3.52863
3.54768
3.46827
3.39708
3.60294
3.40992
3.39364
3.55915
3.50437
3.4197
3.32572
3.5549
3.59405
3.34313
3.59531
3.36136
3.45643
3.524
3.44911
3.41914
3.55649
3.60927
3.51881
3.6001
3.40907
3.44213
3.39473
3.37925
3.41303
3.40435
3.52901
3.58689
3.50646
3.40926
3.53545
3.59569
3.43515
3.47598
3.54372
3.53298
3.48945
3.47457
3.48303
3.68194
3.38611
3.41118
3.51345
3.59124
3.49741
3.56
3.42249
3.37876
3.55805
3.48652
3.45828
3.38444
3.44638
3.26231
3.48019
3.55287
3.50407
3.56443
3.43578
3.51732
3.44552
3.51001
3.5238
3.5185
3.47097
3.56063
3.4402
3.6789
3.39161
3.48846
3.53247
3.46397
3.49925
3.52053
3.44016
3.39198
3.38379
3.4917
3.62085
3.47911
3.54314
3.54424
3.48144
3.52348
3.45744
3.42348
3.51341
3.42817
3.34068
3.45934
3.54954
3.49383
3.56277
3.63122
3.64714
3.45158
3.45299
3.49141
3.4264
3.5475
3.65306
3.52759
3.50094
3.49545
3.56145
3.53786
3.43909
3.40871
3.55433
3.57305
3.61407
3.60747
3.42827
3.6244
3.57125
3.60973
3.57876
3.64064
3.6991
3.48722
3.63975
3.56112
3.66139
3.56647
3.50651
3.56262
3.54732
3.65151
3.48528
3.56058
3.69061
3.66167
3.49008
3.6234
3.70681
3.61134
3.37648
3.61463
3.52363
3.61289
3.49885
3.67837
3.51195
3.50745
3.59552
3.61542
3.52219
3.49376
3.57374
3.56869
3.66629
3.41547
3.48755
3.49816
3.60597
3.33103
3.49117
3.62808
3.58028
3.58809
3.62933
3.47088
3.56279
3.69825
3.75644
3.66197
3.61367
3.38923
3.49486
3.60298
3.40164
3.52059
3.544
3.54446
3.46679
3.54899
3.41371
3.53543
3.74233
3.59079
3.61667
3.57291
3.5428
3.47873
3.52294
3.59894
3.48034
3.52384
3.67137
3.55654
3.44408
3.46928
3.5122
3.6074
3.62589
3.59696
3.46409
3.5497
3.55296
3.47358
3.33922
3.59735
3.43952
3.57008
3.51206
3.51902
3.43165
3.536
3.58546
3.62714
3.64084
3.49756
3.29559
3.49864
3.51242
3.49192
3.6184
3.65291
3.50594
3.40616
3.49356
3.44778
3.50985
3.47693
3.51967
3.51996
3.61724
3.55939
3.52175
3.56562
3.64565
3.52313
3.58798
3.61236
3.51037
3.53485
3.58892
3.6248
3.45502
3.55964
3.57348
3.53537
3.60181
3.53549
3.61997
3.57319
3.53886
3.63398
3.60471
3.57006
3.53644
3.54252
3.48387
3.54236
3.6652
3.61053
3.73828
3.54407
3.50296
3.57672
3.46616
3.54373
3.41602
3.45604
3.49584
3.50211
3.57763
3.67736
3.6482
3.54329
3.48085
3.56338
3.56483
3.50285
3.42574
3.54799
3.62742
3.59903
3.51532
3.51309
3.62905
3.66382
3.56845
3.63219
3.5907
3.52169
3.56108
3.62215
3.57438
3.48524
3.45285
3.4528
3.47907
3.56486
3.46435
3.62315
3.4365
3.6585
3.64487
3.53977
3.72863
3.70378
3.77253
3.52946
3.48641
3.62326
3.56718
3.46232
3.66362
3.5747
3.54676
3.64361
3.65994
3.50624
3.54569
3.60959
3.63102
3.48283
3.46418
3.67437
3.63797
3.78645
3.70525
3.62685
3.57335
3.56669
3.58201
3.79882
3.58533
3.51822
3.61184
3.53677
3.56401
3.55628
3.58506
3.43017
3.56727
3.55949
3.53878
3.55521
3.50387
3.50939
3.51364
3.6615
3.48207
3.53825
3.58068
3.36003
3.37656
3.60646
3.63922
3.61186
3.57333
3.62388
3.61038
3.61346
3.5295
3.69176
3.66845
3.6009
3.5767
3.56628
3.58757
3.71824
3.53955
3.7431
3.67034
3.7621
3.67462
3.63391
3.56089
3.48189
3.38627
3.55576
3.62051
3.63739
3.56233
3.77859
3.59078
3.62173
3.50292
3.5152
3.45228
3.43229
3.61187
3.46825
3.57299
3.58486
3.61165
3.43092
3.45574
3.66958
3.55653
3.61396
3.4837
3.47817
3.54918
3.64341
3.56985
3.62223
3.59412
3.51601
3.51251
3.52615
3.448
3.53745
3.6924
3.59549
3.50299
3.67732
3.61395
3.60145
3.58667
3.57899
3.57513
3.70265
3.56997
3.60778
3.67348
3.5605
3.54445
3.64225
3.50254
3.60865
3.71551
3.50735
3.75566
3.53165
3.61005
3.38091
3.52048
3.61199
3.59095
3.61339
3.68113
3.63789
3.52769
3.62928
3.52791
3.5979
3.56523
3.49748
3.53462
3.53405
3.61592
3.53968
3.50563
3.48345
3.53464
3.61182
3.51847
3.76148
3.63775
3.51174
3.62077
3.49307
3.52679
3.52645
3.5844
3.65335
3.68148
3.51779
3.58793
3.73745
3.58713
3.50398
3.43239
3.63547
3.61524
3.53059
3.59267
3.57829
3.68768
3.67645
3.60575
3.63167
3.58369
3.63162
3.7166
3.64701
3.51516
3.58718
3.50037
3.45383
3.6695
3.63488
3.67016
3.49282
3.46295
3.59347
3.59763
3.59844
3.5674
3.53251
3.6454
3.59474
3.60676
3.57479
3.69775
3.5244
3.59558
3.59565
3.66361
3.50573
3.42895
3.43851
3.45093
3.52324
3.58437
3.59052
3.45836
3.61452
3.47076
3.46085
3.45265
3.53499
3.49113
3.65092
3.54179
3.46802
3.54097
3.71955
3.73008
3.50299
3.63738
3.56299
3.6149
3.63653
3.60752
3.63417
3.51304
3.6428
3.63424
3.6651
3.62743
3.61417
3.63
3.3588
3.71751
3.63372
3.62247
3.53907
3.39862
3.5479
3.75925
3.4617
3.69644
3.59503
3.75852
3.64319
3.58827
3.51704
3.53881
3.51224
3.47161
3.56041
3.55103
3.58604
3.5713
3.38602
3.45387
3.54939
3.44021
3.50618
3.57806
3.57107
3.47691
3.64691
3.53607
3.75299
3.64094
3.43313
3.62479
3.62631
3.512
3.57845
3.48247
3.70813
3.66098
3.48906
3.41468
3.54492
3.70447
3.56453
3.67469
3.71771
3.64797
3.48388
3.68138
3.51185
3.6174
3.70579
3.46882
3.39647
3.69006
3.62729
3.58632
3.67584
3.44283
3.63792
3.54148
3.52281
3.60335
3.66872
3.62117
3.61068
3.60314
3.57331
3.61387
3.57382
3.72394
3.59611
