52.5183
40.4003
32.313
27.556
24.6194
22.6474
20.8101
18.7341
17.0426
15.9468
14.4035
12.9085
12.369
12.0797
11.2819
11.438
10.7951
10.3352
9.95129
9.64057
9.55891
9.57878
9.8884
9.70698
9.16768
9.94257
9.03594
9.36238
9.81791
9.68125
9.33614
9.36624
9.10389
9.67387
9.13588
9.13651
9.58814
9.17849
9.54748
9.71831
10.0534
10.1198
9.52604
9.25031
8.9007
9.95067
9.40114
9.60498
9.62391
9.4531
9.5646
9.751
10.5488
9.91952
9.44959
9.53088
9.79184
10.2195
9.76767
9.78921
10.1114
10.1086
10.547
10.3378
10.0053
9.86136
10.18
9.95482
9.85677
9.90265
9.42083
10.2012
9.37248
9.5505
9.97363
9.69527
9.77892
9.61971
10.4633
9.96771
10.1599
9.79471
10.0203
9.59279
10.0566
9.4506
10.34
9.89617
9.79958
9.54181
10.1549
10.4811
10
10.536
9.87555
10.1567
9.84779
10.2835
10.0131
9.60627
9.67584
10.068
9.8756
10.0387
9.67203
10.3772
10.3377
9.97598
9.64118
10.3513
9.94292
9.80402
8.97632
9.94868
10.1156
10.1714
10.1014
10.5078
10.1062
11.0332
10.0568
10.3016
10.2736
10.2096
9.89088
9.59077
10.4157
9.88453
10.336
9.90057
10.3057
10.8105
10.1723
9.97915
10.1719
10.1223
10.5497
10.3079
10.4715
9.91635
10.3683
9.5909
9.85442
10.1163
10.7167
10.3548
9.76428
10.4158
10.5714
10.3545
10.2413
9.99806
10.2998
9.82638
10.5237
9.93998
10.6703
9.91526
10.0244
10.5141
11.2701
9.93447
10.4848
10.5578
10.8238
9.81924
10.6213
10.6003
10.2703
9.916
10.3798
10.3486
9.76584
9.87495
10.4589
10.3972
9.81475
10.4683
10.7949
10.9107
10.5764
10.2664
10.3869
10.0285
10.2714
10.9038
10.3002
9.77807
10.2844
11.1384
10.3923
10.0937
10.2965
10.8344
10.179
10.5112
10.4718
10.4626
10.2591
11.2352
10.752
10.1027
10.6124
10.8565
10.5151
10.0727
10.3705
10.6814
10.2577
10.5821
9.67782
10.3864
10.6191
10.3671
10.6361
10.8329
9.86775
10.5853
10.3643
10.6633
10.6702
10.5284
10.4765
9.99853
10.7626
10.0267
10.5264
10.1718
10.334
10.8055
10.4039
10.834
10.6678
10.4289
10.2402
10.5175
11.1163
11.0659
10.7826
10.7421
10.3807
10.807
10.6093
10.1604
10.6322
11.1962
10.1581
10.4703
10.54
10.4477
11.094
10.3561
10.7514
10.7451
10.597
10.4203
10.3102
10.5019
10.8508
10.1271
10.7079
11.0954
10.9134
10.7461
11.2207
10.7253
10.3818
10.6419
10.1984
10.9092
10.8982
10.6858
10.7039
10.1889
11.1355
10.3127
10.6912
11.296
10.8507
10.8266
10.8579
10.3062
11.385
10.87
10.8715
11.194
11.0274
10.6398
10.7306
11.29
10.7069
11.1244
10.6619
10.6819
10.8461
10.6642
10.7762
10.2895
10.9928
11.3295
10.3797
10.4089
10.1802
9.95088
11.1113
10.8655
10.9644
10.9273
10.6914
10.7171
10.5797
10.7946
11.0219
10.9212
10.2545
10.8546
10.6513
10.9213
11.0622
10.5245
11.039
11.3978
10.8053
10.5397
10.9114
10.836
10.7465
12.2126
11.196
10.9732
10.6893
10.7789
11.1489
10.6798
10.5913
10.237
10.8398
10.909
10.7452
11.6901
11.301
11.2263
11.1876
10.7016
11.1155
10.1829
10.4238
10.5042
10.889
11.4268
11.0202
10.7061
9.95363
10.6449
10.5966
11.3125
10.296
11.2342
11.0596
10.7934
11.1806
10.8905
10.8383
10.194
11.109
10.6148
11.1034
10.9642
10.9506
10.1789
11.2887
10.8343
10.9038
11.6555
11.0575
11.1067
10.5207
11.4895
10.5703
11.1808
11.1968
11.1228
11.0488
11.2779
10.1915
10.8486
10.7953
11.0509
11.0278
10.6952
11.4807
11.5487
11.4142
10.7181
10.9799
10.5862
11.6246
11.7574
11.271
10.8388
10.9369
11.0177
11.0344
10.202
10.7614
10.6468
11.0344
10.8168
10.7702
11.1863
11.491
10.7671
11.7199
11.2083
11.1609
10.9091
11.0505
11.3943
11.0103
10.6244
11.02
10.4088
10.9809
10.8131
10.9337
11.3034
11.1223
11.3895
11.1272
11.2691
11.2182
10.9035
10.9105
11.5694
11.181
11.4233
11.06
11.4951
10.7257
11.5059
11.1849
11.1402
10.4014
11.2141
11.1174
11.0226
10.6062
11.2378
10.6726
11.098
12.0017
11.2412
10.7853
10.7056
10.8537
10.9303
10.6302
11.1126
12.0823
11.2129
10.5242
10.8651
11.2683
11.3172
11.6171
11.2101
10.8302
10.7314
10.6259
10.662
10.909
11.1572
11.3502
11.3456
11.0153
10.9021
11.0559
10.5796
11.1698
11.0674
11.4108
10.4668
11.4408
11.3541
10.5081
11.3515
11.1174
11.8795
10.9557
11.1397
11.2425
10.9839
10.9062
11.609
10.8936
11.6235
10.9582
11.5557
10.9952
11.2099
11.4613
11.0377
11.4419
11.1401
11.2262
11.6957
11.9384
10.947
11.4764
11.1802
11.5778
11.0123
11.5973
10.9981
10.7373
11.4756
11.4476
11.0144
11.3661
11.7138
11.1191
10.8365
10.9547
11.1162
11.67
11.5062
11.2123
11.5416
10.6746
11.6979
11.2044
11.9221
11.2405
11.2723
11.4076
11.2065
11.0771
11.8089
11.8547
11.5485
11.3614
11.8216
11.7203
11.8542
11.1786
11.7954
10.496
11.3778
11.6735
10.8448
10.8617
11.4024
11.8556
11.8324
11.2849
11.4581
11.4531
11.2293
10.5957
10.9206
11.2527
11.3367
11.598
11.239
10.917
10.8498
11.39
11.1895
11.5652
11.2143
11.8435
11.0835
10.9325
11.7578
11.3508
11.4089
11.0225
11.8317
11.8273
10.8261
11.4053
11.1747
11.2016
11.7885
11.204
11.6265
11.3537
11.6103
11.2563
12.2057
10.7313
11.4279
11.0464
11.6285
11.5616
11.0971
11.2162
11.3624
10.761
11.3266
11.8236
11.7366
11.2568
11.7246
11.1514
11.2559
11.0792
11.0702
11.2674
11.0057
11.8484
12.133
10.9892
11.2873
11.5793
11.5068
11.7219
10.9032
10.9137
11.1887
11.6083
11.1796
11.0079
11.3374
11.5632
11.1266
11.4046
10.7519
11.3349
11.3807
10.981
11.132
11.2331
11.3839
11.0952
11.7808
12.0028
11.4765
11.3378
12.0183
11.4405
11.3633
11.2067
11.4535
11.7019
11.4777
11.9741
11.3663
11.937
11.1757
11.9388
11.1249
11.2223
11.2451
11.5035
11.5627
10.9024
12.1447
11.7422
11.262
11.2415
11.6215
11.8662
10.8331
11.3591
11.6099
11.3311
11.1828
11.6059
11.0339
11.2713
11.4523
11.6393
11.4481
11.942
11.8702
11.9314
11.6929
11.5684
11.7097
11.4496
11.7738
11.764
12.0269
11.9405
11.1612
11.8512
10.8434
11.2377
11.7075
12.0949
11.3132
11.0892
11.6919
11.1467
11.347
11.9973
11.7695
11.2405
11.2574
10.7862
11.9526
12.0479
11.8481
11.8988
11.418
11.384
11.9031
12.2357
11.7968
10.9886
11.2667
11.2639
11.2351
11.4514
11.5717
11.6839
11.1871
11.9019
12.0889
11.8459
10.9113
11.4959
10.7844
11.4609
11.4757
11.4629
12.0386
12.2597
10.6321
11.283
12.2658
11.494
11.6444
11.2876
10.7138
12.0268
12.0286
11.1024
11.2005
11.7974
11.9068
12.0597
11.8074
11.1283
11.4252
11.5925
11.6088
12.3437
10.6938
11.3448
11.2133
11.6713
11.3682
11.2125
11.4907
12.0475
12.248
12.1725
11.269
11.2494
11.4342
11.586
11.267
11.2406
11.833
11.7214
11.7659
11.9383
11.3433
12.2323
11.7329
12.5108
12.0648
11.7705
10.9909
11.2822
11.8413
11.9425
11.2912
11.6041
11.9797
11.6265
11.4533
11.6224
11.9956
11.6638
11.6387
11.6542
11.1544
12.1167
12.316
11.9438
12.2267
11.7702
11.2657
11.5451
11.5675
12.029
11.5446
12.006
12.0968
12.3983
12.1707
10.954
11.755
11.6927
11.1798
11.3188
11.1345
12.3319
11.8244
11.8751
12.2043
11.9026
11.603
12.0787
11.7877
11.3038
11.4453
11.6409
11.6848
11.7079
11.6816
11.814
11.7303
11.3036
12.1096
11.7949
11.4257
12.2418
12.0431
11.7551
11.6865
12.0081
11.9227
11.7975
11.0716
11.6486
11.1567
11.1654
12.0001
12.1696
11.5304
11.6802
11.9572
12.3674
10.876
11.5413
11.2175
12.9743
11.7457
11.6939
12.3056
11.7045
11.8501
11.5129
12.0319
11.9104
11.8623
12.0964
11.708
11.9652
11.7733
12.178
11.6471
12.151
11.2727
12.194
11.596
11.6175
12.4834
11.349
11.5419
11.7718
11.5636
11.8889
11.3858
11.8372
12.0979
12.2651
11.7677
11.6871
11.3474
11.4719
12.111
11.8914
11.2899
11.411
12.4639
11.7482
11.9669
12.0414
11.4814
11.3654
10.9496
11.8095
11.9364
12.1641
12.7461
11.7558
11.7874
12.3674
12.9225
12.6262
11.6108
11.8587
11.9177
12.1295
11.8554
11.8562
11.9322
12.1547
12.2297
11.3617
11.8384
11.4275
11.7182
12.1765
11.8007
12.6265
12.2837
12.0042
12.6289
11.9594
11.313
11.6578
11.066
11.6306
11.8086
11.2197
12.1881
11.3197
12.0617
11.2872
11.3376
11.5716
11.3765
11.4836
11.7975
12.3854
12.1961
11.4426
11.7655
12.2376
12.5196
12.5227
11.2772
12.3534
11.8501
12.6131
11.4377
11.9439
12.2269
11.6971
11.8884
12.2026
12.2176
11.8463
11.1881
12.2603
12.2461
11.5351
11.554
12.2576
11.3435
11.7442
12.9532
11.0474
12.1045
11.4822
12.1068
11.4771
12.1675
11.4285
11.2389
11.69
11.3649
11.4723
11.6396
12.5094
11.9857
11.7733
11.1377
11.9639
12.3928
12.2588
11.2525
11.9601
11.4012
11.5173
11.8512
12.0322
12.4294
11.8593
11.4959
12.6888
12.1582
12.3545
11.299
12.4207
12.1498
12.213
11.4188
11.6818
11.4602
12.6534
12.3408
12.2739
11.8106
11.2096
12.1585
12.1749
12.2719
12.1219
11.5357
11.6879
13.0029
11.9077
11.9901
12.3212
11.6994
11.595
11.6977
12.2571
12.3765
11.1712
11.0885
11.8608
11.6816
11.8217
11.896
12.2509
12.4373
11.7172
12.064
11.3795
11.3748
11.5292
12.2094
12.1559
12.5537
11.9777
11.9814
11.3411
11.4205
12.3513
12.294
11.8709
12.1348
11.6925
12.3298
12.5632
12.1522
11.8874
11.9824
12.0502
12.1839
12.3715
11.6153
12.2089
11.7413
12.0823
12.381
11.3075
12.5861
11.8606
12.0006
11.6907
12.4639
11.9646
12.1084
12.6954
12.112
10.9813
11.9939
11.9606
12.2248
12.4222
12.2176
12.4043
12.1003
11.9866
11.4708
12.5136
12.8
12.8679
12.2101
11.4835
12.4608
12.6195
11.8367
11.9238
12.1804
11.8646
11.9926
12.0198
12.2896
12.0306
12.2589
13.0341
11.9867
12.9387
11.6529
12.0422
11.9819
11.5451
12.0724
12.624
12.5975
11.9056
12.1457
11.9348
12.4659
12.6467
11.9464
12.054
12.2328
11.8445
11.8704
11.9797
12.6325
12.2499
11.9624
12.49
12.2217
12.2563
12.1204
11.7574
11.5664
12.4708
11.3255
11.3731
11.7267
12.1139
12.2954
11.8898
11.6831
11.7994
11.7684
11.8939
12.6165
11.8096
11.4256
12.3549
11.9429
12.3029
12.3689
11.8634
11.8434
12.2467
12.437
12.3651
11.8668
12.1972
12.0113
12.9379
11.7447
10.9676
11.8229
11.8182
12.6008
11.684
12.0582
12.1082
12.3918
11.1432
12.4926
12.6203
11.997
12.6377
11.9046
12.1302
11.7869
12.2748
12.9144
12.5592
12.1823
11.4366
12.214
11.4483
12.1912
12.4804
12.4607
12.0466
12.161
12.1414
11.6832
12.582
12.6266
12.7805
11.9703
12.5968
12.0787
11.8821
11.9495
11.9106
12.5298
12.5427
12.3906
11.9995
12.2133
12.0185
12.057
11.2812
11.8709
11.7684
12.1467
12.3075
12.4695
12.8202
12.201
12.0098
11.8219
12.4262
11.7895
11.6803
11.6851
12.284
12.1485
12.369
12.743
12.4458
12.8381
12.0737
12.6956
11.9986
12.4497
12.2417
12.3891
11.6406
12.5286
11.5236
12.0781
12.4553
12.5223
12.0308
12.1784
12.6175
12.8073
12.8305
12.0978
11.9912
11.8166
11.9421
13.1332
11.9597
11.9323
12.1058
11.288
11.5777
12.3279
11.9388
12.1332
12.2262
12.6287
11.9633
12.3677
11.9708
12.3946
12.7623
12.3603
12.9692
11.8561
12.0983
11.4254
12.2875
11.9723
12.3664
12.7417
11.6413
12.274
12.759
11.7563
12.4943
12.1156
12.4819
12.0302
11.8921
12.2651
11.9994
12.4716
11.9072
12.1981
12.4093
11.4637
11.9188
12.2824
12.0712
12.3912
12.8187
12.6944
11.698
12.1935
11.7851
11.8712
11.5848
12.3906
12.8072
12.8521
11.5272
12.049
11.4433
12.5215
12.5706
12.8714
11.9129
11.9006
11.8737
11.9503
12.6716
12.8067
12.2103
12.4841
12.407
12.3874
12.8121
11.827
11.9238
11.4192
12.4743
12.709
12.2805
11.9688
12.3523
12.8722
11.669
12.4464
13.1515
12.5898
12.5569
12.1077
12.4433
11.9578
12.0108
12.5591
12.0955
12.1799
12.0936
12.6477
12.7936
12.108
11.9937
12.1711
12.1588
12.6515
12.9054
12.1821
12.0465
12.5644
11.3683
12.0222
11.4237
11.7892
11.8826
12.6591
12.2298
13.1116
13.2559
12.3427
12.1648
12.271
12.5639
12.2788
12.9065
12.2101
12.4688
12.8718
13.0649
12.2512
11.9435
12.0238
12.731
12.1426
12.4222
12.3641
11.8083
12.1011
12.4407
12.2345
11.7087
12.5836
11.7691
11.7093
11.7717
11.7823
12.6545
11.6252
12.2112
12.0769
12.8239
12.2078
12.3748
12.7733
11.9491
12.5261
12.0204
12.1669
12.359
11.8116
12.1189
12.1219
11.6575
12.6847
12.8432
13.5574
12.1319
12.0012
12.3012
12.2837
12.347
12.0804
12.0806
12.2456
12.0774
12.7182
12.3219
12.4724
12.4998
12.2809
12.6095
12.9668
11.5033
12.1851
11.1942
12.0414
12.068
12.2578
12.5792
12.9871
12.8085
11.5892
12.0089
12.2174
11.9096
12.028
12.0628
12.3492
11.7413
11.7866
11.922
11.9402
12.0761
12.1616
11.8265
12.6191
11.7094
11.6041
11.8698
12.0248
12.2579
12.6114
12.5189
12.1838
12.5943
12.1243
12.6113
12.0957
12.9826
12.7899
13.0242
12.0571
11.6737
11.5661
11.867
12.5442
11.5448
12.6644
12.1378
12.0071
12.3267
12.3039
12.3318
12.0167
12.7109
12.1913
11.2587
12.2568
12.1559
11.1845
12.3391
11.7744
12.4937
12.6106
13.1168
12.0621
12.3493
13.0171
13.035
12.847
12.2425
12.0916
11.9108
12.3079
11.8438
12.113
11.9491
12.2662
12.3129
12.2715
