9.28849
7.24951
6.0974
5.44521
4.88227
4.44383
4.24716
4.08668
3.94608
3.81118
3.64196
3.48598
3.33984
3.34117
3.20947
3.02797
2.9826
2.95152
2.85565
2.77074
2.81762
2.83556
2.93017
2.90784
2.72035
2.77969
2.75838
2.77995
2.77382
2.72547
2.68347
2.66917
2.59657
2.68046
2.58554
2.57832
2.65451
2.59411
2.65094
2.65731
2.7356
2.76325
2.64264
2.59957
2.67686
2.82929
2.67227
2.66789
2.68368
2.64005
2.66441
2.68214
2.83477
2.73227
2.63841
2.65967
2.71158
2.7705
2.68833
2.77461
2.94191
2.82527
2.80497
2.74919
2.69962
2.65964
2.71153
2.66674
2.66255
2.6629
2.56982
2.71222
2.57084
2.59471
2.66324
2.64181
2.6547
2.61433
2.76252
2.6598
2.70523
2.62949
2.69541
2.60632
2.69327
2.60649
2.73423
2.66227
2.66032
2.61523
2.70006
2.77218
2.69856
2.77342
2.67903
2.70204
2.64953
2.73404
2.67789
2.62099
2.62675
2.69509
2.65394
2.67071
2.61075
2.75477
2.71751
2.56644
2.44491
2.5566
2.48187
2.44535
2.31435
2.48151
2.50043
2.4879
2.48286
2.55393
2.4747
2.64834
2.48176
2.50045
2.45755
2.4269
2.35378
2.32685
2.46968
2.37583
2.44347
2.36065
2.42697
2.52047
2.41112
2.38432
2.40366
2.4008
2.47191
2.43518
2.47134
2.37647
2.44336
2.31517
2.37038
2.40458
2.50368
2.43899
2.35102
2.45688
2.47754
2.43723
2.42876
2.38368
2.43369
2.36334
2.46438
2.37806
2.49656
2.36486
2.38043
2.46702
2.59909
2.36602
2.46046
2.48521
2.51425
2.36077
2.48501
2.48231
2.42818
2.36819
2.44661
2.4459
2.34281
2.37057
2.46368
2.45098
2.35156
2.45412
2.52219
2.53176
2.47682
2.42738
2.44997
2.3855
2.43077
2.54436
2.43865
2.33921
2.42201
2.57239
2.45067
2.40555
2.42614
2.52361
2.39852
2.47361
2.45705
2.4721
2.428
2.60715
2.51854
2.39417
2.47566
2.53075
2.4757
2.40133
2.45257
2.5038
2.43379
2.49553
2.33482
2.45725
2.50167
2.45152
2.50408
2.51935
2.34068
2.48646
2.45531
2.50593
2.49655
2.47405
2.46553
2.37798
2.51233
2.40263
2.46637
2.4056
2.45472
2.51899
2.44366
2.53933
2.50617
2.47395
2.42589
2.46817
2.57637
2.56545
2.52574
2.50272
2.45856
2.5385
2.49619
2.41627
2.49869
2.60057
2.42775
2.46622
2.47728
2.45694
2.58663
2.43496
2.51132
2.49969
2.49576
2.4503
2.46008
2.48104
2.51762
2.41433
2.50846
2.56632
2.53564
2.50463
2.59071
2.50928
2.45175
2.48945
2.41932
2.5514
2.5451
2.51135
2.50684
2.42159
2.58352
2.43447
2.51415
2.6113
2.52491
2.52041
2.52766
2.44473
2.61608
2.53923
2.54277
2.58196
2.56434
2.4995
2.50888
2.61287
2.51365
2.59354
2.51581
2.50502
2.52249
2.50643
2.52651
2.43679
2.57132
2.6315
2.45772
2.45918
2.41206
2.3931
2.56861
2.53744
2.54644
2.5465
2.49753
2.52221
2.47418
2.5249
2.55566
2.55182
2.42837
2.5351
2.49549
2.5282
2.55813
2.46629
2.55722
2.62279
2.53108
2.48586
2.53927
2.51589
2.52377
2.77182
2.58571
2.54806
2.51659
2.52442
2.57761
2.50207
2.48726
2.42438
2.52374
2.54789
2.5076
2.67276
2.60332
2.58038
2.57822
2.50225
2.56912
2.42465
2.45677
2.47944
2.54468
2.62621
2.56176
2.51968
2.37483
2.50284
2.49418
2.60305
2.43141
2.6058
2.57832
2.51189
2.59167
2.54688
2.54386
2.42569
2.59054
2.49834
2.57712
2.57353
2.56165
2.42419
2.62015
2.53387
2.55212
2.68272
2.57798
2.59658
2.4813
2.6553
2.49625
2.59571
2.61479
2.59468
2.5633
2.61602
2.43608
2.54327
2.51447
2.58591
2.56802
2.51191
2.66009
2.67807
2.64212
2.52688
2.56035
2.48817
2.67863
2.70548
2.63037
2.54295
2.55463
2.5725
2.5779
2.43814
2.51932
2.50851
2.58084
2.54375
2.53415
2.60951
2.6458
2.52973
2.69734
2.6068
2.60176
2.55756
2.57263
2.64084
2.58207
2.50443
2.57111
2.46585
2.58058
2.54564
2.56242
2.62673
2.59407
2.65199
2.60453
2.63326
2.61897
2.55894
2.55749
2.68315
2.61252
2.64933
2.58608
2.66978
2.53647
2.66077
2.61459
2.58988
2.47533
2.62318
2.5935
2.57792
2.51311
2.62621
2.53109
2.60103
2.75203
2.61095
2.54747
2.53038
2.5442
2.56933
2.50555
2.59433
2.7847
2.62508
2.49592
2.54541
2.62496
2.6165
2.70875
2.61577
2.54951
2.5316
2.52543
2.50683
2.5728
2.61744
2.63593
2.63995
2.56731
2.5657
2.58164
2.50015
2.60197
2.57995
2.6421
2.48735
2.64442
2.64942
2.49434
2.63158
2.59674
2.75428
2.56601
2.59747
2.60262
2.56682
2.55871
2.68959
2.54934
2.68451
2.56186
2.67247
2.55503
2.61708
2.63957
2.59676
2.63938
2.59011
2.62118
2.69791
2.73829
2.55587
2.66091
2.6
2.67614
2.58371
2.67847
2.56851
2.53082
2.66451
2.64996
2.5505
2.63279
2.7048
2.59686
2.53568
2.56855
2.60068
2.70682
2.67248
2.62533
2.67107
2.52704
2.69658
2.62668
2.74
2.61606
2.62702
2.65631
2.63429
2.58384
2.72916
2.73191
2.6856
2.64368
2.73968
2.70781
2.7309
2.61365
2.72757
2.49309
2.64332
2.70349
2.54965
2.55275
2.65298
2.72045
2.72467
2.62845
2.66281
2.65737
2.61981
2.50732
2.56432
2.62368
2.63177
2.6809
2.62858
2.56547
2.53802
2.64351
2.63583
2.68698
2.61977
2.72922
2.60382
2.58232
2.71157
2.64644
2.65619
2.59222
2.74038
2.73116
2.55338
2.66227
2.61662
2.60759
2.72836
2.62147
2.69003
2.65601
2.70883
2.61456
2.7847
2.52619
2.67273
2.59175
2.69709
2.68721
2.60356
2.61042
2.65894
2.54581
2.64267
2.72739
2.7203
2.63355
2.71744
2.60373
2.65113
2.60531
2.60437
2.64286
2.59643
2.73682
2.77836
2.59176
2.63992
2.7002
2.66883
2.72994
2.58367
2.57931
2.63281
2.69298
2.62351
2.5816
2.65372
2.67377
2.60666
2.66012
2.55227
2.64127
2.66403
2.5877
2.62099
2.62688
2.65831
2.60512
2.73006
2.78145
2.68985
2.65195
2.7747
2.66969
2.6619
2.63352
2.67983
2.7229
2.68111
2.76541
2.65127
2.77174
2.63214
2.76902
2.61974
2.61998
2.64275
2.68067
2.69985
2.57392
2.78246
2.72648
2.64279
2.63032
2.72166
2.75342
2.57351
2.66123
2.70033
2.66358
2.61803
2.7047
2.6136
2.64033
2.66379
2.70161
2.67155
2.75064
2.74733
2.75189
2.70115
2.67568
2.7075
2.66588
2.7218
2.72704
2.75901
2.74824
2.62379
2.74612
2.56599
2.61381
2.70807
2.76995
2.65183
2.59682
2.71862
2.62173
2.64832
2.76628
2.71345
2.62708
2.62791
2.55571
2.75743
2.76764
2.74088
2.74858
2.65674
2.67375
2.74048
2.80515
2.73302
2.583
2.62051
2.62988
2.63526
2.67541
2.68696
2.7032
2.63545
2.75604
2.79504
2.75586
2.5807
2.68733
2.54465
2.67736
2.68004
2.68434
2.76694
2.80664
2.50962
2.64108
2.81042
2.68069
2.70027
2.63406
2.52176
2.76969
2.77704
2.60406
2.6148
2.73745
2.76014
2.77165
2.74185
2.62671
2.68088
2.71366
2.7041
2.83015
2.52927
2.65459
2.62005
2.71778
2.65653
2.64092
2.68045
2.77509
2.81013
2.79899
2.65111
2.64734
2.67768
2.70963
2.63899
2.63535
2.75419
2.72093
2.73332
2.76597
2.66335
2.80273
2.72075
2.86938
2.77572
2.71992
2.59257
2.63054
2.74206
2.76044
2.65571
2.69608
2.75939
2.71184
2.66992
2.6996
2.77403
2.71034
2.70342
2.69288
2.61919
2.77883
2.81551
2.75061
2.80325
2.72726
2.63461
2.69602
2.68447
2.78305
2.69226
2.75519
2.77205
2.82792
2.78639
2.57658
2.72514
2.70739
2.60868
2.64621
2.60254
2.81472
2.72061
2.746
2.80491
2.7228
2.692
2.75914
2.71697
2.6275
2.6685
2.68403
2.71787
2.71064
2.72306
2.74937
2.73734
2.65982
2.79324
2.72676
2.67764
2.81075
2.7923
2.73156
2.71581
2.77943
2.76272
2.73704
2.60516
2.71859
2.61513
2.62799
2.78087
2.79709
2.69803
2.72703
2.76899
2.84453
2.56915
2.68664
2.63395
2.94933
2.74794
2.73312
2.8368
2.72537
2.76096
2.70643
2.78872
2.7602
2.75417
2.79224
2.72737
2.76022
2.73532
2.81013
2.7045
2.8034
2.63245
2.80811
2.7049
2.72539
2.86401
2.6553
2.70465
2.74806
2.70738
2.75328
2.67841
2.7385
2.80503
2.83152
2.73797
2.731
2.68688
2.70072
2.79337
2.75051
2.64813
2.66852
2.84606
2.73821
2.76744
2.79372
2.67899
2.6723
2.57573
2.74036
2.76041
2.81807
2.91841
2.73926
2.73543
2.8443
2.94356
2.90156
2.7217
2.76869
2.76
2.79585
2.74985
2.76226
2.77202
2.78736
2.81628
2.65078
2.74158
2.66869
2.72944
2.78251
2.73713
2.88358
2.82903
2.78693
2.90581
2.77027
2.64816
2.7177
2.6057
2.71618
2.73392
2.63184
2.79984
2.64941
2.78742
2.65117
2.65199
2.69
2.65443
2.68667
2.74442
2.8444
2.7975
2.66343
2.71831
2.8042
2.85688
2.86145
2.6314
2.81719
2.74552
2.86791
2.68559
2.76086
2.81039
2.7049
2.76281
2.82162
2.82592
2.75645
2.63166
2.84491
2.82405
2.71412
2.71217
2.8243
2.65321
2.73521
2.96803
2.61581
2.81469
2.70378
2.82617
2.71158
2.81762
2.6883
2.65591
2.73953
2.65335
2.70226
2.73619
2.87793
2.77789
2.73114
2.63851
2.77708
2.85285
2.82067
2.65663
2.77395
2.68222
2.69969
2.74341
2.77708
2.85507
2.77461
2.70224
2.90083
2.79642
2.8506
2.6552
2.84861
2.80734
2.82409
2.6796
2.72332
2.67511
2.90676
2.83951
2.82961
2.76265
2.63143
2.80251
2.81143
2.82235
2.80121
2.69306
2.73039
2.9545
2.74657
2.77842
2.84778
2.73335
2.7087
2.73082
2.8251
2.85334
2.63523
2.60783
2.75253
2.70849
2.73987
2.75056
2.81277
2.84368
2.71687
2.79261
2.65363
2.67451
2.69857
2.82079
2.80327
2.87306
2.77071
2.75596
2.6481
2.66112
2.83464
2.80682
2.7359
2.78365
2.70473
2.81487
2.85884
2.7775
2.74255
2.74354
2.76974
2.79732
2.83237
2.6801
2.7786
2.71742
2.77129
2.82968
2.63151
2.86736
2.74781
2.75653
2.70243
2.84296
2.75908
2.78078
2.87413
2.7833
2.571
2.76252
2.73941
2.78129
2.82634
2.78191
2.82354
2.77297
2.74727
2.669
2.83254
2.90071
2.9249
2.80691
2.67517
2.85363
2.87613
2.72794
2.75119
2.81549
2.75103
2.76415
2.78394
2.82167
2.77181
2.82708
2.95197
2.76359
2.94061
2.70928
2.78603
2.77051
2.70462
2.78848
2.87467
2.86205
2.74061
2.79219
2.75529
2.84994
2.87928
2.74967
2.77911
2.80014
2.73913
2.7456
2.74659
2.86149
2.80933
2.75398
2.85242
2.80069
2.80878
2.78677
2.71601
2.6835
2.85351
2.62714
2.65439
2.7065
2.78021
2.80761
2.74492
2.70485
2.72214
2.7096
2.72455
2.86342
2.71844
2.65044
2.82934
2.73879
2.81371
2.82463
2.7226
2.73129
2.80377
2.81897
2.82259
2.7143
2.77279
2.74657
2.91812
2.70367
2.56438
2.71871
2.72005
2.85191
2.70813
2.76818
2.76949
2.83154
2.61437
2.84262
2.86495
2.75679
2.86643
2.74917
2.77233
2.70913
2.81304
2.90937
2.86802
2.78996
2.66407
2.7999
2.65748
2.79548
2.84925
2.83683
2.76924
2.79197
2.77664
2.70067
2.86004
2.86357
2.88244
2.75432
2.86468
2.78526
2.74094
2.74643
2.74103
2.8547
2.87235
2.82728
2.75106
2.78857
2.76681
2.7807
2.64493
2.74293
2.7202
2.8056
2.82993
2.86664
2.91581
2.79061
2.76939
2.73212
2.83832
2.7356
2.69231
2.71016
2.8189
2.79482
2.82831
2.89499
2.85091
2.89945
2.77372
2.88674
2.76127
2.84503
2.80943
2.85041
2.69798
2.87316
2.70207
2.77049
2.85321
2.8486
2.78107
2.8021
2.86537
2.91354
2.90178
2.78128
2.75976
2.71908
2.7631
2.96769
2.7603
2.77039
2.78072
2.63702
2.68195
2.82346
2.73874
2.77724
2.80696
2.8751
2.76255
2.85305
2.77594
2.83821
2.87889
2.82905
2.93508
2.74167
2.77836
2.66885
2.81566
2.77224
2.83464
2.90671
2.71664
2.83713
2.91007
2.72097
2.87202
2.80244
2.84448
2.7677
2.744
2.81526
2.76142
2.85365
2.74797
2.80021
2.83773
2.6683
2.74906
2.81541
2.78325
2.84416
2.9223
2.88821
2.71487
2.7854
2.7399
2.74488
2.70457
2.84705
2.89882
2.92708
2.68958
2.79209
2.67795
2.87371
2.87334
2.92142
2.75097
2.74964
2.74651
2.76574
2.88305
2.92508
2.81254
2.86378
2.84103
2.85212
2.90553
2.73303
2.76154
2.66028
2.84595
2.90551
2.81567
2.77074
2.82616
2.93398
2.71302
2.84996
2.99455
2.88481
2.86962
2.7896
2.84364
2.76828
2.76659
2.863
2.78777
2.79818
2.77881
2.87016
2.9032
2.79773
2.75957
2.81891
2.80544
2.88037
2.93917
2.80155
2.7826
2.86357
2.66448
2.77821
2.65682
2.7229
2.75637
2.88013
2.81268
2.97845
3.00043
2.83236
2.80191
2.82956
2.88071
2.81832
2.9337
2.82071
2.84415
2.91544
2.96779
2.83782
2.76291
2.79043
2.91701
2.812
2.84072
2.85164
2.74064
2.79496
2.86888
2.82336
2.72169
2.87099
2.72278
2.72785
2.72456
2.73209
2.89213
2.70955
2.81353
2.77272
2.9202
2.80206
2.83568
2.91372
2.76527
2.8654
2.79396
2.80751
2.83195
2.74239
2.78079
2.78933
2.71641
2.89206
2.91141
3.0413
2.79478
2.76869
2.82942
2.80929
2.84429
2.78853
2.78856
2.82656
2.79009
2.90532
2.8427
2.84957
2.86458
2.83445
2.88841
2.93435
2.6842
2.81482
2.62175
2.77611
2.80187
2.82193
2.88492
2.96214
2.91949
2.68807
2.7663
2.81572
2.74859
2.77533
2.7618
2.82743
2.70853
2.73012
2.74344
2.76387
2.77787
2.78169
2.73628
2.87564
2.71136
2.69864
2.74187
2.76285
2.80036
2.86103
2.83722
2.77971
2.85391
2.77349
2.86557
2.78586
2.93735
2.89702
2.94394
2.7698
2.71583
2.6875
2.73844
2.85748
2.68631
2.88531
2.79033
2.7651
2.82372
2.81568
2.8362
2.77593
2.90584
2.81237
2.62641
2.83293
2.81047
2.61192
2.8294
2.70648
2.8521
2.8755
2.96747
2.78485
2.82244
2.92501
2.9491
2.89725
2.80028
2.77707
2.75445
2.80973
2.74247
2.77865
2.73902
2.79057
2.79372
2.8031
