9.35026
7.61557
6.44292
5.59499
5.08551
4.70906
4.57202
4.28989
4.15436
4.12954
3.92897
3.75948
3.66458
3.65444
3.52815
3.31009
3.33491
3.17341
3.19283
3.16496
2.96456
3.07532
2.92831
2.97516
2.85249
2.80951
2.78896
2.81178
2.82526
2.777
2.77549
2.80665
2.77056
2.72039
2.72161
2.69506
2.6653
2.66817
2.57888
2.72372
2.78369
2.71352
2.7271
2.79787
2.6579
2.65187
2.57223
2.70928
2.5778
2.65064
2.60903
2.60153
2.61915
2.74744
2.63639
2.63703
2.55465
2.48345
2.67601
2.67948
2.64131
2.62328
2.68063
2.64918
2.6398
2.60543
2.64648
2.64544
2.70559
2.86244
2.69152
2.65849
2.59961
2.72902
2.643
2.68798
2.6244
2.60219
2.7147
2.6408
2.64861
2.58432
2.66825
2.6567
2.67109
2.65713
2.72926
2.69641
2.7437
2.70932
2.82949
2.81339
2.62366
2.7446
2.7704
2.71307
2.63209
2.64157
2.68986
2.6459
2.60711
2.5831
2.69913
2.74226
2.80788
2.79048
2.73255
2.83783
2.78404
2.7811
2.80203
2.76813
2.82091
2.81329
2.60993
2.65973
2.78778
2.69941
2.7794
2.66953
2.72384
2.78468
2.82426
2.72317
2.74931
2.79286
2.74562
2.71368
2.65127
2.78618
2.71552
2.72026
2.72326
2.70478
2.71603
2.79022
2.77723
2.77898
2.79957
2.83386
2.81674
2.78417
2.80845
2.82774
2.80683
2.75226
2.77327
2.85658
2.7755
2.80718
2.89596
2.81567
2.91226
2.78549
2.75116
2.82065
2.72621
2.83157
2.91536
2.82306
2.82649
2.8477
2.83777
2.70625
2.93891
2.75814
2.8948
2.84242
2.80053
2.81223
2.88603
2.81723
2.8717
2.71781
2.88164
2.88329
2.79756
2.66919
2.72033
2.79093
2.79266
2.80671
2.85567
2.90057
2.90931
2.83537
2.84261
2.82669
2.92653
2.8451
2.81799
2.86065
2.88618
2.74811
2.80512
2.84438
2.83194
2.91338
2.76473
2.88408
2.82349
2.85323
2.8214
2.88878
3.02685
2.87583
2.89577
2.97048
2.97661
2.92806
2.89548
2.915
2.94025
2.85297
2.96526
2.904
2.98251
2.98371
2.92618
2.8559
2.8186
2.90102
2.94259
2.94855
2.78424
3.00154
2.89052
2.93216
2.83244
2.7845
2.79954
2.8696
2.86103
2.92543
2.74721
2.8303
3.02073
2.971
2.94671
2.84457
2.85738
2.93374
2.97843
2.9714
3.00192
2.91842
2.85667
3.01024
2.982
2.84183
2.92151
3.00074
2.85118
2.86781
3.05476
2.94644
2.97223
2.97189
3.00745
2.94558
2.81312
2.90922
2.94302
2.92615
2.92059
2.86883
2.91245
2.98181
2.95422
2.92241
2.98244
2.95941
2.93086
2.93474
3.01496
2.91335
2.85244
2.90047
3.03852
2.89801
3.02064
3.00404
2.97886
2.95899
3.01548
3.03613
2.91349
2.98961
2.94266
3.11461
3.07101
2.96756
3.02219
2.90863
3.17393
2.97506
3.05974
2.96808
2.82377
3.02476
3.01246
2.91611
2.9751
3.04636
3.00856
2.99767
2.93466
2.95605
2.91923
2.98188
2.92443
2.89662
2.96842
2.98311
3.03494
3.04803
2.9286
2.92713
2.84996
2.96481
2.91631
2.82648
2.83578
2.95084
2.91403
2.8932
3.05166
3.03528
3.02699
2.94436
3.02881
2.93745
2.91422
2.86372
2.97237
2.9313
2.93036
2.98477
2.87307
2.95736
3.00435
2.96418
2.95547
2.865
3.0891
3.00671
2.8281
3.09101
2.94784
3.04132
2.87195
2.95457
2.9357
2.9907
2.89673
2.94286
2.93709
3.12254
3.11403
3.08522
3.11633
2.99465
3.04903
2.87099
2.81197
2.96353
2.94801
2.84487
3.00924
2.97634
2.81419
2.94285
2.95154
2.99352
2.92201
2.93195
2.94845
2.99568
2.85505
2.96504
2.91885
2.94006
2.98387
2.9744
3.05431
2.94058
3.08726
3.07662
2.92058
2.94194
2.99908
2.98484
3.0498
3.01386
2.91991
3.09665
2.93182
2.99974
3.14948
2.9673
3.09704
3.00524
3.07866
2.90421
2.9319
2.90769
2.92336
3.10099
3.07511
3.10695
3.13816
3.04504
3.08063
3.00342
2.98416
2.98651
3.00097
3.07473
2.98572
2.9214
3.05675
3.1112
2.9298
3.15506
3.06712
2.98987
3.01674
2.96074
3.06925
3.02233
3.01934
3.02139
3.08107
3.13795
3.08811
3.02062
3.17146
3.11077
3.23217
3.07883
3.19563
3.08649
3.07984
3.10573
3.01771
3.02761
3.16615
2.99316
3.16991
3.0715
3.09779
2.98965
3.0485
3.01815
3.08811
3.07115
3.11243
2.96343
3.0161
2.96973
3.14471
3.21492
3.14549
3.08462
3.07107
2.98674
3.00858
3.04166
3.09284
3.0296
3.23439
3.03427
2.92183
3.05171
3.1986
3.02844
3.11264
3.115
2.9958
3.05394
3.0411
3.03688
3.10721
3.30683
3.05075
3.1482
3.1437
3.1531
3.13554
3.09375
3.1372
3.22714
3.21106
3.14989
3.10297
3.08705
3.19024
3.05277
3.20417
3.21914
3.28407
3.14474
3.29499
3.13661
3.09512
3.13889
3.26816
3.34585
3.38027
3.34201
3.19159
3.04377
3.2389
3.1636
3.13869
3.19375
3.09417
3.05189
3.26821
3.10292
3.05738
3.05068
3.13368
3.25327
3.31701
3.24739
3.16463
3.1754
3.33403
3.28936
3.21307
3.31201
3.06808
3.26069
3.27959
3.10274
3.25744
3.20314
3.2759
3.24482
3.23943
3.15002
3.11177
3.15396
3.0422
3.09229
3.15339
3.22574
3.04873
3.11587
3.16886
3.30219
3.17569
3.15612
3.1851
3.27345
3.22056
3.29448
3.10572
3.10981
3.16271
3.25857
3.1806
3.00501
3.19159
3.25074
3.14022
3.25484
3.22287
3.182
3.22476
3.28624
3.21703
3.12991
3.05125
3.34558
3.43379
3.06711
3.22483
3.22142
3.32413
3.09544
3.28652
3.14384
3.06675
3.22348
3.19363
3.10234
3.17125
3.17206
3.05391
3.19236
3.21176
3.16692
3.1524
3.10438
3.04021
3.08398
3.26626
3.22217
3.15092
3.07918
3.02039
3.20362
3.28655
3.22137
3.1552
3.14495
3.14827
3.15267
3.2392
3.30731
3.0649
3.18143
3.15421
3.1646
3.28644
3.15261
3.2198
3.1592
3.24778
3.16943
3.21138
3.18042
3.17387
3.23626
3.26177
3.28054
3.2226
3.31301
3.24676
3.23932
3.17411
3.1846
3.14498
3.23354
2.98605
3.08298
3.36866
3.333
3.12627
3.20331
3.18089
3.25667
3.32725
3.16906
3.2313
3.38088
3.35274
3.28028
3.2666
3.43723
3.20452
3.10425
3.24762
3.0815
3.28822
3.41049
3.15268
3.22402
3.15849
3.15637
3.35769
3.21899
3.22393
3.11274
3.27692
3.23651
3.17088
3.08312
3.08663
3.18173
3.16476
3.26339
3.21375
3.17212
3.17603
3.19227
3.25924
3.12076
3.06663
3.40667
3.22448
3.18973
3.10076
3.12256
3.14195
3.44353
3.17042
3.13984
3.27687
3.30195
3.24241
3.10009
3.15579
3.31239
3.13187
3.23863
3.18133
3.28237
3.14652
3.26572
3.18762
3.21269
3.23141
3.26555
3.13446
3.26015
3.29785
3.22375
3.17309
3.16368
3.06938
3.1491
3.19926
3.19359
3.23844
3.14835
3.06519
3.21409
3.17232
3.0922
3.19145
3.21655
3.29155
3.385
3.31743
3.3031
3.2226
3.16485
3.21952
3.17816
3.09389
3.32307
3.49951
3.11978
3.29396
3.36571
3.17225
3.29055
3.40058
3.19443
3.07735
3.05805
3.08915
3.26441
3.28245
3.21062
3.23432
3.29884
3.23991
3.18393
3.31479
3.27848
3.25093
3.24868
3.27547
3.25925
3.31097
3.34161
3.34606
3.4215
3.23511
3.2867
3.14165
3.1835
3.19369
3.246
3.14877
3.31172
3.23043
3.26821
3.28623
3.2707
3.29298
3.18485
3.19811
3.14483
3.29359
3.30778
3.22123
3.27619
3.24971
3.27973
3.37822
3.38957
3.242
3.13697
3.23717
3.25549
3.34074
3.23992
3.24508
3.27919
3.37518
3.31718
3.21516
3.46125
3.20707
3.35794
3.21797
3.34418
3.17532
3.23225
3.28417
3.29522
3.37687
3.11995
3.10766
3.26518
3.17661
3.14184
3.32671
3.35792
3.15782
3.26315
3.31896
3.27288
3.33465
3.21531
3.20134
3.26812
3.2756
3.25745
3.14178
3.23162
3.28467
3.34766
3.08272
3.25455
3.27988
3.25649
3.28941
3.35882
3.28649
3.35614
3.30888
3.09921
3.10513
3.09042
3.21521
3.2309
3.38769
3.39069
3.222
3.23542
3.26577
3.13739
3.20838
3.30725
3.2449
3.26377
3.32831
3.35579
3.23917
3.32201
3.39684
3.26381
3.20598
3.07773
3.25887
3.17458
3.18235
3.43479
3.42038
3.22248
3.35642
3.31897
3.19004
3.23027
3.3332
3.23275
3.29674
3.22522
3.3322
3.30559
3.43517
3.14606
3.25824
3.36077
3.222
3.26381
3.27946
3.30932
3.27421
3.23322
3.2681
3.34018
3.25598
3.24947
3.50696
3.34298
3.32262
3.37602
3.11724
3.22222
3.29049
3.28155
3.1274
3.11109
3.35967
3.39509
3.21983
3.18906
3.21484
3.2388
3.30751
3.31317
3.45454
3.32305
3.22225
3.18603
3.31006
3.48169
3.30624
3.42518
3.26259
3.08338
3.22007
3.32841
3.19421
3.43274
3.43533
3.33836
3.27056
3.32776
3.45445
3.22898
3.22828
3.33268
3.19147
3.22504
3.43695
3.33622
3.49606
3.41547
3.31441
3.25177
3.47659
3.21033
3.18262
3.48841
3.52197
3.47211
3.3462
3.25092
3.24707
3.30286
3.28092
3.39631
3.42212
3.27377
3.2793
3.33403
3.28585
3.2872
3.38581
2.99744
3.35394
3.13475
3.36865
3.36752
3.28561
3.25006
3.26392
3.30997
3.31902
3.25299
3.2608
3.07467
3.22375
3.24357
3.33771
3.32104
3.38288
3.27557
3.23321
3.42921
3.18314
3.37749
3.27946
3.40231
3.18756
3.28743
3.31138
3.18639
3.22018
3.30454
3.37499
3.20158
3.288
3.35558
3.29177
3.18145
3.34028
3.33235
3.35109
3.43212
3.36218
3.23107
3.19648
3.23215
3.31095
3.3165
3.38238
3.33158
3.19022
3.40666
3.19835
3.2418
3.36287
3.16952
3.14781
3.24282
3.25173
3.41296
3.34314
3.33624
3.47031
3.36023
3.4194
3.38633
3.39674
3.33036
3.24098
3.3131
3.29682
3.22475
3.43568
3.32605
3.24662
3.22997
3.2839
3.42895
3.45498
3.41685
3.32592
3.36446
3.38009
3.28685
3.48505
3.24457
3.50571
3.23999
3.2588
3.32894
3.33779
3.26111
3.3225
3.3523
3.38184
3.23982
3.09017
3.16218
3.32383
3.34228
3.31738
3.28432
3.32797
3.26383
3.24819
3.33933
3.2065
3.15983
3.34173
3.38417
3.30472
3.17406
3.34696
3.52689
3.40309
3.36078
3.46476
3.37763
3.23422
3.31631
3.50738
3.34945
3.39003
3.33121
3.28382
3.36929
3.30941
3.34011
3.30641
3.31674
3.28807
3.41533
3.2537
3.33866
3.34201
3.40318
3.40299
3.28924
3.37789
3.0979
3.27488
3.38664
3.31568
3.20106
3.13543
3.21656
3.40062
3.42921
3.3318
3.30804
3.35103
3.33603
3.30383
3.26645
3.22455
3.236
3.45355
3.41154
3.45543
3.15683
3.40417
3.23784
3.34313
3.20931
3.36227
3.30505
3.23427
3.35206
3.37637
3.39588
3.2741
3.28125
3.34281
3.24735
3.39762
3.28733
3.42414
3.40453
3.43043
3.41843
3.45679
3.23941
3.42851
3.33746
3.37266
3.41331
3.38319
3.37099
3.34671
3.24426
3.43101
3.12289
3.35019
3.40396
3.48467
3.29083
3.28206
3.49014
3.28522
3.51921
3.5011
3.38899
3.42555
3.33704
3.33213
3.23223
3.35711
3.34991
3.42583
3.4133
3.23854
3.22134
3.2481
3.42654
3.28595
3.53525
3.30861
3.41063
3.2456
3.47196
3.46387
3.30492
3.18065
3.21901
3.47465
3.40978
3.44082
3.39413
3.36348
3.38761
3.36488
3.35837
3.32924
3.53556
3.40898
3.44219
3.39509
3.25276
3.32511
3.39183
3.38124
3.31146
3.34188
3.40543
3.47758
3.46082
3.18961
3.43624
3.36628
3.37004
3.52439
3.43309
3.44874
3.37595
3.3008
3.26903
3.51884
3.48486
3.54408
3.44887
3.42071
3.37965
3.46979
3.35063
3.4328
3.3168
3.51635
3.50739
3.2767
3.34372
3.26784
3.2855
3.2014
3.35741
3.4664
3.32869
3.31594
3.43185
3.29618
3.41841
3.44254
3.28102
3.27953
3.319
3.60926
3.35128
3.40525
3.3205
3.436
3.51776
3.3082
3.22669
3.3243
3.48294
3.35084
3.38148
3.28808
3.46057
3.37864
3.42281
3.36367
3.30025
3.34269
3.32058
3.44878
3.38275
3.33505
3.33616
3.33948
3.37843
3.46249
3.1883
3.43143
3.52346
3.42111
3.60929
3.43758
3.47043
3.30271
3.35921
3.49212
3.22594
3.45922
3.44995
3.32384
3.24967
3.37964
3.40671
3.38008
3.31807
3.42073
3.45204
3.56582
3.38706
3.29386
3.46652
3.35316
3.30876
3.44585
3.40411
3.3328
3.38333
3.25975
3.13122
3.34696
3.37961
3.22652
3.50562
3.53925
3.3671
3.43433
3.56312
3.46082
3.396
3.2982
3.39383
3.35962
3.28533
3.27619
3.31997
3.29947
3.32321
3.27895
3.39124
3.35973
3.27971
3.39515
3.42384
3.23994
3.41088
3.4176
3.38881
3.23555
3.24281
3.55257
3.31198
3.27
3.39238
3.33924
3.48754
3.40006
3.45642
3.50071
3.3589
3.32701
3.26533
3.39565
3.30397
3.41172
3.45866
3.50182
3.48121
3.31731
3.30092
3.334
3.41203
3.33283
3.3241
3.40484
3.3692
3.47362
3.25267
3.35691
3.27031
3.29617
3.46495
3.43921
3.3706
3.28402
3.54571
3.39129
3.3793
3.47394
3.4149
3.32514
3.43449
3.37287
3.40583
3.25272
3.27177
3.48772
3.34422
3.46236
3.37701
3.379
3.40833
3.47875
3.31537
3.20822
3.53346
3.33039
3.3519
3.19524
3.38747
3.23165
3.41878
3.50335
3.45493
3.3693
3.31466
3.5421
3.48152
3.39625
3.4732
3.60441
3.40877
3.34188
3.43971
3.34915
3.31132
3.56014
3.60529
3.37228
3.47883
3.26436
3.31455
3.45271
3.50036
3.41154
3.35118
3.51678
3.3603
3.33359
3.31174
3.45901
3.44905
3.21078
3.4676
3.34253
3.20763
3.43132
3.47454
3.48499
3.50686
3.41331
3.42089
3.54779
3.47984
3.41316
3.4519
3.45176
3.57936
3.31029
3.32912
3.44184
3.37917
3.4357
3.47816
3.41661
3.50062
3.50355
3.39629
3.34353
3.44079
3.54467
3.42307
3.38182
3.46864
3.40464
3.41781
3.30544
3.36257
3.35788
3.33873
3.41119
3.54879
3.33654
3.37624
3.33122
3.47474
3.42561
3.30153
3.38625
3.40082
3.24772
3.3082
3.43203
3.53409
3.35171
3.34683
3.33641
3.40201
3.42023
3.47688
3.46481
3.34562
3.44735
3.4736
3.45509
3.53512
3.42005
3.51616
3.30722
3.40748
3.30285
3.40528
3.31555
3.47719
3.43754
3.5355
3.56966
3.32219
3.39469
3.38656
