   0.1226   0.2651

   0.0118   0.6032

   0.7880   0.8664

   0.7178   0.2721

   0.0071   0.4547

   0.9530   0.3703

   0.8361   0.1901

   0.6791   0.4952

   0.2900   0.3488

   0.8174   0.3859

   0.2971   0.6106

   0.1442   0.3915

   0.8903   0.3886

   0.7479   0.2287

   0.2891   0.9206

   0.3241   0.8649

   0.5019   0.3372

   0.7706   0.6051

   0.2674   0.0966

   0.8549   0.6493

   0.7162   0.9255

   0.8609   0.7747

   0.0449   0.5901

   0.0929   0.0804

   0.5641   0.2163

   0.2519   0.0315

   0.2929   0.2148

   0.6283   0.9337

   0.2647   0.7946

   0.7356   0.4481

   0.0946   0.1794

   0.6978   0.2714

   0.1962   0.4940

   0.9748   0.5346

