0 19395.8
1 13468.6
2 12577.1
3 11455.4
4 10473
5 9146.36
6 8389.63
7 7825.54
8 7227.49
9 6636.87
10 6251.38
11 5871.62
12 5259.99
13 4908.96
14 4690.88
15 4607.6
16 4479.21
17 4266.51
18 3930.83
19 3667.38
20 3559.68
21 3268.13
22 3077.89
23 2859.93
24 2814.55
25 2690.77
26 2573.83
27 2526.84
28 2412.72
29 2385.2
30 2304.28
31 2268.33
32 2268.33
33 2125.82
34 2037.26
35 1979.94
36 1917.28
37 1872.01
38 1815.58
39 1789.45
40 1786.56
41 1786.56
42 1786.56
43 1709.8
44 1709.8
45 1644.51
46 1608.95
47 1608.95
48 1581.28
49 1578.19
50 1565.31
51 1414.77
52 1358.07
53 1356.74
54 1354.92
55 1354.92
56 1339.25
57 1339.25
58 1339.25
59 1319.63
60 1289.15
61 1289.15
62 1287.58
63 1285.26
64 1285.26
65 1285.26
66 1285.26
67 1285.26
68 1285.26
69 1285.26
70 1285.26
71 1285.26
72 1285.26
73 1266.16
74 1262.41
75 1241.6
76 1241.6
77 1205.86
78 1204.72
79 1204.72
80 1191.62
81 1191.62
82 1191.62
83 1191.62
84 1191.62
85 1191.62
86 1191.62
87 1148.96
88 1130.28
89 1113.41
90 1108.26
91 1108.26
92 1108.26
93 1084.71
94 1059.02
95 1059.02
96 1059.02
97 1059.02
98 1059.02
99 1059.02
100 1059.02
101 1059.02
102 1059.02
103 1059.02
104 1059.02
105 1049.38
106 1049.38
107 1049.38
108 1049.38
109 1049.38
110 1035.53
111 1035.53
112 1035.53
113 1035.53
114 1033.27
115 1033.27
116 1033.27
117 1033.27
118 1033.27
119 1033.27
120 1033.27
121 1033.27
122 1033.27
123 1033.27
124 1033.27
125 1033.27
126 1033.27
127 1033.27
128 1033.27
129 1033.27
130 1033.27
131 1033.27
132 1033.27
133 1033.27
134 992.771
135 992.771
136 992.771
137 992.771
138 991.871
139 991.871
140 991.871
141 991.871
142 970.622
143 970.622
144 970.622
145 970.622
146 965.278
147 965.278
148 965.278
149 965.278
150 965.278
151 965.278
152 965.278
153 965.278
154 965.278
155 965.278
156 965.278
157 965.278
158 965.278
159 965.278
160 965.278
161 965.278
162 965.278
163 965.278
164 963.001
165 960.653
166 960.653
167 960.653
168 960.653
169 960.653
170 960.653
171 960.653
172 960.653
173 960.653
174 960.653
175 960.653
176 960.653
177 960.653
178 960.653
179 960.653
180 960.653
181 960.653
182 960.653
183 960.653
184 960.653
185 960.653
186 960.653
187 960.653
188 960.653
189 960.653
190 960.653
191 960.653
192 960.653
193 960.653
194 960.653
195 960.653
196 960.653
197 960.653
198 960.653
199 960.653
200 960.653
201 960.653
202 960.653
203 960.653
204 960.653
205 960.653
206 949.992
207 949.992
208 949.992
209 949.992
210 946.249
211 946.249
212 946.249
213 946.249
214 946.249
215 946.249
216 946.249
217 946.249
218 946.249
219 946.249
220 946.249
221 946.249
222 946.249
223 946.249
224 946.249
225 946.249
226 946.249
227 946.249
228 946.249
229 946.249
230 946.249
231 946.249
232 946.249
233 946.249
234 946.249
235 946.249
236 946.249
237 946.249
238 946.249
239 946.249
240 946.249
241 946.249
242 946.249
243 946.249
244 946.249
245 946.249
246 946.249
247 946.249
248 946.249
249 946.249
250 946.249
251 946.249
252 946.249
253 946.249
254 946.249
255 946.249
256 946.249
257 946.249
258 946.249
259 946.249
260 946.249
261 946.249
262 946.249
263 946.249
264 946.249
265 946.249
266 946.249
267 946.249
268 946.249
269 946.249
270 946.249
271 946.249
272 946.249
273 929.694
274 929.694
275 929.694
276 929.694
277 929.694
278 929.694
279 929.694
280 929.694
281 929.694
282 929.694
283 929.694
284 929.694
285 929.694
286 929.694
287 929.694
288 929.694
289 929.694
290 929.694
291 929.694
292 929.694
293 929.694
294 929.694
295 929.694
296 929.694
297 929.694
298 929.694
299 929.694
300 929.694
301 929.694
302 929.694
303 929.694
304 929.694
305 929.694
306 929.694
307 929.694
308 929.694
309 929.694
310 929.694
311 929.694
312 929.694
313 929.694
314 929.694
315 929.694
316 929.694
317 929.694
318 929.694
319 929.694
320 929.694
321 929.694
322 929.694
323 929.694
324 929.694
325 929.694
326 929.694
327 929.694
328 929.694
329 929.694
330 929.694
331 929.694
332 929.694
333 929.694
334 929.694
335 929.694
336 929.694
337 929.694
338 929.694
339 929.694
340 929.694
341 929.694
342 929.694
343 929.694
344 929.694
345 929.694
346 929.694
347 929.694
348 929.694
349 929.694
350 929.694
351 929.694
352 929.694
353 929.694
354 929.694
355 929.694
356 929.694
357 929.694
358 929.694
359 929.694
360 929.694
361 929.694
362 929.694
363 929.694
364 929.694
365 929.694
366 929.694
367 929.694
368 929.694
369 929.694
370 929.694
371 929.694
372 929.694
373 929.694
374 929.694
375 929.694
376 929.694
377 929.694
378 929.694
379 929.694
380 929.694
381 929.694
382 929.694
383 929.694
384 929.694
385 929.694
386 929.694
387 929.694
388 929.694
389 929.694
390 929.694
391 929.694
392 929.694
393 929.694
394 929.694
395 929.694
396 929.694
397 929.694
398 929.694
399 929.694
400 929.694
401 929.694
402 929.694
403 929.694
404 929.694
405 929.694
406 929.694
407 929.694
408 929.694
409 929.694
410 929.694
411 929.694
412 929.694
413 929.694
414 929.694
415 929.694
416 929.694
417 929.694
418 929.694
419 929.694
420 929.694
421 929.694
422 929.694
423 929.694
424 929.694
425 929.694
426 929.694
427 929.694
428 929.694
429 929.694
430 929.694
431 929.694
432 929.694
433 929.694
434 929.694
435 929.694
436 929.694
437 929.694
438 929.694
439 929.694
440 929.694
441 929.694
442 929.694
443 929.694
444 929.694
445 929.694
446 929.694
447 929.694
448 929.694
449 929.694
450 929.694
451 929.694
452 929.694
453 929.694
454 929.694
455 929.694
456 929.694
457 929.694
458 929.694
459 929.694
460 929.694
461 929.694
462 929.694
463 929.694
464 929.694
465 929.694
466 929.694
467 929.694
468 929.694
469 929.694
470 929.694
471 929.694
472 929.694
473 929.694
474 929.694
475 929.694
476 929.694
477 929.694
478 929.694
479 929.694
480 929.694
481 929.694
482 929.694
483 929.694
484 929.694
485 929.694
486 929.694
487 929.694
488 929.694
489 929.694
490 929.694
491 929.694
492 929.694
493 929.694
494 929.694
495 929.694
496 929.694
497 929.694
498 929.694
499 929.694
500 929.694
501 929.694
502 929.694
503 929.694
504 929.694
505 929.694
506 929.694
507 929.694
508 929.694
509 929.694
510 929.694
511 929.694
512 929.694
513 929.694
514 929.694
515 929.694
516 929.694
517 929.694
518 929.694
519 929.694
520 929.694
521 929.694
522 929.694
523 929.694
524 929.694
525 929.694
526 929.694
527 929.694
528 929.694
529 929.694
530 929.694
531 929.694
532 929.694
533 929.694
534 929.694
535 929.694
536 929.694
537 929.694
538 929.694
539 929.694
540 929.694
541 929.694
542 929.694
543 929.694
544 929.694
545 929.694
546 929.694
547 929.694
548 929.694
549 929.694
550 929.694
551 929.694
552 929.694
553 929.694
554 929.694
555 929.694
556 929.694
557 929.694
558 929.694
559 929.694
560 929.694
561 929.694
562 929.694
563 929.694
564 929.694
565 929.694
566 929.694
567 929.694
568 929.694
569 929.694
570 929.694
571 929.694
572 929.694
573 929.694
574 929.694
575 929.694
576 929.694
577 929.694
578 929.694
579 929.694
580 929.694
581 929.694
582 929.694
583 929.694
584 929.694
585 929.694
586 929.694
587 929.694
588 929.694
589 929.694
590 929.694
591 929.694
592 929.694
593 929.694
594 929.694
595 929.694
596 929.694
597 929.694
598 929.694
599 929.694
600 929.694
601 929.694
602 929.694
603 929.694
604 929.694
605 929.694
606 929.694
607 929.694
608 929.694
609 929.694
610 929.694
611 929.694
612 929.694
613 929.694
614 929.694
615 929.694
616 929.694
617 929.694
618 929.694
619 929.694
620 929.694
621 929.694
622 929.694
623 929.694
624 929.694
625 929.694
626 929.694
627 929.694
628 929.694
629 929.694
630 929.694
631 929.694
632 929.694
633 929.694
634 929.694
635 929.694
636 929.694
637 929.694
638 929.694
639 929.694
640 929.694
641 929.694
642 929.694
643 929.694
644 929.694
645 929.694
646 929.694
647 929.694
648 929.694
649 929.694
650 929.694
651 929.694
652 929.694
653 929.694
654 929.694
655 929.694
656 929.694
657 929.694
658 929.694
659 929.694
660 929.694
661 929.694
662 929.694
663 929.694
664 929.694
665 929.694
666 929.694
667 929.694
668 929.694
669 929.694
670 929.694
671 929.694
672 929.694
673 929.694
674 929.694
675 929.694
676 929.694
677 929.694
678 929.694
679 929.694
680 929.694
681 929.694
682 929.694
683 929.694
684 929.694
685 929.694
686 929.694
687 929.694
688 929.694
689 929.694
690 929.694
691 929.694
692 929.694
693 929.694
694 929.694
695 929.694
696 929.694
697 929.694
698 929.694
699 929.694
700 929.694
701 929.694
702 929.694
703 929.694
704 929.694
705 929.694
706 929.694
707 929.694
708 929.694
709 929.694
710 929.694
711 929.694
712 929.694
713 929.694
714 929.694
715 929.694
716 929.694
717 929.694
718 929.694
719 929.694
720 929.694
721 929.694
722 929.694
723 929.694
724 929.694
725 929.694
726 929.694
727 929.694
728 929.694
729 929.694
730 929.694
731 929.694
732 929.694
733 929.694
734 929.694
735 929.694
736 929.694
737 929.694
738 929.694
739 929.694
740 929.694
741 929.694
742 929.694
743 929.694
744 929.694
745 929.694
746 929.694
747 929.694
748 929.694
749 929.694
750 929.694
751 929.694
752 929.694
753 929.694
754 929.694
755 929.694
756 929.694
757 929.694
758 929.694
759 929.694
760 929.694
761 929.694
762 929.694
763 929.694
764 929.694
765 929.694
766 929.694
767 929.694
768 929.694
769 929.694
770 929.694
771 929.694
772 929.694
773 929.694
774 929.694
775 929.694
776 929.694
777 929.694
778 929.694
779 929.694
780 929.694
781 929.694
782 929.694
783 929.694
784 929.694
785 929.694
786 929.694
787 929.694
788 929.694
789 929.694
790 929.694
791 929.694
792 929.694
793 929.694
794 929.694
795 929.694
796 929.694
797 929.694
798 929.694
799 929.694
800 929.694
801 929.694
802 929.694
803 929.694
804 929.694
805 929.694
806 929.694
807 929.694
808 929.694
809 929.694
810 929.694
811 929.694
812 929.694
813 929.694
814 929.694
815 929.694
816 929.694
817 929.694
818 929.694
819 929.694
820 929.694
821 929.694
822 929.694
823 929.694
824 929.694
825 929.694
826 929.694
827 929.694
828 929.694
829 929.694
830 929.694
831 929.694
832 929.694
833 929.694
834 929.694
835 929.694
836 929.694
837 929.694
838 929.694
839 929.694
840 929.694
841 929.694
842 929.694
843 929.694
844 929.694
845 929.694
846 929.694
847 929.694
848 929.694
849 929.694
850 929.694
851 929.694
852 929.694
853 929.694
854 929.694
855 929.694
856 929.694
857 929.694
858 929.694
859 929.694
860 929.694
861 929.694
862 929.694
863 929.694
864 929.694
865 929.694
866 929.694
867 929.694
868 929.694
869 929.694
870 929.694
871 929.694
872 929.694
873 929.694
874 929.694
875 929.694
876 929.694
877 929.694
878 929.694
879 929.694
880 929.694
881 929.694
882 929.694
883 929.694
884 929.694
885 929.694
886 929.694
887 929.694
888 929.694
889 929.694
890 929.694
891 929.694
892 929.694
893 929.694
894 929.694
895 929.694
896 929.694
897 929.694
898 929.694
899 929.694
900 929.694
901 929.694
902 929.694
903 929.694
904 929.694
905 929.694
906 929.694
907 929.694
908 929.694
909 929.694
910 929.694
911 929.694
912 929.694
913 929.694
914 929.694
915 929.694
916 929.694
917 929.694
918 929.694
919 929.694
920 929.694
921 929.694
922 929.694
923 929.694
924 929.694
925 929.694
926 929.694
927 929.694
928 929.694
929 929.694
930 929.694
931 929.694
932 929.694
933 929.694
934 929.694
935 929.694
936 929.694
937 929.694
938 929.694
939 929.694
940 929.694
941 929.694
942 929.694
943 929.694
944 929.694
945 929.694
946 929.694
947 929.694
948 929.694
949 929.694
950 929.694
951 929.694
952 929.694
953 929.694
954 929.694
955 929.694
956 929.694
957 929.694
958 929.694
959 929.694
960 929.694
961 929.694
962 929.694
963 929.694
964 929.694
965 929.694
966 929.694
967 929.694
968 929.694
969 929.694
970 929.694
971 929.694
972 929.694
973 929.694
974 929.694
975 929.694
976 929.694
977 929.694
978 929.694
979 929.694
980 929.694
981 929.694
982 929.694
983 929.694
984 929.694
985 929.694
986 929.694
987 929.694
988 929.694
989 929.694
990 929.694
991 929.694
992 929.694
993 929.694
994 929.694
995 929.694
996 929.694
997 929.694
998 929.694
999 929.694
1000 929.694
1001 929.694
1002 929.694
1003 929.694
1004 929.694
1005 929.694
1006 929.694
1007 929.694
1008 929.694
1009 929.694
1010 929.694
1011 929.694
1012 929.694
1013 929.694
1014 929.694
1015 929.694
1016 929.694
1017 929.694
1018 929.694
1019 929.694
1020 929.694
1021 929.694
1022 929.694
1023 929.694
1024 929.694
1025 929.694
1026 929.694
1027 929.694
1028 929.694
1029 929.694
1030 929.694
1031 929.694
1032 929.694
1033 929.694
1034 929.694
1035 929.694
1036 929.694
1037 929.694
1038 929.694
1039 929.694
1040 929.694
1041 929.694
1042 929.694
1043 929.694
1044 929.694
1045 929.694
1046 929.694
1047 929.694
1048 929.694
1049 929.694
1050 929.694
1051 929.694
1052 929.694
1053 929.694
1054 929.694
1055 929.694
1056 929.694
1057 929.694
1058 929.694
1059 929.694
1060 929.694
1061 929.694
1062 929.694
1063 929.694
1064 929.694
1065 929.694
1066 929.694
1067 929.694
1068 929.694
1069 929.694
1070 929.694
1071 929.694
1072 929.694
1073 929.694
1074 929.694
1075 929.694
1076 929.694
1077 929.694
1078 929.694
1079 929.694
1080 929.694
1081 929.694
1082 929.694
1083 929.694
1084 929.694
1085 929.694
1086 929.694
1087 929.694
1088 929.694
1089 929.694
1090 929.694
1091 929.694
1092 929.694
1093 929.694
1094 929.694
1095 929.694
1096 929.694
1097 929.694
1098 929.694
1099 929.694
1100 929.694
1101 929.694
1102 929.694
1103 929.694
1104 929.694
1105 929.694
1106 929.694
1107 929.694
1108 929.694
1109 929.694
1110 929.694
1111 929.694
1112 929.694
1113 929.694
1114 929.694
1115 929.694
1116 929.694
1117 929.694
1118 929.694
1119 929.694
1120 929.694
1121 929.694
1122 929.694
1123 929.694
1124 929.694
1125 929.694
1126 929.694
1127 929.694
1128 929.694
1129 929.694
1130 929.694
1131 929.694
1132 929.694
1133 929.694
1134 929.694
1135 929.694
1136 929.694
1137 929.694
1138 929.694
1139 929.694
1140 929.694
1141 929.694
1142 929.694
1143 929.694
1144 929.694
1145 929.694
1146 929.694
1147 929.694
1148 929.694
1149 929.694
1150 929.694
1151 929.694
1152 929.694
1153 929.694
1154 929.694
1155 929.694
1156 929.694
1157 929.694
1158 929.694
1159 929.694
1160 929.694
1161 929.694
1162 929.694
1163 929.694
1164 929.694
1165 929.694
1166 929.694
1167 929.694
1168 929.694
1169 929.694
1170 929.694
1171 929.694
1172 929.694
1173 929.694
1174 929.694
1175 929.694
1176 929.694
1177 929.694
1178 929.694
1179 929.694
1180 929.694
1181 929.694
1182 929.694
1183 929.694
1184 929.694
1185 929.694
1186 929.694
1187 929.694
1188 929.694
1189 929.694
1190 929.694
1191 929.694
1192 927.082
1193 927.082
1194 927.082
1195 927.082
1196 927.082
1197 927.082
1198 927.082
1199 927.082
1200 927.082
1201 927.082
1202 927.082
1203 927.082
1204 927.082
1205 927.082
1206 927.082
1207 927.082
1208 927.082
1209 927.082
1210 927.082
1211 927.082
1212 927.082
1213 927.082
1214 927.082
1215 927.082
1216 927.082
1217 927.082
1218 927.082
1219 927.082
1220 927.082
1221 927.082
1222 927.082
1223 927.082
1224 927.082
1225 927.082
1226 927.082
1227 927.082
1228 927.082
1229 927.082
1230 927.082
1231 927.082
1232 927.082
1233 927.082
1234 927.082
1235 927.082
1236 927.082
1237 927.082
1238 927.082
1239 927.082
1240 927.082
1241 927.082
1242 927.082
1243 927.082
1244 927.082
1245 927.082
1246 927.082
1247 927.082
1248 927.082
1249 927.082
1250 927.082
1251 927.082
1252 927.082
1253 927.082
1254 927.082
1255 927.082
1256 927.082
1257 927.082
1258 927.082
1259 927.082
1260 927.082
1261 927.082
1262 927.082
1263 927.082
1264 927.082
1265 927.082
1266 927.082
1267 927.082
1268 927.082
1269 927.082
1270 927.082
1271 927.082
1272 927.082
1273 927.082
1274 927.082
1275 927.082
1276 927.082
1277 927.082
1278 927.082
1279 927.082
1280 927.082
1281 927.082
1282 927.082
1283 927.082
1284 927.082
1285 927.082
1286 927.082
1287 927.082
1288 927.082
1289 927.082
1290 927.082
1291 927.082
1292 927.082
1293 927.082
1294 927.082
1295 927.082
1296 927.082
1297 927.082
1298 927.082
1299 927.082
1300 927.082
1301 927.082
1302 927.082
1303 927.082
1304 927.082
1305 927.082
1306 927.082
1307 927.082
1308 927.082
1309 927.082
1310 927.082
1311 927.082
1312 927.082
1313 927.082
1314 927.082
1315 927.082
1316 927.082
1317 927.082
1318 927.082
1319 927.082
1320 927.082
1321 927.082
1322 927.082
1323 927.082
1324 927.082
1325 927.082
1326 927.082
1327 927.082
1328 927.082
1329 927.082
1330 927.082
1331 927.082
1332 927.082
1333 927.082
1334 927.082
1335 927.082
1336 927.082
1337 927.082
1338 927.082
1339 927.082
1340 927.082
1341 927.082
1342 927.082
1343 927.082
1344 927.082
1345 927.082
1346 927.082
1347 927.082
1348 927.082
1349 927.082
1350 927.082
1351 927.082
1352 927.082
1353 927.082
1354 927.082
1355 927.082
1356 927.082
1357 927.082
1358 927.082
1359 927.082
1360 927.082
1361 927.082
1362 927.082
1363 927.082
1364 927.082
1365 927.082
1366 927.082
1367 927.082
1368 927.082
1369 927.082
1370 927.082
1371 927.082
1372 927.082
1373 927.082
1374 927.082
1375 927.082
1376 927.082
1377 927.082
1378 927.082
1379 927.082
1380 927.082
1381 927.082
1382 927.082
1383 927.082
1384 927.082
1385 927.082
1386 927.082
1387 927.082
1388 927.082
1389 927.082
1390 927.082
1391 927.082
1392 927.082
1393 927.082
1394 927.082
1395 927.082
1396 927.082
1397 927.082
1398 927.082
1399 927.082
1400 927.082
1401 927.082
1402 927.082
1403 927.082
1404 927.082
1405 927.082
1406 927.082
1407 927.082
1408 927.082
1409 927.082
1410 927.082
1411 927.082
1412 927.082
1413 927.082
1414 927.082
1415 927.082
1416 927.082
1417 927.082
1418 927.082
1419 927.082
1420 927.082
1421 927.082
1422 927.082
1423 927.082
1424 927.082
1425 927.082
1426 927.082
1427 927.082
1428 927.082
1429 927.082
1430 927.082
1431 927.082
1432 927.082
1433 927.082
1434 927.082
1435 927.082
1436 927.082
1437 927.082
1438 927.082
1439 927.082
1440 927.082
1441 927.082
1442 927.082
1443 927.082
1444 927.082
1445 927.082
1446 927.082
1447 927.082
1448 927.082
1449 927.082
1450 927.082
1451 927.082
1452 927.082
1453 927.082
1454 927.082
1455 927.082
1456 927.082
1457 927.082
1458 927.082
1459 927.082
1460 927.082
1461 927.082
1462 927.082
1463 927.082
1464 927.082
1465 927.082
1466 927.082
1467 927.082
1468 927.082
1469 927.082
1470 927.082
1471 927.082
1472 927.082
1473 927.082
1474 927.082
1475 927.082
1476 927.082
1477 927.082
1478 927.082
1479 927.082
1480 927.082
1481 927.082
1482 927.082
1483 927.082
1484 927.082
1485 927.082
1486 927.082
1487 927.082
1488 927.082
1489 927.082
1490 927.082
1491 927.082
1492 927.082
1493 927.082
1494 927.082
1495 927.082
1496 927.082
1497 927.082
1498 927.082
1499 927.082
1500 927.082
1501 927.082
1502 927.082
1503 927.082
1504 927.082
1505 927.082
1506 927.082
1507 927.082
1508 927.082
1509 927.082
1510 927.082
1511 927.082
1512 927.082
1513 927.082
1514 927.082
1515 927.082
1516 927.082
1517 927.082
1518 927.082
1519 927.082
1520 927.082
1521 927.082
1522 927.082
1523 927.082
1524 927.082
1525 927.082
1526 927.082
1527 927.082
1528 927.082
1529 927.082
1530 927.082
1531 927.082
1532 927.082
1533 927.082
1534 927.082
1535 927.082
1536 927.082
1537 927.082
1538 927.082
1539 927.082
1540 927.082
1541 927.082
1542 927.082
1543 927.082
1544 927.082
1545 927.082
1546 927.082
1547 927.082
1548 927.082
1549 927.082
1550 927.082
1551 927.082
1552 927.082
1553 927.082
1554 927.082
1555 927.082
1556 927.082
1557 927.082
1558 927.082
1559 927.082
1560 927.082
1561 927.082
1562 927.082
1563 927.082
1564 927.082
1565 927.082
1566 927.082
1567 927.082
1568 927.082
1569 927.082
1570 927.082
1571 927.082
1572 927.082
1573 927.082
1574 927.082
1575 927.082
1576 927.082
1577 927.082
1578 927.082
1579 927.082
1580 927.082
1581 927.082
1582 927.082
1583 927.082
1584 927.082
1585 927.082
1586 927.082
1587 927.082
1588 927.082
1589 927.082
1590 927.082
1591 927.082
1592 927.082
1593 927.082
1594 927.082
1595 927.082
1596 927.082
1597 927.082
1598 927.082
1599 927.082
1600 927.082
1601 927.082
1602 927.082
1603 927.082
1604 927.082
1605 927.082
1606 927.082
1607 927.082
1608 927.082
1609 927.082
1610 927.082
1611 927.082
1612 927.082
1613 927.082
1614 927.082
1615 927.082
1616 927.082
1617 927.082
1618 927.082
1619 927.082
1620 927.082
1621 927.082
1622 927.082
1623 927.082
1624 927.082
1625 927.082
1626 927.082
1627 927.082
1628 927.082
1629 927.082
1630 927.082
1631 927.082
1632 927.082
1633 927.082
1634 927.082
1635 927.082
1636 927.082
1637 927.082
1638 927.082
1639 927.082
1640 927.082
1641 927.082
1642 927.082
1643 927.082
1644 927.082
1645 927.082
1646 927.082
1647 927.082
1648 927.082
1649 927.082
1650 927.082
1651 927.082
1652 927.082
1653 927.082
1654 927.082
1655 927.082
1656 927.082
1657 927.082
1658 927.082
1659 927.082
1660 927.082
1661 927.082
1662 927.082
1663 927.082
1664 927.082
1665 927.082
1666 927.082
1667 927.082
1668 927.082
1669 927.082
1670 927.082
1671 927.082
1672 927.082
1673 927.082
1674 927.082
1675 927.082
1676 927.082
1677 927.082
1678 927.082
1679 927.082
1680 927.082
1681 927.082
1682 927.082
1683 927.082
1684 927.082
1685 927.082
1686 927.082
1687 927.082
1688 927.082
1689 927.082
1690 927.082
1691 927.082
1692 927.082
1693 927.082
1694 927.082
1695 927.082
1696 927.082
1697 927.082
1698 927.082
1699 927.082
1700 927.082
1701 927.082
1702 927.082
1703 927.082
1704 927.082
1705 927.082
1706 927.082
1707 927.082
1708 927.082
1709 927.082
1710 927.082
1711 927.082
1712 927.082
1713 927.082
1714 927.082
1715 927.082
1716 927.082
1717 927.082
1718 927.082
1719 927.082
1720 927.082
1721 927.082
1722 927.082
1723 927.082
1724 927.082
1725 927.082
1726 927.082
1727 927.082
1728 927.082
1729 927.082
1730 927.082
1731 927.082
1732 927.082
1733 927.082
1734 927.082
1735 927.082
1736 927.082
1737 927.082
1738 927.082
1739 927.082
1740 927.082
1741 927.082
1742 927.082
1743 927.082
1744 927.082
1745 927.082
1746 927.082
1747 927.082
1748 927.082
1749 927.082
