27394.9
23391.9
19011.7
16404.6
15056.9
13808
12907.7
11926.4
11244.1
10600.4
9859.14
9284.54
8938.66
8659.71
8359.54
8081.3
7820.04
7601.96
7394.93
7087.22
6920.57
6636.11
6434.48
6095.31
5650.31
5828.53
5303.39
5318.9
5425.3
5311.13
5118.44
5068.22
4845.37
5021.89
4783.33
4663.34
4812.35
4672.91
4725.56
4632.86
4726.97
4846.81
4550.9
4512.68
4367.58
4698.8
4489.55
4552.57
4417.75
4311.8
4455.23
4600.55
4822.29
4387.12
4191.51
4282.98
4295.6
4536.15
4368.65
4249.1
4399.9
4381.31
4561.06
4442.25
4377.57
4236.95
4370.95
4316.42
4273.58
4302.32
4043.77
4319.48
4100.78
4065.78
4233.24
4152.44
4263.55
4170.89
4649.27
4408.89
4440.56
4202.07
4302.74
4102.61
4314.91
4018.93
4359.89
4267.93
4243.66
4033.94
4153.47
4252.45
4181.25
4428.47
4264.06
4394.2
4127.2
4166.51
4093.3
3957.46
4012.19
4202.41
4044.92
4110.12
3953.4
4296.93
4269.17
4092.55
3960.5
4258.77
4062.51
3991.62
3695.5
4117.96
4121.8
4123.22
4155.96
4344.89
4148.97
4551.21
4048.23
4192.51
4247.45
4146.15
4078.11
3876.58
4280.37
4111.73
4283.11
4090.78
4197.75
4442.49
4125.68
4080.54
4231.29
4349.03
4487.14
4232.77
4255.45
4066.79
4262.55
3856.22
3984.87
4061.13
4215.07
4055.19
3778.49
4065.02
4235.03
4114.94
4154.43
4014.5
4114.17
3928.96
4167.72
4013.38
4329.29
3973.73
4056.68
4150.9
4483.07
3893.4
4220.46
4291.2
4316.15
3964.49
4277.46
4227.87
4071.03
3975.55
4126.33
4119.36
3906.38
3957.18
4242.95
4124.98
3898.22
4206.92
4364.12
4388.57
4265.48
4089.87
4117.59
4048.65
4122.43
4288.56
4195.34
3885.98
4105.12
4401.63
4150.73
4069.24
4141.35
4396.73
4055.55
4221.37
4229.22
4195.46
4077.49
4481.84
4304.27
4099.18
4284.11
4291.24
4149.41
4012.78
4225.51
4262.49
4076.14
4201.49
3926.66
4136.52
4209.92
4076.88
4271.14
4364.12
3927.09
4291.83
4108.1
4259.45
4158.76
4176.5
4280.65
3946.27
4308.93
4070.7
4171.14
3990.05
4106.71
4293.89
4111.2
4184.66
4239.77
4175.32
4069.75
4190.93
4485.36
4465.8
4293.16
4269.25
4170.55
4316.23
4316.11
3971.35
4202.67
4419.39
3989.69
4162.05
4173.02
4162.57
4425.78
4139.13
4266.13
4218.52
4190.83
4150.04
4158.86
4174.48
4290.26
4054.28
4207.46
4402.89
4330.02
4314.34
4390.65
4287.5
4163.42
4197.83
4009.68
4356.49
4371.42
4260.99
4269.04
4013.66
4438.94
4084.11
4347.78
4575.35
4376.82
4393.27
4384.68
4188.26
4521.52
4329.26
4399.09
4496.11
4467.79
4281.61
4242.84
4548.34
4290.09
4459.85
4302.66
4252.08
4290.29
4261.66
4321.29
4197.43
4430.16
4528.37
4147.28
4209.03
4079.09
3986.43
4473.21
4379.1
4469.94
4352.97
4244.51
4308.31
4301.08
4378.15
4455.44
4407.7
4010.16
4395.71
4297.28
4414.9
4400.03
4255.79
4383.7
4585.38
4300.7
4256.52
4435.01
4307.79
4341.4
4852.67
4410.11
4360.3
4291.48
4344.27
4495.61
4269.32
4238.76
4198.81
4336.01
4432.15
4214.46
4688.14
4485.04
4475.36
4518.16
4274.91
4413.65
4107.08
4256.71
4206.71
4357.43
4656.42
4329.27
4282.49
3997.11
4292
4207.08
4501.17
4166.72
4620.9
4443.3
4325.84
4387.57
4352.04
4356.77
4129.93
4508.37
4267.11
4456.95
4464.35
4405.18
4090.72
4587.58
4345.03
4377.12
4767.56
4435.55
4443.23
4176.55
4642.63
4221.76
4472.97
4573.32
4478.32
4324.37
4522.71
4107.25
4384.66
4299.18
4473.71
4489.13
4270.3
4636.39
4646.6
4585.84
4251.19
4418.6
4290.51
4736.39
4779.47
4511.32
4282.71
4357.32
4417.34
4454.98
4159.69
4306.97
4308.64
4437.5
4358.84
4294.19
4450.14
4596.22
4322.62
4767.6
4527.2
4503.49
4360.15
4426.03
4598.35
4472.95
4341.69
4425.26
4192.34
4467.58
4324.45
4342.41
4618.21
4465.62
4588.46
4518.24
4580.08
4526.3
4410
4453.76
4640.92
4535.69
4628.58
4488.78
4633.37
4291.67
4628.2
4482.45
4447.77
4225.67
4591.54
4462.31
4423.98
4346.56
4518.12
4369.1
4475.14
4849.93
4540.91
4360.84
4320.08
4350.1
4411.33
4285.61
4439.92
4874.52
4559.34
4271.67
4330.14
4523.73
4638.19
4692.39
4480.23
4386.15
4361.25
4362.82
4269.01
4404.87
4527.49
4570.99
4594.54
4408.25
4351.39
4473.41
4206.7
4553.24
4434.49
4577.24
4186.69
4571.06
4570.56
4247.69
4595.26
4478.25
4754.35
4391.32
4460.77
4477.29
4466.27
4405.57
4657.53
4381.36
4732.74
4439.03
4683.39
4433.01
4508.96
4676.59
4474.58
4683.43
4524.8
4538.27
4679.27
4740.52
4393.83
4639.66
4566.87
4618.57
4387.09
4577.98
4350.66
4299.8
4624.53
4552.16
4458.07
4575.97
4688.05
4516.27
4400.27
4397.96
4466.87
4673.04
4618.17
4557.16
4667.8
4242.88
4695.06
4500.54
4770.04
4469.8
4517.07
4618.76
4483.69
4495.13
4796.4
4811.33
4634.57
4605.7
4762.55
4660.81
4808.62
4488.65
4718.81
4230.75
4582.14
4710.18
4341.56
4356.77
4590.64
4778.22
4720.4
4544.45
4584.3
4534.02
4518.75
4226.25
4444.09
4539.7
4570.6
4676.3
4550.33
4415.31
4374.88
4597.75
4517.4
4640.44
4451.14
4816.84
4380.98
4379.61
4725.16
4568.54
4609.38
4393.31
4721.63
4758.72
4395.91
4635.77
4502.77
4472.29
4729.27
4498.33
4684.54
4528.64
4673.17
4544.93
4817.51
4309.83
4636.05
4414.96
4699.62
4591.35
4418.94
4508.16
4582.92
4324.06
4532.11
4761.57
4686.58
4451.88
4720.02
4384.29
4500.97
4488.59
4441.89
4543.25
4371.2
4765.31
4834.18
4435.75
4508.47
4628.71
4630.84
4762.67
4376.09
4379.97
4526.63
4711.19
4399.51
4396.67
4592.09
4611.73
4441.5
4528.69
4308.63
4555.71
4476.06
4374.94
4477.81
4538.99
4588.67
4410
4716.32
4770.32
4567.12
4569.64
4793.34
4583.46
4580.48
4535.25
4586.31
4678.13
4605.89
4835.42
4429
4845.64
4473.6
4784.36
4519.47
4493.72
4554.5
4667.59
4644.22
4371.26
4879.4
4716.12
4551.99
4489
4744.95
4787.15
4348.08
4555.98
4731.31
4476.98
4496.79
4736.86
4515.55
4605.01
4587.68
4657.87
4618.17
4868.06
4840.17
4834.8
4691.69
4581.96
4724.98
4596.29
4782.17
4778.6
4790.34
4796.76
4525.81
4799.23
4344.25
4529.21
4680.13
4867.03
4584.19
4406.41
4743.8
4494.65
4600.33
4894.5
4777.59
4539.69
4525.38
4305.23
4792.66
4896.08
4743.51
4837.59
4583.56
4534.71
4754.28
4913.54
4779.01
4399.58
4548.54
4548.96
4595.63
4652.74
4667.54
4658.12
4556.75
4852.73
4866.43
4733.4
4396.25
4620.29
4331.26
4646.69
4659.25
4620.72
4858.62
4971.3
4283.96
4481.25
4803.59
4680.71
4734.67
4491.62
4274.74
4908
4874.71
4523.1
4548.31
4759.07
4826.71
4790.65
4720.33
4446.42
4651
4724.06
4693.6
4920.11
4232.77
4578.36
4462.63
4697.2
4540.51
4461.28
4611.29
4764.4
4892.74
4864.03
4520.27
4538.12
4564.99
4574.49
4540.77
4489.43
4807.9
4650.83
4621.58
4791.07
4495.53
4987.16
4664.7
4947.77
4841.11
4633.73
4408.28
4543.77
4667.48
4811.43
4623.28
4686.93
4825.64
4686.84
4581.57
4625.3
4763.57
4739.1
4728.92
4690.23
4488.86
4942.26
4996.23
4782.8
4859.59
4667.69
4512.23
4694.48
4696.98
4964.17
4639.43
4785.66
4897.54
5000.49
4848.87
4342.03
4771.14
4653.1
4494.99
4558.3
4462.2
5000.26
4713.94
4739.49
4904.44
4745.59
4647.06
4821.94
4752.64
4528.98
4648.39
4629.28
4746
4729.81
4765.53
4782.06
4739.89
4527.68
4899.27
4716.15
4463.39
4954.18
4759.22
4739.27
4655.54
4860.01
4791.35
4753.83
4431.41
4708.68
4486.28
4461.22
4843.77
4837.19
4662.7
4712.48
4886.62
5015
4340.65
4623.5
4528.52
5160.27
4726.12
4639.96
4924.94
4746.36
4743.03
4592.22
4783.54
4740.16
4787.28
4797.49
4705.7
4749.56
4727.45
4855.33
4582.16
4828.09
4429.66
4843.29
4597.93
4728.9
4974.52
4545.16
4612.66
4719.1
4631.46
4700.26
4541.61
4708.83
4840.9
4903.44
4734.5
4778.99
4532.42
4677.68
4900.58
4779.84
4659.75
4552.85
4985.45
4692.99
4798.64
4816.54
4587.42
4621.33
4389.04
4830.4
4776.16
4974.83
5176.44
4759.85
4785.54
4993.28
5266.26
5102.85
4712.78
4803.73
4796.24
4864.07
4799.85
4829.01
4881.38
4923.41
4939.08
4529.66
4791.78
4637.45
4746.67
4823.29
4778.41
5131.84
5018.66
4918.3
5162.54
4888.81
4655.15
4736.26
4576.67
4825.28
4824.86
4604.19
4988.09
4618.05
4984.46
4599.1
4649.95
4681.41
4624.14
4647.33
4836.19
5041.5
4938.81
4718.86
4851.45
5038.66
5184.42
5160.64
4594.67
5058.75
4862.79
5174.69
4668.32
4895.41
4964.13
4743.39
4874.25
5052.85
5042.02
4862.56
4635.51
5007.28
4975.82
4741.71
4806.44
4942.11
4578.9
4865.49
5340.38
4529.26
4940.64
4698.6
5012.6
4747.13
4948.55
4683.71
4603.63
4829.76
4641.21
4683.07
4802.23
5105.63
4906.23
4799.95
4520.27
4902.67
5121.01
4991.71
4514.56
4840.67
4593.18
4681.83
4788.61
4840.36
4994.45
4867.79
4723.45
5189.51
4852.12
5092.38
4539.2
5022.18
4939.2
4973.49
4639.05
4703.64
4606.84
5170
4986.99
4944.91
4744.21
4504.03
4893.28
4935.15
4954.7
4879.29
4635.58
4693.77
5204.26
4781.94
4880.34
5028.64
4745
4702.74
4773.58
4962.78
5097.48
4558.4
4441.49
4773.44
4693.37
4763.52
4776.65
4977.16
4992.98
4648.13
4845.37
4517.45
4589.53
4666.99
4935.02
4929.03
5080.16
4835.53
4797.15
4536.79
4545.14
4879.66
4907.44
4729.16
4838.87
4736.77
4885.91
5042.14
4807.47
4805.56
4855.28
4755.01
4950.71
5002.57
4635.37
4867.12
4713.85
4830.22
5024.25
4539.7
5133.68
4820.62
4789.54
4708.54
5097.01
4846.39
4924.46
5114.42
4853.02
4374.02
4855.74
4786.57
4957.01
5033.3
4813.13
4950.69
4880.77
4858.74
4667.65
4982.88
5162.21
5192.21
4921.36
4600.99
4936.58
5039.94
4668.32
4720.3
4976.25
4814.41
4757.36
4884.29
4967.58
4868.5
5008.29
5320.94
4821.79
5291.37
4748.05
4880.44
4916.28
4762.02
4916.37
5122.93
5180.33
4816.45
4890.83
4848.48
5085.56
5174.78
4879.37
5002.85
4966.5
4836.37
4875.85
4923.29
5083.26
5044.75
4889.3
5085.58
4946.99
5040.63
5009.34
4873.48
4699.15
5115.73
4606.94
4653.95
4825.46
4999.17
4991.01
4839.03
4747.12
4784.26
4739.27
4799.75
5140.83
4805.53
4692.48
5053.43
4793.06
4998.29
4953.72
4789.68
4841.6
4924.64
5012.65
5025.26
4734.54
4866.22
4807.09
5180.69
4759.6
4310.08
4683.82
4785.17
5078.18
4705.41
4898.52
4860.82
4982.9
4537.49
5092.14
5173.43
4890.58
5081.31
4856.84
4935.76
4859.63
5027.4
5210.9
5187.42
4912.74
4634.4
5014.22
4705.81
5057.43
5112.32
5145.16
4954.91
5002.54
4961.38
4800.21
5172.11
5228.4
5245.56
4949.3
5179.41
5109.39
4909.43
4938.28
4910.39
5185.86
5194.34
5155.06
4927.32
5043.99
4979.27
4989.03
4709.72
4954.95
4830.86
5067.73
5100.44
5233.67
5257.42
5006.86
4951.31
4950.32
5171.25
4942.63
4856.59
4755.67
5085.25
4992.77
5036.1
5287.18
5132.67
5283.05
5043.75
5232.21
4908.89
5113.78
5018.16
5101.31
4802.33
5215.79
4750.52
4981.79
5105.38
5106.14
4956.4
5084.32
5227.84
5328.71
5244.01
4912.09
4894.05
4817.14
4928.09
5447.86
4896.9
4960.49
5049.78
4664.72
4766.73
5066.96
4915.36
4899.11
5002.01
5230.93
4911.99
5143.22
4980.53
5171.09
5128.34
5131.22
5308.32
4881.69
4976.86
4697.72
5042.18
4884.61
5077.13
5174.56
4802.73
5099.4
5240.39
4820.77
5078.49
4966.4
5094.72
4879.1
4896.88
5091.12
4914.98
5154.83
4895.51
5054.62
5069.48
4711.3
4911.24
4972.36
4963.32
5051.95
5270.83
5165.83
4788.99
4993.84
4891.37
4882.61
4835.06
5098.59
5218.53
5259.67
4715.33
4956.31
4767.44
5158.91
5194.54
5237.62
4891.74
4835.29
4839.48
4934.08
5201.54
5356.69
5031.29
5141.66
5079.16
5169.61
5327.12
4898.87
4951.01
4759.76
5216.38
5375.8
5056.53
4981.21
5097.42
5313.18
4790.02
5187.75
5560.91
5294.24
5243.76
5052.7
5155.83
5004.76
4985.38
5189.12
5023.69
4985.84
5016.65
5169.86
5267.61
5010.68
4921.16
5000.84
5004.78
5299.66
5343.29
5108.86
4999.73
5193.99
4731.77
5006.13
4729.01
4885.83
4946.03
5197.83
5061.27
5468.78
5503.11
5123.65
5118.04
5152.87
5277.49
5105.83
5352.62
5131.97
5157.45
5383.64
5460.34
5125.51
4958.14
5037.03
5378.64
5088.6
5259.78
5248.91
4910.83
5063.9
5235.14
5148.27
4870.63
5239.75
4917.78
4904.97
4899.02
4871.21
5176.87
4931.48
5183.39
5009.29
5391.38
5074.01
5135.22
5329.63
4992.16
5261.77
5062.66
5137.56
5220.32
4876.09
5080.54
5049.05
4879.23
5289.43
5336.37
5696.4
5080.21
5015.27
5121.69
5101.67
5225.81
5054.07
5104.49
5174.04
5161.35
5313.93
5214.16
5196.3
5274.87
5176.65
5309.18
5432.63
4799.03
5125.78
4628.91
5024.41
5096.73
5108.32
5271.88
5504.65
5413.35
4866.72
5044.66
5166.54
5070.19
5112.57
5053.03
5249.52
4906.91
5086.49
5015.28
5061.6
5039.8
5115.62
5014.33
5396.68
4925.37
4866.45
4991.53
5073.28
5151.39
5275.49
5239.34
5123.31
5341.65
5077.57
5357.67
5137.29
5529.44
5389.34
5507.97
5068.08
4929.23
4803.4
4979.3
5238.6
4820.18
5404.55
5005.66
5033.06
5164.7
5145.93
5212.16
5050.96
5415.78
5204.86
4737.17
5184.74
5114.41
4665.37
5187.11
4842.46
5186.79
5283.88
5542.77
5038.58
5134.36
5452.87
5487.03
5379.23
5151.86
5085.4
5074.35
5122.93
5020.47
5074.38
5015.53
5112.31
5111.49
5204.94
4702.01
5497.39
5120.59
5207.29
5009.56
5148.62
5141.62
5067.6
5115.67
4955.09
5113.6
5162.6
4796.68
5125.13
5083.58
5193.09
5108.33
5095.48
5201.62
5505.97
5289.98
5404.21
5257.56
5130.5
5236.69
5697.26
5331.31
5069.56
4980.62
5554.27
5025.35
4988.64
5084.35
4945.49
4835.15
4969.83
4979.27
5407.47
5355.48
5314.92
5153.98
4772.74
5312.92
4706.11
5064.48
5113.2
4945.87
5385.39
5601.06
4862.82
4991
5221.69
5116.5
5007.97
5180.23
5036.15
5290.66
5438.11
5149.46
5280.66
5039.23
4995.84
5147.19
5279.33
5184.98
5415.24
5538.39
4533.75
5333.18
5355.91
5164.05
5182.46
5408.57
5331.48
5315.46
4823.72
5218.64
5179.54
5058.29
5277.79
5132.28
4965.41
4997.66
4873.46
5400.81
5025.09
5540.57
5385.71
5319.93
4973.77
5223.27
5006.02
5377.74
5077.91
5215.47
5317.85
5361.86
5500.28
5250.22
5224.26
4912.04
5047.49
5349.2
5451.52
5390.31
4993.86
5097.78
5526.22
5205.46
5162.63
5577.8
5042.23
5120.83
5095.61
5515.81
5246.15
5379.12
5024.94
5359.26
5280.41
5387.78
5072.97
4937.38
4857.75
5033.8
5410.05
5029.74
4904.73
5566
5131.61
5006.88
5378.53
5219.74
5126.17
5173.76
5694.9
5074.72
5277.67
5052.42
5167.04
5285.81
5306.18
5069.77
5094.37
5233.07
5664.76
5286.13
5298.58
5054.13
5123.5
5068.59
5101.8
5360.02
5366.91
5278.83
5119.1
5214.94
4969.33
5217.71
5077.93
5272.43
5070.73
5236.86
5518.64
5566.4
5193.85
5225.47
5198.29
4973.89
4987.31
5192.83
5001.28
5186.9
4990.06
5220.63
5004.4
5224.59
5506.02
5147.82
5509.7
5437.8
5392.59
5129.5
5083.49
5171.02
5226.06
5063.97
5314.67
5344.13
5248.64
5262.12
5323.21
5382.14
5167.74
5645.71
5781.55
5359.96
4842.48
5371.28
5274.95
5546.1
5384.04
5216.35
5321.11
5203.07
5287.79
4827.5
5108.99
5578.51
5228.46
5296.47
5237.35
5432.6
5620.25
5509.24
5265.94
5314.42
5479.09
5289.38
5080.84
4861.01
5325.49
5164.61
5164.6
5093.03
4922.23
4966.67
5430.81
5287.33
5077.78
5222.98
5113.56
5454.1
5103.45
5487.54
5503.14
5354.49
4892.25
5165.27
5286.71
4924.66
5108.7
5150.47
5196.6
5408.81
5362.78
5082.7
5372.26
5674.2
5442.06
